25.0	
15.0	
28.0	
25.0	
14.0	
16.0	
16.0	
10.0	
5.0	
8.0	
11.0	
1.0	
6.0	
-2.0	
-17.0	
-1.0	
-1.0	
-4.0	
-27.0	
-36.0	
-23.0	
-30.0	
-37.0	
-33.0	
-36.0	
-25.0	
-28.0	
-32.0	
-34.0	
-40.0	
-50.0	
-47.0	
-61.0	
-60.0	
-68.0	
-79.0	
-88.0	
-82.0	
-84.0	
-90.0	
-94.0	
-83.0	
-93.0	
-101.0	
-105.0	
-100.0	
-122.0	
-120.0	
-104.0	
-128.0	
-143.0	
-128.0	
-126.0	
-134.0	
-145.0	
-154.0	
-151.0	
-160.0	
-172.0	
-178.0	
-170.0	
-166.0	
-165.0	
-172.0	
-176.0	
-177.0	
-186.0	
-183.0	
-192.0	
-202.0	
-207.0	
-206.0	
-202.0	
-215.0	
-228.0	
-225.0	
-220.0	
-216.0	
-223.0	
-231.0	
-230.0	
-236.0	
-255.0	
-252.0	
-268.0	
-275.0	
-286.0	
-268.0	
-278.0	
-281.0	
-287.0	
-291.0	
-297.0	
-302.0	
-313.0	
-318.0	
-319.0	
-314.0	
-307.0	
-313.0	
-334.0	
-335.0	
-346.0	
-347.0	
-356.0	
-365.0	
-354.0	
-369.0	
-370.0	
-376.0	
-369.0	
-376.0	
-395.0	
-386.0	
-374.0	
-381.0	
-391.0	
-400.0	
-388.0	
-395.0	
-398.0	
-405.0	
-421.0	
-429.0	
-425.0	
-416.0	
-424.0	
-425.0	
-428.0	
-433.0	
-446.0	
-439.0	
-443.0	
-451.0	
-465.0	
-466.0	
-456.0	
-459.0	
-468.0	
-461.0	
-445.0	
-462.0	
-472.0	
-459.0	
-467.0	
-472.0	
-472.0	
-470.0	
-474.0	
-482.0	
-479.0	
-489.0	
-486.0	
-494.0	
-497.0	
-495.0	
-502.0	
-504.0	
-507.0	
-509.0	
-510.0	
-508.0	
-517.0	
-515.0	
-512.0	
-511.0	
-510.0	
-510.0	
-523.0	
-523.0	
-510.0	
-509.0	
-517.0	
-507.0	
-507.0	
-498.0	
-508.0	
-516.0	
-515.0	
-512.0	
-512.0	
-510.0	
-520.0	
-510.0	
-499.0	
-509.0	
-517.0	
-508.0	
-498.0	
-500.0	
-504.0	
-515.0	
-505.0	
-511.0	
-516.0	
-506.0	
-505.0	
-500.0	
-499.0	
-507.0	
-497.0	
-495.0	
-506.0	
-498.0	
-486.0	
-494.0	
-492.0	
-486.0	
-478.0	
-476.0	
-489.0	
-477.0	
-468.0	
-473.0	
-473.0	
-474.0	
-468.0	
-463.0	
-462.0	
-448.0	
-451.0	
-452.0	
-445.0	
-462.0	
-470.0	
-453.0	
-442.0	
-460.0	
-455.0	
-453.0	
-455.0	
-445.0	
-452.0	
-443.0	
-437.0	
-442.0	
-431.0	
-430.0	
-434.0	
-408.0	
-408.0	
-416.0	
-398.0	
-404.0	
-407.0	
-402.0	
-404.0	
-397.0	
-381.0	
-392.0	
-401.0	
-390.0	
-379.0	
-374.0	
-373.0	
-373.0	
-363.0	
-386.0	
-376.0	
-356.0	
-371.0	
-371.0	
-359.0	
-351.0	
-352.0	
-349.0	
-349.0	
-342.0	
-347.0	
-341.0	
-334.0	
-336.0	
-317.0	
-315.0	
-323.0	
-326.0	
-326.0	
-295.0	
-299.0	
-299.0	
-297.0	
-298.0	
-293.0	
-293.0	
-286.0	
-276.0	
-281.0	
-272.0	
-281.0	
-280.0	
-272.0	
-272.0	
-255.0	
-269.0	
-256.0	
-264.0	
-257.0	
-241.0	
-238.0	
-240.0	
-232.0	
-232.0	
-232.0	
-236.0	
-228.0	
-230.0	
-218.0	
-216.0	
-209.0	
-199.0	
-204.0	
-201.0	
-188.0	
-185.0	
-195.0	
-181.0	
-185.0	
-195.0	
-181.0	
-180.0	
-165.0	
-165.0	
-168.0	
-170.0	
-157.0	
-143.0	
-161.0	
-157.0	
-140.0	
-134.0	
-138.0	
-135.0	
-133.0	
-137.0	
-125.0	
-110.0	
-118.0	
-110.0	
-116.0	
-103.0	
-108.0	
-100.0	
-89.0	
-99.0	
-99.0	
-95.0	
-90.0	
-107.0	
-99.0	
-83.0	
-87.0	
-81.0	
-76.0	
-79.0	
-88.0	
-91.0	
-83.0	
-68.0	
-78.0	
-78.0	
-82.0	
-81.0	
-75.0	
-71.0	
-72.0	
-60.0	
-59.0	
-57.0	
-59.0	
-48.0	
-64.0	
-66.0	
-50.0	
-42.0	
-47.0	
-61.0	
-43.0	
-39.0	
-35.0	
-40.0	
-34.0	
-30.0	
-23.0	
-16.0	
-29.0	
-40.0	
-32.0	
-23.0	
-24.0	
-27.0	
-20.0	
-6.0	
-27.0	
-31.0	
-26.0	
-20.0	
-21.0	
-27.0	
-19.0	
-23.0	
-16.0	
-3.0	
-4.0	
-18.0	
3.0	
4.0	
-13.0	
3.0	
-1.0	
-11.0	
-4.0	
11.0	
6.0	
3.0	
5.0	
7.0	
1.0	
-2.0	
6.0	
7.0	
11.0	
8.0	
2.0	
18.0	
16.0	
19.0	
18.0	
18.0	
22.0	
20.0	
35.0	
25.0	
22.0	
35.0	
22.0	
30.0	
26.0	
19.0	
22.0	
23.0	
29.0	
37.0	
43.0	
44.0	
35.0	
28.0	
37.0	
31.0	
49.0	
36.0	
29.0	
42.0	
47.0	
53.0	
39.0	
35.0	
40.0	
48.0	
44.0	
46.0	
51.0	
47.0	
39.0	
51.0	
51.0	
52.0	
57.0	
45.0	
44.0	
52.0	
60.0	
65.0	
65.0	
63.0	
59.0	
57.0	
62.0	
76.0	
68.0	
85.0	
71.0	
66.0	
82.0	
81.0	
79.0	
80.0	
78.0	
78.0	
80.0	
89.0	
93.0	
90.0	
88.0	
86.0	
86.0	
82.0	
99.0	
99.0	
96.0	
105.0	
101.0	
102.0	
107.0	
118.0	
123.0	
114.0	
125.0	
123.0	
108.0	
124.0	
130.0	
128.0	
118.0	
115.0	
129.0	
135.0	
129.0	
135.0	
133.0	
135.0	
133.0	
138.0	
130.0	
135.0	
142.0	
148.0	
139.0	
148.0	
153.0	
150.0	
154.0	
149.0	
141.0	
143.0	
140.0	
150.0	
157.0	
156.0	
161.0	
157.0	
164.0	
169.0	
161.0	
154.0	
160.0	
171.0	
166.0	
177.0	
167.0	
169.0	
182.0	
181.0	
184.0	
199.0	
192.0	
183.0	
183.0	
174.0	
181.0	
177.0	
197.0	
208.0	
201.0	
193.0	
199.0	
205.0	
203.0	
194.0	
198.0	
201.0	
210.0	
213.0	
205.0	
216.0	
215.0	
212.0	
226.0	
221.0	
213.0	
217.0	
218.0	
222.0	
235.0	
232.0	
226.0	
215.0	
236.0	
232.0	
226.0	
226.0	
230.0	
229.0	
235.0	
235.0	
241.0	
229.0	
227.0	
238.0	
237.0	
246.0	
242.0	
241.0	
244.0	
245.0	
250.0	
246.0	
249.0	
253.0	
253.0	
248.0	
241.0	
244.0	
249.0	
255.0	
244.0	
240.0	
243.0	
245.0	
256.0	
248.0	
250.0	
248.0	
256.0	
259.0	
263.0	
275.0	
257.0	
267.0	
280.0	
252.0	
268.0	
264.0	
256.0	
265.0	
251.0	
249.0	
252.0	
250.0	
256.0	
268.0	
260.0	
264.0	
265.0	
252.0	
260.0	
257.0	
257.0	
262.0	
260.0	
263.0	
253.0	
262.0	
260.0	
276.0	
263.0	
262.0	
282.0	
267.0	
275.0	
268.0	
254.0	
262.0	
268.0	
269.0	
271.0	
264.0	
263.0	
275.0	
272.0	
269.0	
279.0	
264.0	
279.0	
270.0	
270.0	
267.0	
239.0	
255.0	
270.0	
267.0	
263.0	
264.0	
264.0	
272.0	
279.0	
273.0	
279.0	
264.0	
259.0	
265.0	
271.0	
267.0	
264.0	
266.0	
273.0	
277.0	
273.0	
254.0	
248.0	
267.0	
281.0	
280.0	
275.0	
276.0	
266.0	
275.0	
273.0	
270.0	
274.0	
280.0	
268.0	
269.0	
268.0	
276.0	
274.0	
266.0	
253.0	
259.0	
264.0	
267.0	
272.0	
264.0	
255.0	
255.0	
265.0	
260.0	
259.0	
264.0	
264.0	
269.0	
263.0	
266.0	
271.0	
260.0	
262.0	
264.0	
258.0	
260.0	
257.0	
259.0	
255.0	
263.0	
270.0	
255.0	
262.0	
259.0	
257.0	
260.0	
251.0	
250.0	
256.0	
247.0	
263.0	
258.0	
247.0	
247.0	
251.0	
264.0	
251.0	
253.0	
247.0	
234.0	
248.0	
262.0	
250.0	
244.0	
246.0	
251.0	
244.0	
246.0	
244.0	
235.0	
251.0	
235.0	
244.0	
237.0	
232.0	
233.0	
237.0	
249.0	
240.0	
236.0	
239.0	
247.0	
236.0	
241.0	
243.0	
230.0	
239.0	
231.0	
243.0	
235.0	
225.0	
233.0	
237.0	
230.0	
244.0	
231.0	
229.0	
230.0	
238.0	
238.0	
228.0	
238.0	
243.0	
229.0	
228.0	
229.0	
238.0	
242.0	
239.0	
223.0	
230.0	
237.0	
229.0	
222.0	
223.0	
224.0	
236.0	
220.0	
219.0	
219.0	
218.0	
216.0	
213.0	
218.0	
214.0	
219.0	
213.0	
225.0	
218.0	
216.0	
214.0	
208.0	
202.0	
208.0	
206.0	
191.0	
194.0	
201.0	
196.0	
200.0	
201.0	
200.0	
202.0	
197.0	
194.0	
208.0	
205.0	
205.0	
210.0	
201.0	
196.0	
192.0	
197.0	
193.0	
197.0	
194.0	
198.0	
201.0	
186.0	
176.0	
183.0	
187.0	
195.0	
177.0	
173.0	
176.0	
190.0	
177.0	
172.0	
181.0	
171.0	
163.0	
169.0	
189.0	
177.0	
166.0	
166.0	
170.0	
167.0	
165.0	
169.0	
174.0	
162.0	
178.0	
175.0	
160.0	
166.0	
161.0	
160.0	
159.0	
173.0	
165.0	
164.0	
156.0	
156.0	
153.0	
143.0	
152.0	
152.0	
153.0	
157.0	
159.0	
137.0	
146.0	
143.0	
138.0	
147.0	
146.0	
140.0	
135.0	
138.0	
120.0	
131.0	
141.0	
133.0	
137.0	
127.0	
131.0	
134.0	
141.0	
132.0	
129.0	
124.0	
126.0	
138.0	
112.0	
118.0	
121.0	
113.0	
120.0	
108.0	
121.0	
129.0	
112.0	
110.0	
112.0	
110.0	
103.0	
108.0	
114.0	
112.0	
95.0	
97.0	
87.0	
103.0	
107.0	
104.0	
104.0	
93.0	
94.0	
86.0	
94.0	
95.0	
93.0	
103.0	
110.0	
104.0	
92.0	
81.0	
81.0	
88.0	
93.0	
90.0	
84.0	
81.0	
88.0	
78.0	
77.0	
80.0	
68.0	
71.0	
80.0	
87.0	
77.0	
69.0	
73.0	
78.0	
70.0	
81.0	
75.0	
62.0	
66.0	
47.0	
61.0	
51.0	
57.0	
51.0	
52.0	
69.0	
65.0	
48.0	
59.0	
60.0	
58.0	
61.0	
57.0	
53.0	
55.0	
56.0	
53.0	
51.0	
45.0	
37.0	
45.0	
34.0	
39.0	
43.0	
43.0	
48.0	
40.0	
35.0	
33.0	
36.0	
41.0	
35.0	
26.0	
25.0	
23.0	
29.0	
30.0	
21.0	
21.0	
18.0	
20.0	
25.0	
15.0	
37.0	
24.0	
24.0	
27.0	
18.0	
21.0	
13.0	
13.0	
22.0	
23.0	
9.0	
16.0	
29.0	
23.0	
15.0	
3.0	
20.0	
17.0	
6.0	
6.0	
0.0	
12.0	
10.0	
7.0	
20.0	
4.0	
5.0	
1.0	
5.0	
9.0	
11.0	
18.0	
11.0	
-3.0	
-1.0	
-1.0	
-5.0	
-10.0	
5.0	
0.0	
2.0	
7.0	
-7.0	
-5.0	
2.0	
-1.0	
-6.0	
1.0	
0.0	
-2.0	
-4.0	
1.0	
-7.0	
-17.0	
-6.0	
-10.0	
-5.0	
-9.0	
-4.0	
4.0	
10.0	
-13.0	
-2.0	
-10.0	
-15.0	
-5.0	
-2.0	
-26.0	
-34.0	
-21.0	
-8.0	
-8.0	
-5.0	
-13.0	
-15.0	
-8.0	
-6.0	
4.0	
-8.0	
-8.0	
-6.0	
-18.0	
-13.0	
-15.0	
-12.0	
-11.0	
-10.0	
4.0	
-6.0	
-15.0	
-20.0	
-18.0	
-20.0	
-22.0	
-19.0	
-24.0	
-30.0	
-32.0	
-12.0	
-14.0	
-34.0	
-27.0	
-24.0	
-12.0	
-23.0	
-22.0	
-27.0	
-18.0	
-12.0	
-24.0	
-26.0	
-24.0	
-17.0	
-4.0	
-15.0	
-28.0	
-14.0	
-14.0	
-18.0	
-24.0	
-30.0	
-21.0	
-22.0	
-19.0	
-17.0	
-28.0	
-20.0	
-31.0	
-38.0	
-34.0	
-26.0	
-26.0	
-31.0	
-31.0	
-31.0	
-35.0	
-34.0	
-37.0	
-34.0	
-17.0	
-29.0	
-30.0	
-32.0	
-47.0	
-26.0	
-27.0	
-39.0	
-25.0	
-33.0	
-47.0	
-37.0	
-26.0	
-38.0	
-43.0	
-44.0	
-38.0	
-26.0	
-33.0	
-21.0	
-23.0	
-20.0	
-30.0	
-32.0	
-35.0	
-39.0	
-45.0	
-41.0	
-49.0	
-37.0	
-34.0	
-38.0	
-29.0	
-39.0	
-53.0	
-41.0	
-38.0	
-49.0	
-51.0	
-53.0	
-50.0	
-54.0	
-42.0	
-43.0	
-48.0	
-43.0	
-42.0	
-38.0	
-39.0	
-44.0	
-41.0	
-53.0	
-61.0	
-43.0	
-53.0	
-51.0	
-53.0	
-50.0	
-50.0	
-44.0	
-49.0	
-57.0	
-47.0	
-51.0	
-61.0	
-56.0	
-50.0	
-45.0	
-40.0	
-44.0	
-49.0	
-47.0	
-51.0	
-44.0	
-65.0	
-63.0	
-41.0	
-58.0	
-64.0	
-59.0	
-48.0	
-51.0	
-51.0	
-53.0	
-40.0	
-42.0	
-42.0	
-45.0	
-45.0	
-36.0	
-36.0	
-49.0	
-36.0	
-35.0	
-41.0	
-51.0	
-48.0	
-40.0	
-32.0	
-37.0	
-51.0	
-40.0	
-39.0	
-52.0	
-44.0	
-31.0	
-51.0	
-54.0	
-43.0	
-41.0	
-46.0	
-45.0	
-43.0	
-56.0	
-52.0	
-38.0	
-35.0	
-42.0	
-35.0	
-38.0	
-38.0	
-34.0	
-34.0	
-32.0	
-41.0	
-41.0	
-31.0	
-37.0	
-40.0	
-36.0	
-45.0	
-45.0	
-42.0	
-45.0	
-43.0	
-29.0	
-37.0	
-42.0	
-31.0	
-36.0	
-34.0	
-39.0	
-36.0	
-35.0	
-40.0	
-38.0	
-32.0	
-35.0	
-44.0	
-49.0	
-37.0	
-34.0	
-42.0	
-19.0	
-12.0	
-17.0	
-19.0	
-22.0	
-27.0	
-26.0	
-26.0	
-21.0	
-12.0	
-24.0	
-30.0	
-27.0	
-27.0	
-27.0	
-20.0	
-22.0	
-37.0	
-29.0	
-22.0	
-20.0	
-22.0	
-21.0	
-19.0	
-39.0	
-38.0	
-31.0	
-31.0	
-33.0	
-20.0	
-13.0	
-21.0	
-33.0	
-17.0	
-24.0	
-19.0	
-19.0	
-16.0	
-23.0	
-25.0	
-24.0	
-31.0	
-35.0	
-28.0	
-28.0	
-23.0	
-18.0	
-4.0	
-6.0	
-24.0	
-18.0	
-18.0	
-21.0	
-25.0	
-19.0	
-10.0	
0.0	
-5.0	
-3.0	
-12.0	
-11.0	
-13.0	
-19.0	
-7.0	
-19.0	
-22.0	
-11.0	
-16.0	
-17.0	
-17.0	
-14.0	
-18.0	
-17.0	
-18.0	
-27.0	
-23.0	
-24.0	
-16.0	
-28.0	
-22.0	
-9.0	
-28.0	
-17.0	
-12.0	
-19.0	
-14.0	
-18.0	
-19.0	
-14.0	
0.0	
-1.0	
