5.0	
17.0	
14.0	
10.0	
7.0	
15.0	
3.0	
11.0	
3.0	
2.0	
5.0	
-5.0	
-5.0	
0.0	
-6.0	
-14.0	
-9.0	
-26.0	
-30.0	
-14.0	
-12.0	
-26.0	
-28.0	
-40.0	
-29.0	
-39.0	
-33.0	
-32.0	
-37.0	
-42.0	
-57.0	
-61.0	
-59.0	
-62.0	
-85.0	
-85.0	
-71.0	
-70.0	
-84.0	
-86.0	
-75.0	
-78.0	
-78.0	
-90.0	
-95.0	
-97.0	
-102.0	
-86.0	
-93.0	
-95.0	
-108.0	
-115.0	
-119.0	
-107.0	
-112.0	
-123.0	
-123.0	
-117.0	
-137.0	
-139.0	
-144.0	
-158.0	
-135.0	
-138.0	
-147.0	
-144.0	
-158.0	
-159.0	
-156.0	
-149.0	
-168.0	
-184.0	
-182.0	
-186.0	
-170.0	
-169.0	
-176.0	
-189.0	
-196.0	
-188.0	
-189.0	
-189.0	
-195.0	
-207.0	
-207.0	
-203.0	
-192.0	
-204.0	
-200.0	
-205.0	
-216.0	
-223.0	
-223.0	
-217.0	
-223.0	
-216.0	
-206.0	
-210.0	
-220.0	
-220.0	
-223.0	
-226.0	
-214.0	
-223.0	
-219.0	
-202.0	
-214.0	
-230.0	
-221.0	
-212.0	
-211.0	
-198.0	
-203.0	
-205.0	
-221.0	
-218.0	
-211.0	
-216.0	
-209.0	
-190.0	
-198.0	
-218.0	
-213.0	
-204.0	
-210.0	
-207.0	
-198.0	
-195.0	
-192.0	
-197.0	
-185.0	
-183.0	
-187.0	
-182.0	
-186.0	
-175.0	
-164.0	
-158.0	
-172.0	
-168.0	
-168.0	
-165.0	
-158.0	
-157.0	
-162.0	
-154.0	
-157.0	
-159.0	
-153.0	
-147.0	
-146.0	
-146.0	
-144.0	
-143.0	
-139.0	
-140.0	
-132.0	
-128.0	
-111.0	
-120.0	
-116.0	
-112.0	
-100.0	
-106.0	
-121.0	
-110.0	
-99.0	
-99.0	
-102.0	
-80.0	
-83.0	
-83.0	
-78.0	
-81.0	
-71.0	
-56.0	
-53.0	
-53.0	
-45.0	
-41.0	
-30.0	
-30.0	
-29.0	
-36.0	
-42.0	
-25.0	
-18.0	
-2.0	
7.0	
0.0	
14.0	
20.0	
8.0	
8.0	
13.0	
19.0	
45.0	
55.0	
41.0	
43.0	
51.0	
57.0	
68.0	
68.0	
70.0	
89.0	
83.0	
82.0	
80.0	
105.0	
93.0	
87.0	
95.0	
116.0	
119.0	
122.0	
114.0	
126.0	
135.0	
142.0	
154.0	
150.0	
150.0	
155.0	
146.0	
160.0	
176.0	
167.0	
180.0	
184.0	
182.0	
187.0	
188.0	
200.0	
193.0	
204.0	
207.0	
206.0	
215.0	
214.0	
208.0	
213.0	
218.0	
218.0	
226.0	
218.0	
230.0	
219.0	
221.0	
233.0	
235.0	
237.0	
247.0	
237.0	
243.0	
229.0	
242.0	
253.0	
258.0	
256.0	
262.0	
269.0	
268.0	
272.0	
278.0	
265.0	
263.0	
268.0	
272.0	
265.0	
266.0	
270.0	
264.0	
272.0	
272.0	
272.0	
279.0	
286.0	
268.0	
283.0	
290.0	
274.0	
275.0	
278.0	
272.0	
282.0	
278.0	
266.0	
277.0	
282.0	
273.0	
262.0	
269.0	
273.0	
260.0	
262.0	
257.0	
266.0	
270.0	
259.0	
254.0	
265.0	
253.0	
251.0	
246.0	
248.0	
246.0	
252.0	
257.0	
254.0	
233.0	
234.0	
222.0	
222.0	
227.0	
237.0	
231.0	
232.0	
224.0	
208.0	
219.0	
213.0	
220.0	
226.0	
213.0	
195.0	
186.0	
198.0	
204.0	
212.0	
208.0	
196.0	
183.0	
174.0	
177.0	
174.0	
181.0	
174.0	
170.0	
172.0	
175.0	
169.0	
170.0	
167.0	
157.0	
159.0	
172.0	
161.0	
158.0	
144.0	
141.0	
135.0	
134.0	
133.0	
131.0	
128.0	
125.0	
126.0	
111.0	
103.0	
126.0	
122.0	
110.0	
103.0	
119.0	
100.0	
90.0	
98.0	
100.0	
92.0	
98.0	
77.0	
79.0	
82.0	
71.0	
73.0	
76.0	
68.0	
73.0	
72.0	
62.0	
69.0	
57.0	
56.0	
50.0	
56.0	
48.0	
50.0	
43.0	
43.0	
56.0	
50.0	
41.0	
39.0	
36.0	
22.0	
33.0	
38.0	
29.0	
17.0	
20.0	
31.0	
16.0	
16.0	
14.0	
11.0	
0.0	
0.0	
-1.0	
-4.0	
0.0	
-9.0	
-7.0	
-3.0	
-1.0	
-13.0	
-13.0	
-5.0	
2.0	
2.0	
-14.0	
-6.0	
-12.0	
-18.0	
-17.0	
-12.0	
-18.0	
-30.0	
-14.0	
-23.0	
-24.0	
-15.0	
-23.0	
-26.0	
-39.0	
-28.0	
-22.0	
-20.0	
-29.0	
-25.0	
-3.0	
-4.0	
-16.0	
-17.0	
-19.0	
-6.0	
-17.0	
-11.0	
0.0	
-13.0	
-30.0	
-27.0	
-24.0	
-26.0	
-20.0	
-12.0	
-7.0	
-14.0	
-31.0	
-34.0	
-20.0	
-10.0	
-7.0	
-4.0	
-6.0	
-10.0	
-9.0	
-13.0	
-19.0	
-16.0	
-6.0	
-3.0	
-14.0	
-10.0	
-10.0	
-24.0	
-19.0	
-14.0	
1.0	
-4.0	
-13.0	
-9.0	
-12.0	
-19.0	
-9.0	
-1.0	
5.0	
9.0	
9.0	
6.0	
-1.0	
-1.0	
8.0	
0.0	
-1.0	
-4.0	
3.0	
-1.0	
-1.0	
2.0	
-1.0	
-8.0	
2.0	
5.0	
1.0	
1.0	
0.0	
1.0	
9.0	
7.0	
15.0	
23.0	
15.0	
19.0	
10.0	
3.0	
21.0	
