-36.0	
-31.0	
-15.0	
-18.0	
-7.0	
-1.0	
13.0	
20.0	
32.0	
40.0	
48.0	
62.0	
72.0	
77.0	
87.0	
96.0	
90.0	
113.0	
123.0	
112.0	
120.0	
134.0	
154.0	
151.0	
156.0	
178.0	
191.0	
192.0	
187.0	
207.0	
216.0	
228.0	
233.0	
229.0	
237.0	
255.0	
265.0	
272.0	
277.0	
277.0	
286.0	
301.0	
300.0	
310.0	
335.0	
338.0	
343.0	
348.0	
345.0	
349.0	
350.0	
350.0	
362.0	
361.0	
369.0	
383.0	
395.0	
408.0	
405.0	
406.0	
413.0	
411.0	
422.0	
427.0	
439.0	
453.0	
450.0	
430.0	
454.0	
474.0	
474.0	
472.0	
473.0	
479.0	
490.0	
493.0	
492.0	
496.0	
497.0	
503.0	
503.0	
510.0	
502.0	
519.0	
531.0	
531.0	
533.0	
531.0	
548.0	
549.0	
534.0	
543.0	
557.0	
553.0	
539.0	
539.0	
558.0	
557.0	
553.0	
554.0	
554.0	
553.0	
549.0	
563.0	
564.0	
552.0	
563.0	
563.0	
562.0	
570.0	
576.0	
586.0	
560.0	
555.0	
573.0	
572.0	
565.0	
574.0	
577.0	
567.0	
558.0	
556.0	
556.0	
561.0	
558.0	
553.0	
552.0	
544.0	
552.0	
562.0	
554.0	
543.0	
536.0	
541.0	
548.0	
535.0	
530.0	
521.0	
533.0	
529.0	
529.0	
519.0	
507.0	
518.0	
515.0	
519.0	
507.0	
492.0	
498.0	
497.0	
496.0	
482.0	
483.0	
476.0	
468.0	
458.0	
453.0	
452.0	
457.0	
452.0	
436.0	
435.0	
434.0	
434.0	
416.0	
402.0	
400.0	
397.0	
382.0	
366.0	
386.0	
368.0	
366.0	
358.0	
352.0	
350.0	
327.0	
309.0	
319.0	
320.0	
316.0	
307.0	
292.0	
290.0	
295.0	
277.0	
260.0	
250.0	
239.0	
249.0	
229.0	
224.0	
224.0	
206.0	
202.0	
194.0	
191.0	
191.0	
184.0	
165.0	
154.0	
150.0	
129.0	
122.0	
112.0	
109.0	
109.0	
97.0	
102.0	
88.0	
79.0	
67.0	
65.0	
50.0	
44.0	
41.0	
34.0	
35.0	
25.0	
27.0	
16.0	
3.0	
12.0	
4.0	
0.0	
-10.0	
-15.0	
-16.0	
-40.0	
-44.0	
-47.0	
-42.0	
-46.0	
-52.0	
-65.0	
-68.0	
-66.0	
-66.0	
-73.0	
-84.0	
-89.0	
-84.0	
-86.0	
-90.0	
-100.0	
-112.0	
-120.0	
-113.0	
-125.0	
-122.0	
-123.0	
-139.0	
-135.0	
-136.0	
-148.0	
-147.0	
-152.0	
-147.0	
-147.0	
-142.0	
-156.0	
-163.0	
-180.0	
-176.0	
-160.0	
-170.0	
-164.0	
-163.0	
-172.0	
-182.0	
-192.0	
-190.0	
-185.0	
-183.0	
-192.0	
-195.0	
-192.0	
-189.0	
-194.0	
-193.0	
-186.0	
-191.0	
-182.0	
-184.0	
-188.0	
-187.0	
-186.0	
-187.0	
-189.0	
-191.0	
-198.0	
-187.0	
-189.0	
-201.0	
-193.0	
-186.0	
-187.0	
-182.0	
-175.0	
-171.0	
-158.0	
-177.0	
-181.0	
-167.0	
-164.0	
-155.0	
-152.0	
-147.0	
-149.0	
-136.0	
-140.0	
-144.0	
-132.0	
-128.0	
-127.0	
-122.0	
-127.0	
-123.0	
-111.0	
-105.0	
-103.0	
-109.0	
-110.0	
-119.0	
-99.0	
-94.0	
-106.0	
-94.0	
-79.0	
-73.0	
-86.0	
-62.0	
-58.0	
-60.0	
-46.0	
-48.0	
-49.0	
-23.0	
-23.0	
-23.0	
-41.0	
-24.0	
-16.0	
-25.0	
-9.0	
-4.0	
1.0	
13.0	
19.0	
1.0	
9.0	
1.0	
16.0	
30.0	
40.0	
38.0	
36.0	
37.0	
50.0	
57.0	
60.0	
69.0	
72.0	
83.0	
94.0	
94.0	
93.0	
89.0	
94.0	
113.0	
105.0	
100.0	
122.0	
115.0	
113.0	
126.0	
118.0	
134.0	
131.0	
139.0	
158.0	
147.0	
157.0	
169.0	
175.0	
166.0	
159.0	
176.0	
175.0	
196.0	
201.0	
185.0	
198.0	
208.0	
212.0	
214.0	
214.0	
233.0	
227.0	
236.0	
237.0	
231.0	
243.0	
255.0	
240.0	
230.0	
240.0	
241.0	
244.0	
243.0	
254.0	
260.0	
270.0	
257.0	
259.0	
276.0	
283.0	
283.0	
280.0	
273.0	
276.0	
278.0	
297.0	
292.0	
285.0	
297.0	
299.0	
295.0	
302.0	
306.0	
312.0	
305.0	
309.0	
308.0	
317.0	
310.0	
297.0	
291.0	
300.0	
315.0	
308.0	
312.0	
309.0	
309.0	
319.0	
296.0	
306.0	
314.0	
306.0	
303.0	
307.0	
314.0	
314.0	
313.0	
303.0	
292.0	
293.0	
311.0	
306.0	
294.0	
304.0	
297.0	
303.0	
303.0	
292.0	
290.0	
294.0	
305.0	
306.0	
299.0	
292.0	
289.0	
286.0	
280.0	
282.0	
291.0	
279.0	
272.0	
270.0	
269.0	
279.0	
277.0	
268.0	
254.0	
263.0	
259.0	
259.0	
260.0	
235.0	
248.0	
238.0	
247.0	
243.0	
224.0	
240.0	
225.0	
222.0	
223.0	
217.0	
232.0	
227.0	
214.0	
216.0	
214.0	
210.0	
214.0	
209.0	
199.0	
199.0	
200.0	
188.0	
199.0	
197.0	
186.0	
180.0	
189.0	
190.0	
175.0	
167.0	
173.0	
172.0	
158.0	
158.0	
154.0	
157.0	
160.0	
146.0	
147.0	
138.0	
136.0	
143.0	
138.0	
134.0	
139.0	
127.0	
132.0	
126.0	
125.0	
126.0	
-34.0	
