-61.0	
-60.0	
-67.0	
-46.0	
-54.0	
-79.0	
-61.0	
-62.0	
-80.0	
-77.0	
-80.0	
-73.0	
-59.0	
-83.0	
-85.0	
-69.0	
-73.0	
-76.0	
-98.0	
-103.0	
-101.0	
-83.0	
-75.0	
-84.0	
-86.0	
-89.0	
-89.0	
-104.0	
-95.0	
-100.0	
-113.0	
-97.0	
-97.0	
-101.0	
-104.0	
-103.0	
-99.0	
-112.0	
-97.0	
-111.0	
-108.0	
-108.0	
-106.0	
-101.0	
-110.0	
-118.0	
-106.0	
-110.0	
-116.0	
-111.0	
-112.0	
-117.0	
-125.0	
-132.0	
-113.0	
-112.0	
-122.0	
-117.0	
-111.0	
-104.0	
-122.0	
-124.0	
-117.0	
-107.0	
-124.0	
-123.0	
-106.0	
-102.0	
-129.0	
-135.0	
-126.0	
-130.0	
-139.0	
-148.0	
-135.0	
-109.0	
-116.0	
-116.0	
-115.0	
-129.0	
-133.0	
-115.0	
-119.0	
-125.0	
-120.0	
-127.0	
-126.0	
-130.0	
-129.0	
-127.0	
-129.0	
-123.0	
-128.0	
-122.0	
-137.0	
-130.0	
-127.0	
-131.0	
-142.0	
-135.0	
-116.0	
-119.0	
-129.0	
-127.0	
-117.0	
-116.0	
-131.0	
-121.0	
-113.0	
-110.0	
-110.0	
-107.0	
-107.0	
-112.0	
-116.0	
-102.0	
-104.0	
-96.0	
-103.0	
-110.0	
-109.0	
-117.0	
-118.0	
-104.0	
-96.0	
-106.0	
-111.0	
-111.0	
-99.0	
-89.0	
-101.0	
-97.0	
-92.0	
-91.0	
-93.0	
-99.0	
-99.0	
-71.0	
-80.0	
-91.0	
-84.0	
-77.0	
-86.0	
-99.0	
-98.0	
-85.0	
-94.0	
-76.0	
-84.0	
-100.0	
-95.0	
-72.0	
-74.0	
-68.0	
-77.0	
-64.0	
-48.0	
-64.0	
-62.0	
-77.0	
-63.0	
-67.0	
-78.0	
-64.0	
-54.0	
-44.0	
-62.0	
-57.0	
-53.0	
-43.0	
-47.0	
-46.0	
-55.0	
-39.0	
-37.0	
-38.0	
-35.0	
-49.0	
-42.0	
-30.0	
-44.0	
-34.0	
-29.0	
-33.0	
-38.0	
-45.0	
-42.0	
-38.0	
-34.0	
-23.0	
-24.0	
-28.0	
-28.0	
-24.0	
-14.0	
-20.0	
-26.0	
-24.0	
-13.0	
-20.0	
-21.0	
-16.0	
-18.0	
-19.0	
-6.0	
-9.0	
-11.0	
-13.0	
-10.0	
-1.0	
0.0	
16.0	
3.0	
-6.0	
-4.0	
-5.0	
0.0	
0.0	
0.0	
5.0	
11.0	
0.0	
-2.0	
-8.0	
-4.0	
10.0	
10.0	
4.0	
6.0	
1.0	
0.0	
-7.0	
0.0	
-1.0	
3.0	
12.0	
13.0	
-1.0	
0.0	
-2.0	
1.0	
0.0	
2.0	
9.0	
2.0	
3.0	
0.0	
1.0	
4.0	
5.0	
-1.0	
0.0	
0.0	
21.0	
17.0	
4.0	
-1.0	
0.0	
6.0	
0.0	
5.0	
3.0	
-15.0	
-8.0	
-17.0	
-26.0	
-12.0	
-12.0	
-11.0	
-3.0	
-3.0	
1.0	
-1.0	
-16.0	
-10.0	
-15.0	
-19.0	
-12.0	
-3.0	
-2.0	
-7.0	
-14.0	
-6.0	
-14.0	
-20.0	
-14.0	
-20.0	
-34.0	
-21.0	
-13.0	
-17.0	
-25.0	
-29.0	
-44.0	
-25.0	
-37.0	
-54.0	
-35.0	
-23.0	
-41.0	
-28.0	
-25.0	
-31.0	
-34.0	
-34.0	
-38.0	
-33.0	
-26.0	
-27.0	
-33.0	
-45.0	
-46.0	
-38.0	
-28.0	
-19.0	
-26.0	
-40.0	
-34.0	
-30.0	
-51.0	
-56.0	
-42.0	
-44.0	
-52.0	
-51.0	
-46.0	
-46.0	
-55.0	
-61.0	
-53.0	
-52.0	
-61.0	
-57.0	
-67.0	
-63.0	
-60.0	
-75.0	
-74.0	
-76.0	
-75.0	
-75.0	
-78.0	
-75.0	
-57.0	
-59.0	
-81.0	
-91.0	
-87.0	
-90.0	
-77.0	
-83.0	
-74.0	
-99.0	
-101.0	
-80.0	
-95.0	
-92.0	
-96.0	
-97.0	
-97.0	
-90.0	
-87.0	
-92.0	
-98.0	
-96.0	
-88.0	
-86.0	
-93.0	
-92.0	
-94.0	
-97.0	
-93.0	
-95.0	
-101.0	
-98.0	
-110.0	
-113.0	
-109.0	
-99.0	
-94.0	
-101.0	
-105.0	
-109.0	
-108.0	
-93.0	
-87.0	
-102.0	
-105.0	
-99.0	
-97.0	
-98.0	
-95.0	
-91.0	
-98.0	
-105.0	
-113.0	
-96.0	
-100.0	
-108.0	
-97.0	
-104.0	
-88.0	
-88.0	
-93.0	
-92.0	
-88.0	
-100.0	
-98.0	
-103.0	
-89.0	
-97.0	
-92.0	
-95.0	
-102.0	
-81.0	
-82.0	
-85.0	
-77.0	
-80.0	
-94.0	
-82.0	
-90.0	
-85.0	
-94.0	
-105.0	
-102.0	
-93.0	
-91.0	
-91.0	
-89.0	
-92.0	
-84.0	
-96.0	
-92.0	
-97.0	
-88.0	
-90.0	
-90.0	
-91.0	
-89.0	
-90.0	
-98.0	
-86.0	
-87.0	
-84.0	
-78.0	
-85.0	
-69.0	
-73.0	
-76.0	
-85.0	
-81.0	
-76.0	
-75.0	
-80.0	
-66.0	
-80.0	
-71.0	
-76.0	
-83.0	
-88.0	
-99.0	
-78.0	
-73.0	
-85.0	
-75.0	
-73.0	
-74.0	
-61.0	
-68.0	
-67.0	
-60.0	
-63.0	
-62.0	
-63.0	
-63.0	
-64.0	
-56.0	
-60.0	
-57.0	
-60.0	
-71.0	
-67.0	
-55.0	
-51.0	
-62.0	
-55.0	
-63.0	
-69.0	
-61.0	
-58.0	
-47.0	
-56.0	
-52.0	
-53.0	
