-23.0	
-25.0	
-27.0	
-14.0	
-9.0	
-11.0	
7.0	
-14.0	
-9.0	
-5.0	
0.0	
1.0	
1.0	
-8.0	
1.0	
-4.0	
-7.0	
-6.0	
0.0	
3.0	
11.0	
36.0	
24.0	
18.0	
22.0	
33.0	
30.0	
24.0	
34.0	
27.0	
27.0	
26.0	
49.0	
33.0	
40.0	
38.0	
52.0	
59.0	
62.0	
60.0	
53.0	
52.0	
54.0	
50.0	
61.0	
66.0	
75.0	
69.0	
66.0	
74.0	
83.0	
83.0	
81.0	
70.0	
56.0	
68.0	
76.0	
95.0	
92.0	
78.0	
93.0	
99.0	
90.0	
96.0	
93.0	
96.0	
97.0	
91.0	
92.0	
100.0	
126.0	
119.0	
126.0	
120.0	
116.0	
118.0	
126.0	
118.0	
114.0	
132.0	
134.0	
131.0	
120.0	
132.0	
133.0	
139.0	
143.0	
143.0	
143.0	
151.0	
134.0	
136.0	
146.0	
159.0	
171.0	
174.0	
160.0	
157.0	
156.0	
169.0	
167.0	
162.0	
160.0	
161.0	
173.0	
167.0	
179.0	
186.0	
184.0	
183.0	
187.0	
196.0	
204.0	
193.0	
191.0	
190.0	
198.0	
212.0	
208.0	
209.0	
206.0	
204.0	
213.0	
215.0	
207.0	
213.0	
212.0	
205.0	
206.0	
220.0	
221.0	
217.0	
230.0	
230.0	
224.0	
220.0	
234.0	
236.0	
231.0	
249.0	
252.0	
247.0	
241.0	
250.0	
252.0	
274.0	
259.0	
259.0	
261.0	
275.0	
265.0	
266.0	
273.0	
280.0	
271.0	
275.0	
274.0	
284.0	
283.0	
283.0	
296.0	
302.0	
296.0	
295.0	
297.0	
283.0	
300.0	
306.0	
296.0	
304.0	
290.0	
299.0	
307.0	
294.0	
297.0	
294.0	
300.0	
305.0	
301.0	
304.0	
308.0	
310.0	
328.0	
317.0	
311.0	
325.0	
340.0	
332.0	
334.0	
338.0	
344.0	
336.0	
343.0	
335.0	
330.0	
340.0	
369.0	
354.0	
351.0	
362.0	
359.0	
349.0	
364.0	
375.0	
363.0	
358.0	
370.0	
388.0	
380.0	
374.0	
366.0	
371.0	
372.0	
368.0	
375.0	
383.0	
383.0	
386.0	
388.0	
387.0	
388.0	
384.0	
397.0	
400.0	
406.0	
402.0	
411.0	
409.0	
399.0	
401.0	
407.0	
418.0	
399.0	
399.0	
412.0	
418.0	
423.0	
420.0	
437.0	
431.0	
419.0	
436.0	
419.0	
416.0	
430.0	
426.0	
415.0	
410.0	
416.0	
448.0	
443.0	
444.0	
440.0	
426.0	
430.0	
434.0	
441.0	
449.0	
453.0	
439.0	
439.0	
432.0	
436.0	
437.0	
440.0	
456.0	
457.0	
445.0	
436.0	
448.0	
450.0	
465.0	
454.0	
448.0	
467.0	
447.0	
456.0	
470.0	
472.0	
465.0	
456.0	
445.0	
456.0	
459.0	
468.0	
475.0	
473.0	
467.0	
448.0	
456.0	
472.0	
461.0	
463.0	
472.0	
465.0	
478.0	
481.0	
477.0	
476.0	
471.0	
463.0	
477.0	
485.0	
474.0	
493.0	
494.0	
485.0	
485.0	
468.0	
480.0	
491.0	
491.0	
487.0	
494.0	
484.0	
477.0	
472.0	
493.0	
480.0	
484.0	
487.0	
484.0	
487.0	
494.0	
494.0	
493.0	
493.0	
491.0	
482.0	
480.0	
492.0	
492.0	
481.0	
482.0	
480.0	
497.0	
479.0	
490.0	
482.0	
480.0	
491.0	
494.0	
498.0	
496.0	
494.0	
500.0	
491.0	
491.0	
496.0	
493.0	
494.0	
497.0	
499.0	
496.0	
488.0	
505.0	
499.0	
488.0	
490.0	
501.0	
494.0	
497.0	
485.0	
488.0	
494.0	
487.0	
486.0	
496.0	
488.0	
498.0	
491.0	
479.0	
485.0	
491.0	
488.0	
485.0	
495.0	
500.0	
492.0	
488.0	
491.0	
485.0	
488.0	
483.0	
487.0	
489.0	
476.0	
485.0	
497.0	
493.0	
488.0	
487.0	
492.0	
492.0	
491.0	
488.0	
476.0	
494.0	
495.0	
486.0	
472.0	
487.0	
476.0	
472.0	
482.0	
491.0	
496.0	
487.0	
475.0	
470.0	
474.0	
472.0	
471.0	
471.0	
462.0	
487.0	
486.0	
467.0	
473.0	
479.0	
491.0	
490.0	
471.0	
482.0	
482.0	
478.0	
478.0	
476.0	
476.0	
479.0	
460.0	
481.0	
475.0	
463.0	
466.0	
469.0	
461.0	
456.0	
463.0	
475.0	
465.0	
470.0	
470.0	
474.0	
469.0	
474.0	
459.0	
464.0	
458.0	
462.0	
472.0	
466.0	
454.0	
454.0	
474.0	
491.0	
474.0	
463.0	
477.0	
463.0	
454.0	
461.0	
469.0	
465.0	
461.0	
459.0	
448.0	
456.0	
456.0	
458.0	
456.0	
459.0	
465.0	
460.0	
459.0	
456.0	
452.0	
449.0	
458.0	
447.0	
435.0	
442.0	
446.0	
448.0	
446.0	
439.0	
431.0	
436.0	
449.0	
461.0	
444.0	
436.0	
428.0	
428.0	
423.0	
443.0	
441.0	
452.0	
448.0	
444.0	
444.0	
437.0	
436.0	
439.0	
431.0	
438.0	
434.0	
444.0	
430.0	
433.0	
451.0	
441.0	
432.0	
430.0	
422.0	
432.0	
443.0	
436.0	
430.0	
417.0	
418.0	
426.0	
432.0	
417.0	
416.0	
416.0	
420.0	
421.0	
410.0	
401.0	
405.0	
402.0	
404.0	
404.0	
393.0	
401.0	
410.0	
406.0	
400.0	
414.0	
402.0	
391.0	
393.0	
389.0	
392.0	
381.0	
387.0	
399.0	
400.0	
400.0	
395.0	
401.0	
388.0	
391.0	
394.0	
393.0	
397.0	
409.0	
396.0	
391.0	
391.0	
396.0	
394.0	
375.0	
383.0	
387.0	
376.0	
376.0	
393.0	
384.0	
358.0	
369.0	
368.0	
376.0	
379.0	
370.0	
359.0	
376.0	
383.0	
378.0	
353.0	
351.0	
358.0	
364.0	
369.0	
362.0	
366.0	
364.0	
350.0	
364.0	
370.0	
371.0	
365.0	
373.0	
360.0	
352.0	
359.0	
364.0	
358.0	
334.0	
342.0	
356.0	
366.0	
366.0	
343.0	
352.0	
345.0	
347.0	
356.0	
347.0	
335.0	
341.0	
347.0	
356.0	
347.0	
345.0	
334.0	
340.0	
348.0	
344.0	
332.0	
336.0	
345.0	
343.0	
327.0	
334.0	
328.0	
329.0	
320.0	
325.0	
331.0	
317.0	
312.0	
320.0	
324.0	
309.0	
311.0	
317.0	
312.0	
306.0	
313.0	
311.0	
313.0	
311.0	
313.0	
303.0	
309.0	
301.0	
301.0	
293.0	
293.0	
310.0	
309.0	
299.0	
291.0	
306.0	
311.0	
292.0	
293.0	
283.0	
285.0	
298.0	
294.0	
297.0	
289.0	
285.0	
285.0	
279.0	
287.0	
283.0	
286.0	
295.0	
265.0	
276.0	
284.0	
279.0	
291.0	
274.0	
269.0	
283.0	
270.0	
265.0	
274.0	
271.0	
271.0	
263.0	
248.0	
257.0	
254.0	
258.0	
264.0	
258.0	
258.0	
261.0	
247.0	
251.0	
263.0	
267.0	
267.0	
248.0	
245.0	
245.0	
253.0	
243.0	
240.0	
226.0	
246.0	
249.0	
247.0	
237.0	
238.0	
241.0	
250.0	
244.0	
242.0	
238.0	
243.0	
246.0	
241.0	
236.0	
231.0	
227.0	
215.0	
225.0	
230.0	
221.0	
226.0	
221.0	
227.0	
230.0	
229.0	
226.0	
226.0	
230.0	
211.0	
205.0	
221.0	
220.0	
217.0	
218.0	
214.0	
225.0	
205.0	
201.0	
202.0	
192.0	
202.0	
200.0	
191.0	
188.0	
190.0	
189.0	
174.0	
174.0	
194.0	
195.0	
197.0	
199.0	
191.0	
171.0	
175.0	
174.0	
183.0	
187.0	
178.0	
170.0	
169.0	
168.0	
180.0	
168.0	
163.0	
172.0	
176.0	
169.0	
167.0	
170.0	
163.0	
149.0	
157.0	
163.0	
152.0	
147.0	
155.0	
153.0	
159.0	
149.0	
145.0	
158.0	
149.0	
142.0	
141.0	
130.0	
141.0	
148.0	
146.0	
132.0	
130.0	
144.0	
142.0	
154.0	
125.0	
124.0	
136.0	
122.0	
130.0	
133.0	
127.0	
132.0	
122.0	
116.0	
116.0	
120.0	
110.0	
123.0	
119.0	
107.0	
120.0	
119.0	
113.0	
113.0	
114.0	
120.0	
101.0	
111.0	
103.0	
107.0	
102.0	
89.0	
99.0	
89.0	
90.0	
102.0	
89.0	
81.0	
79.0	
92.0	
76.0	
65.0	
68.0	
69.0	
78.0	
76.0	
65.0	
55.0	
58.0	
70.0	
60.0	
59.0	
63.0	
56.0	
40.0	
56.0	
62.0	
46.0	
48.0	
50.0	
56.0	
58.0	
54.0	
46.0	
41.0	
35.0	
29.0	
45.0	
33.0	
21.0	
36.0	
36.0	
34.0	
35.0	
33.0	
28.0	
37.0	
21.0	
24.0	
18.0	
13.0	
8.0	
13.0	
6.0	
6.0	
9.0	
4.0	
-2.0	
7.0	
-2.0	
-11.0	
-9.0	
-5.0	
-10.0	
-13.0	
-16.0	
-14.0	
-14.0	
-30.0	
-28.0	
-33.0	
-32.0	
-27.0	
-31.0	
-33.0	
-42.0	
-46.0	
-35.0	
-27.0	
-31.0	
-32.0	
-50.0	
-52.0	
-33.0	
-44.0	
-47.0	
-42.0	
-46.0	
-36.0	
-49.0	
-63.0	
-53.0	
-50.0	
-56.0	
-63.0	
-64.0	
-67.0	
-67.0	
-63.0	
-65.0	
-59.0	
-64.0	
-57.0	
-62.0	
-68.0	
-70.0	
-67.0	
-74.0	
-84.0	
-81.0	
-72.0	
-69.0	
-81.0	
-81.0	
-81.0	
-92.0	
-85.0	
-80.0	
-87.0	
-94.0	
-97.0	
-92.0	
-88.0	
-106.0	
-103.0	
-105.0	
-108.0	
-112.0	
-100.0	
-108.0	
-105.0	
-112.0	
-110.0	
-117.0	
-102.0	
-118.0	
-120.0	
-110.0	
-105.0	
-127.0	
-132.0	
-124.0	
-135.0	
-130.0	
-132.0	
-124.0	
-131.0	
-139.0	
-144.0	
-148.0	
-139.0	
-147.0	
-136.0	
-134.0	
-151.0	
-140.0	
-157.0	
-157.0	
-155.0	
-151.0	
-156.0	
-171.0	
-165.0	
-165.0	
-154.0	
-159.0	
-161.0	
-165.0	
-168.0	
-170.0	
-176.0	
-162.0	
-167.0	
-182.0	
-183.0	
-196.0	
-194.0	
-187.0	
-187.0	
-185.0	
-186.0	
-200.0	
-198.0	
-199.0	
-201.0	
-195.0	
-211.0	
-212.0	
-194.0	
-203.0	
-211.0	
-211.0	
-198.0	
-215.0	
-208.0	
-201.0	
-212.0	
-209.0	
-230.0	
-231.0	
-219.0	
-230.0	
-227.0	
-230.0	
-222.0	
-224.0	
-233.0	
-235.0	
-241.0	
-238.0	
-239.0	
-234.0	
-232.0	
-228.0	
-226.0	
-245.0	
-238.0	
-250.0	
-243.0	
-255.0	
-243.0	
-247.0	
-259.0	
-274.0	
-272.0	
-275.0	
-288.0	
-265.0	
-282.0	
-272.0	
-267.0	
-266.0	
-280.0	
-280.0	
-277.0	
-279.0	
-276.0	
-288.0	
-289.0	
-276.0	
-290.0	
-297.0	
-287.0	
-290.0	
-296.0	
-298.0	
-296.0	
-292.0	
-296.0	
-299.0	
-296.0	
-294.0	
-299.0	
-303.0	
-302.0	
-297.0	
-304.0	
-297.0	
-304.0	
-321.0	
-319.0	
-312.0	
-315.0	
-319.0	
-319.0	
-313.0	
-311.0	
-323.0	
-321.0	
-326.0	
-320.0	
-301.0	
-340.0	
-347.0	
-331.0	
-336.0	
-319.0	
-313.0	
-332.0	
-337.0	
-323.0	
-320.0	
-330.0	
-335.0	
-339.0	
-331.0	
-331.0	
-331.0	
-327.0	
-346.0	
-360.0	
-356.0	
-352.0	
-359.0	
-356.0	
-358.0	
-365.0	
-381.0	
-365.0	
-362.0	
-370.0	
-359.0	
-375.0	
-380.0	
-371.0	
-368.0	
-376.0	
-374.0	
-382.0	
-361.0	
-371.0	
-383.0	
-383.0	
-378.0	
-378.0	
-380.0	
-380.0	
-398.0	
-402.0	
-396.0	
-392.0	
-398.0	
-408.0	
-403.0	
-391.0	
-392.0	
-400.0	
-412.0	
-393.0	
-404.0	
-419.0	
-413.0	
-402.0	
-404.0	
-407.0	
-410.0	
-402.0	
-401.0	
-402.0	
-406.0	
-424.0	
-433.0	
-411.0	
-419.0	
-429.0	
-430.0	
-415.0	
-404.0	
-416.0	
-421.0	
-434.0	
-433.0	
-430.0	
-438.0	
-439.0	
-452.0	
-448.0	
-425.0	
-426.0	
-446.0	
-452.0	
-441.0	
-435.0	
-443.0	
-447.0	
-447.0	
-456.0	
-442.0	
-444.0	
-447.0	
-459.0	
-461.0	
-450.0	
-456.0	
-445.0	
-447.0	
-453.0	
-462.0	
-464.0	
-452.0	
-451.0	
-447.0	
-455.0	
-450.0	
-462.0	
-470.0	
-458.0	
-452.0	
-460.0	
-462.0	
-461.0	
-466.0	
-467.0	
-464.0	
-482.0	
-474.0	
-473.0	
-468.0	
-472.0	
-472.0	
-471.0	
-467.0	
-462.0	
-453.0	
-464.0	
-474.0	
-481.0	
-481.0	
-483.0	
-472.0	
-477.0	
-479.0	
-477.0	
-468.0	
-487.0	
-486.0	
-483.0	
-485.0	
-492.0	
-473.0	
-478.0	
-485.0	
-485.0	
-487.0	
-485.0	
-484.0	
-485.0	
-493.0	
-487.0	
-497.0	
-501.0	
-496.0	
-490.0	
-499.0	
-501.0	
-503.0	
-511.0	
-496.0	
-492.0	
-501.0	
-495.0	
-503.0	
-502.0	
-498.0	
-495.0	
-498.0	
-493.0	
-494.0	
-504.0	
-507.0	
-506.0	
-504.0	
-496.0	
-503.0	
-514.0	
-507.0	
-493.0	
-515.0	
-518.0	
-512.0	
-513.0	
-515.0	
-528.0	
-512.0	
-510.0	
-515.0	
-521.0	
-521.0	
-514.0	
-515.0	
-525.0	
-516.0	
-512.0	
-504.0	
-517.0	
-518.0	
-524.0	
-523.0	
-519.0	
-516.0	
-515.0	
-519.0	
-501.0	
-514.0	
-524.0	
-522.0	
-522.0	
-515.0	
-512.0	
-517.0	
-512.0	
-511.0	
-533.0	
-510.0	
-511.0	
-515.0	
-512.0	
-509.0	
-511.0	
-529.0	
-521.0	
-513.0	
-510.0	
-525.0	
-514.0	
-505.0	
-515.0	
-513.0	
-511.0	
-516.0	
-509.0	
-502.0	
-516.0	
-521.0	
-509.0	
-527.0	
-515.0	
-525.0	
-515.0	
-509.0	
-507.0	
-514.0	
-518.0	
-496.0	
-503.0	
-514.0	
-515.0	
-511.0	
-509.0	
-501.0	
-514.0	
-504.0	
-517.0	
-502.0	
-499.0	
-509.0	
-501.0	
-500.0	
-507.0	
-507.0	
-506.0	
-499.0	
-485.0	
-503.0	
-506.0	
-503.0	
-489.0	
-503.0	
-511.0	
-501.0	
-504.0	
-499.0	
-491.0	
-505.0	
-519.0	
-508.0	
-497.0	
-502.0	
-500.0	
-501.0	
-508.0	
-506.0	
-499.0	
-515.0	
-503.0	
-493.0	
-496.0	
-494.0	
-483.0	
-498.0	
-488.0	
-487.0	
-490.0	
-493.0	
-496.0	
-484.0	
-497.0	
-502.0	
-498.0	
-487.0	
-497.0	
-490.0	
-481.0	
-483.0	
-487.0	
-482.0	
-479.0	
-481.0	
-480.0	
-481.0	
-484.0	
-485.0	
-482.0	
-472.0	
-475.0	
-480.0	
-478.0	
-464.0	
-476.0	
-473.0	
-469.0	
-471.0	
-475.0	
-479.0	
-467.0	
-468.0	
-459.0	
-463.0	
-471.0	
-469.0	
-469.0	
-466.0	
-463.0	
-471.0	
-465.0	
-469.0	
-463.0	
-459.0	
-466.0	
-467.0	
-472.0	
-459.0	
-452.0	
-470.0	
-457.0	
-443.0	
-445.0	
-453.0	
-451.0	
-438.0	
-451.0	
-454.0	
-440.0	
-442.0	
-434.0	
-438.0	
-447.0	
-452.0	
-432.0	
-437.0	
-441.0	
-440.0	
-434.0	
-437.0	
-431.0	
-431.0	
-442.0	
-435.0	
-441.0	
-446.0	
-423.0	
-439.0	
-433.0	
-422.0	
-424.0	
-420.0	
-437.0	
-431.0	
-411.0	
-419.0	
-413.0	
-416.0	
-411.0	
-404.0	
-420.0	
-418.0	
-421.0	
-399.0	
-410.0	
-418.0	
-405.0	
-411.0	
-414.0	
-403.0	
-415.0	
-392.0	
-391.0	
-402.0	
-404.0	
-391.0	
-392.0	
-396.0	
-383.0	
-385.0	
-384.0	
-384.0	
-385.0	
-390.0	
-384.0	
-381.0	
-384.0	
-382.0	
-379.0	
-380.0	
-358.0	
-384.0	
-393.0	
-369.0	
-376.0	
-362.0	
-370.0	
-368.0	
-358.0	
-358.0	
-368.0	
-365.0	
-354.0	
-364.0	
-363.0	
-359.0	
-360.0	
-362.0	
-347.0	
-338.0	
-350.0	
-341.0	
-333.0	
-339.0	
-337.0	
-343.0	
-331.0	
-326.0	
-336.0	
-336.0	
-340.0	
-329.0	
-308.0	
-309.0	
-325.0	
-328.0	
-314.0	
-326.0	
-322.0	
-323.0	
-317.0	
-323.0	
-316.0	
-314.0	
-317.0	
-301.0	
-320.0	
-315.0	
-285.0	
-302.0	
-322.0	
-292.0	
-303.0	
-305.0	
-297.0	
-302.0	
-302.0	
-300.0	
-303.0	
-297.0	
-298.0	
-295.0	
-291.0	
-289.0	
-276.0	
-278.0	
-292.0	
-298.0	
-292.0	
-289.0	
-280.0	
-292.0	
-276.0	
-257.0	
-272.0	
-261.0	
-256.0	
-256.0	
-250.0	
-261.0	
-261.0	
-255.0	
-249.0	
-256.0	
-254.0	
-250.0	
-245.0	
-246.0	
-253.0	
-249.0	
-240.0	
-237.0	
-248.0	
-246.0	
-241.0	
-227.0	
-222.0	
-219.0	
-232.0	
-238.0	
-239.0	
-252.0	
-252.0	
-225.0	
-224.0	
-230.0	
-226.0	
-223.0	
-225.0	
-218.0	
-226.0	
-227.0	
-200.0	
-206.0	
-209.0	
-204.0	
-198.0	
-198.0	
-200.0	
-199.0	
-196.0	
-194.0	
-198.0	
-189.0	
-175.0	
-180.0	
-192.0	
-191.0	
-183.0	
-177.0	
-176.0	
-165.0	
-176.0	
-167.0	
-173.0	
-184.0	
-183.0	
-182.0	
-162.0	
-153.0	
-171.0	
-170.0	
-172.0	
-173.0	
-155.0	
-179.0	
-169.0	
-163.0	
-150.0	
-157.0	
-162.0	
-146.0	
-147.0	
-154.0	
-141.0	
-127.0	
-141.0	
-144.0	
-129.0	
-134.0	
-147.0	
-131.0	
-128.0	
-128.0	
-132.0	
-128.0	
-112.0	
-107.0	
-129.0	
-137.0	
-123.0	
-117.0	
-99.0	
-102.0	
-107.0	
-108.0	
-128.0	
-124.0	
-118.0	
-109.0	
-106.0	
-98.0	
-95.0	
-82.0	
-86.0	
-93.0	
-88.0	
-77.0	
-93.0	
-94.0	
-77.0	
-82.0	
-91.0	
-80.0	
-93.0	
-82.0	
-68.0	
-79.0	
-79.0	
-70.0	
-65.0	
-73.0	
-65.0	
-65.0	
-54.0	
-66.0	
-69.0	
-55.0	
-52.0	
-58.0	
-72.0	
-77.0	
-74.0	
-62.0	
-56.0	
-58.0	
-50.0	
-50.0	
-58.0	
-50.0	
-45.0	
-39.0	
-37.0	
-34.0	
-40.0	
-48.0	
-32.0	
-34.0	
-44.0	
-42.0	
-21.0	
-33.0	
-27.0	
-22.0	
-18.0	
-25.0	
-21.0	
-14.0	
-20.0	
-17.0	
-18.0	
-11.0	
-6.0	
-16.0	
-18.0	
-3.0	
-1.0	
-23.0	
-15.0	
4.0	
-12.0	
-17.0	
-5.0	
-5.0	
1.0	
-6.0	
1.0	
12.0	
9.0	
0.0	
-4.0	
7.0	
12.0	
17.0	
12.0	
13.0	
7.0	
0.0	
17.0	
12.0	
16.0	
34.0	
25.0	
11.0	
12.0	
17.0	
26.0	
32.0	
31.0	
41.0	
37.0	
38.0	
38.0	
27.0	
22.0	
26.0	
30.0	
28.0	
22.0	
25.0	
46.0	
41.0	
28.0	
47.0	
52.0	
37.0	
42.0	
49.0	
39.0	
42.0	
46.0	
36.0	
37.0	
40.0	
51.0	
51.0	
63.0	
50.0	
47.0	
66.0	
62.0	
63.0	
43.0	
46.0	
54.0	
63.0	
50.0	
51.0	
65.0	
68.0	
54.0	
57.0	
51.0	
65.0	
67.0	
70.0	
69.0	
64.0	
54.0	
72.0	
79.0	
70.0	
82.0	
76.0	
81.0	
90.0	
86.0	
85.0	
90.0	
76.0	
85.0	
97.0	
88.0	
102.0	
109.0	
90.0	
91.0	
101.0	
99.0	
106.0	
97.0	
92.0	
98.0	
96.0	
93.0	
108.0	
115.0	
111.0	
107.0	
103.0	
93.0	
101.0	
110.0	
114.0	
114.0	
115.0	
117.0	
123.0	
113.0	
108.0	
114.0	
114.0	
100.0	
92.0	
112.0	
128.0	
113.0	
115.0	
119.0	
120.0	
122.0	
109.0	
118.0	
119.0	
106.0	
113.0	
129.0	
126.0	
135.0	
124.0	
107.0	
110.0	
118.0	
132.0	
117.0	
133.0	
122.0	
122.0	
135.0	
134.0	
144.0	
137.0	
136.0	
138.0	
139.0	
134.0	
145.0	
140.0	
134.0	
125.0	
135.0	
140.0	
141.0	
145.0	
144.0	
143.0	
141.0	
140.0	
140.0	
135.0	
138.0	
137.0	
138.0	
132.0	
130.0	
133.0	
140.0	
132.0	
143.0	
139.0	
145.0	
137.0	
150.0	
147.0	
131.0	
143.0	
152.0	
154.0	
149.0	
140.0	
160.0	
162.0	
152.0	
142.0	
153.0	
145.0	
145.0	
143.0	
137.0	
129.0	
160.0	
160.0	
163.0	
164.0	
148.0	
145.0	
156.0	
155.0	
169.0	
156.0	
143.0	
150.0	
143.0	
148.0	
148.0	
151.0	
147.0	
155.0	
153.0	
164.0	
163.0	
161.0	
165.0	
161.0	
156.0	
152.0	
159.0	
175.0	
152.0	
154.0	
158.0	
148.0	
162.0	
149.0	
150.0	
157.0	
158.0	
165.0	
162.0	
165.0	
173.0	
159.0	
151.0	
165.0	
154.0	
154.0	
172.0	
174.0	
163.0	
157.0	
148.0	
158.0	
167.0	
159.0	
158.0	
155.0	
168.0	
167.0	
166.0	
165.0	
167.0	
171.0	
162.0	
163.0	
175.0	
174.0	
158.0	
158.0	
170.0	
162.0	
169.0	
174.0	
165.0	
171.0	
168.0	
163.0	
174.0	
168.0	
170.0	
180.0	
171.0	
164.0	
165.0	
155.0	
161.0	
178.0	
182.0	
176.0	
184.0	
175.0	
175.0	
172.0	
171.0	
160.0	
163.0	
175.0	
176.0	
169.0	
165.0	
157.0	
166.0	
174.0	
157.0	
165.0	
176.0	
173.0	
174.0	
174.0	
177.0	
173.0	
170.0	
165.0	
149.0	
168.0	
167.0	
169.0	
172.0	
185.0	
167.0	
179.0	
188.0	
177.0	
166.0	
165.0	
169.0	
167.0	
178.0	
177.0	
175.0	
174.0	
165.0	
171.0	
169.0	
170.0	
162.0	
164.0	
169.0	
172.0	
173.0	
168.0	
169.0	
172.0	
172.0	
158.0	
170.0	
176.0	
173.0	
167.0	
172.0	
180.0	
173.0	
177.0	
169.0	
170.0	
179.0	
175.0	
153.0	
161.0	
164.0	
162.0	
166.0	
165.0	
175.0	
168.0	
169.0	
169.0	
161.0	
171.0	
167.0	
167.0	
178.0	
187.0	
165.0	
164.0	
172.0	
159.0	
156.0	
161.0	
158.0	
162.0	
157.0	
159.0	
167.0	
160.0	
153.0	
161.0	
161.0	
170.0	
175.0	
180.0	
173.0	
166.0	
173.0	
168.0	
162.0	
160.0	
165.0	
178.0	
175.0	
180.0	
166.0	
171.0	
179.0	
175.0	
167.0	
162.0	
177.0	
169.0	
161.0	
160.0	
163.0	
183.0	
182.0	
175.0	
158.0	
171.0	
190.0	
179.0	
169.0	
177.0	
182.0	
163.0	
178.0	
183.0	
171.0	
154.0	
148.0	
162.0	
162.0	
162.0	
170.0	
169.0	
165.0	
157.0	
177.0	
172.0	
183.0	
168.0	
162.0	
167.0	
173.0	
167.0	
163.0	
158.0	
164.0	
159.0	
155.0	
158.0	
160.0	
156.0	
148.0	
164.0	
157.0	
174.0	
170.0	
169.0	
172.0	
156.0	
156.0	
179.0	
170.0	
163.0	
170.0	
169.0	
165.0	
165.0	
163.0	
170.0	
177.0	
171.0	
168.0	
169.0	
159.0	
155.0	
173.0	
173.0	
165.0	
176.0	
159.0	
157.0	
172.0	
169.0	
160.0	
160.0	
160.0	
151.0	
145.0	
153.0	
158.0	
166.0	
170.0	
162.0	
171.0	
169.0	
159.0	
158.0	
161.0	
153.0	
164.0	
164.0	
134.0	
153.0	
153.0	
153.0	
147.0	
159.0	
164.0	
159.0	
161.0	
171.0	
146.0	
153.0	
166.0	
159.0	
158.0	
153.0	
135.0	
136.0	
161.0	
151.0	
140.0	
150.0	
162.0	
146.0	
153.0	
147.0	
147.0	
147.0	
156.0	
164.0	
154.0	
153.0	
143.0	
155.0	
153.0	
139.0	
147.0	
156.0	
151.0	
144.0	
149.0	
160.0	
152.0	
150.0	
143.0	
144.0	
147.0	
159.0	
149.0	
144.0	
151.0	
159.0	
155.0	
152.0	
150.0	
143.0	
138.0	
148.0	
163.0	
148.0	
149.0	
134.0	
138.0	
136.0	
134.0	
138.0	
139.0	
136.0	
126.0	
129.0	
134.0	
137.0	
133.0	
129.0	
130.0	
138.0	
143.0	
139.0	
124.0	
140.0	
128.0	
122.0	
119.0	
123.0	
123.0	
118.0	
119.0	
134.0	
135.0	
135.0	
124.0	
115.0	
113.0	
107.0	
116.0	
116.0	
123.0	
125.0	
115.0	
113.0	
109.0	
109.0	
103.0	
103.0	
115.0	
118.0	
100.0	
88.0	
89.0	
109.0	
110.0	
119.0	
110.0	
117.0	
110.0	
100.0	
96.0	
99.0	
94.0	
100.0	
113.0	
111.0	
105.0	
101.0	
115.0	
112.0	
102.0	
108.0	
97.0	
96.0	
100.0	
117.0	
115.0	
100.0	
103.0	
103.0	
98.0	
101.0	
104.0	
94.0	
98.0	
111.0	
105.0	
92.0	
90.0	
95.0	
91.0	
94.0	
98.0	
93.0	
86.0	
89.0	
94.0	
76.0	
76.0	
83.0	
80.0	
91.0	
81.0	
77.0	
94.0	
88.0	
75.0	
83.0	
83.0	
92.0	
87.0	
77.0	
94.0	
84.0	
82.0	
77.0	
85.0	
77.0	
81.0	
80.0	
75.0	
72.0	
74.0	
76.0	
80.0	
64.0	
76.0	
88.0	
81.0	
79.0	
69.0	
62.0	
62.0	
71.0	
82.0	
72.0	
62.0	
54.0	
45.0	
50.0	
59.0	
66.0	
65.0	
55.0	
59.0	
60.0	
51.0	
56.0	
57.0	
50.0	
49.0	
56.0	
56.0	
67.0	
59.0	
61.0	
65.0	
47.0	
59.0	
50.0	
48.0	
50.0	
59.0	
71.0	
66.0	
56.0	
45.0	
46.0	
52.0	
43.0	
59.0	
44.0	
40.0	
36.0	
58.0	
47.0	
48.0	
49.0	
37.0	
44.0	
41.0	
30.0	
34.0	
33.0	
32.0	
29.0	
34.0	
37.0	
27.0	
10.0	
25.0	
32.0	
34.0	
32.0	
30.0	
40.0	
24.0	
21.0	
19.0	
24.0	
25.0	
29.0	
25.0	
17.0	
19.0	
13.0	
17.0	
15.0	
29.0	
37.0	
28.0	
29.0	
34.0	
20.0	
20.0	
13.0	
7.0	
3.0	
-2.0	
4.0	
19.0	
20.0	
8.0	
23.0	
19.0	
10.0	
11.0	
16.0	
3.0	
3.0	
0.0	
7.0	
-4.0	
4.0	
5.0	
-3.0	
0.0	
1.0	
-2.0	
0.0	
0.0	
6.0	
-10.0	
-8.0	
1.0	
-15.0	
-32.0	
-31.0	
-29.0	
-11.0	
-17.0	
-18.0	
-18.0	
-17.0	
-23.0	
-21.0	
-15.0	
-20.0	
-19.0	
-28.0	
-22.0	
-20.0	
-15.0	
-19.0	
-31.0	
-38.0	
-26.0	
-23.0	
-27.0	
-34.0	
-48.0	
-45.0	
-50.0	
-57.0	
-52.0	
-40.0	
-46.0	
-43.0	
-48.0	
-40.0	
-51.0	
-58.0	
-39.0	
-50.0	
-68.0	
-71.0	
-51.0	
-44.0	
-51.0	
-50.0	
-55.0	
-41.0	
-49.0	
-55.0	
-45.0	
-41.0	
-60.0	
-57.0	
-76.0	
-69.0	
-62.0	
-60.0	
-65.0	
-65.0	
-67.0	
-66.0	
-60.0	
-72.0	
-63.0	
-50.0	
-72.0	
-71.0	
-66.0	
-73.0	
-66.0	
-80.0	
-90.0	
-102.0	
-84.0	
-85.0	
-94.0	
-85.0	
-89.0	
-87.0	
-95.0	
-82.0	
-74.0	
-73.0	
-83.0	
-86.0	
-101.0	
-95.0	
-95.0	
-96.0	
-101.0	
-100.0	
-96.0	
-110.0	
-103.0	
-94.0	
-94.0	
-102.0	
-105.0	
-105.0	
-101.0	
-103.0	
-104.0	
-102.0	
-111.0	
-110.0	
-120.0	
-114.0	
-107.0	
-103.0	
-110.0	
-129.0	
-122.0	
-114.0	
-121.0	
-105.0	
-107.0	
-110.0	
-112.0	
-122.0	
-132.0	
-116.0	
-130.0	
-120.0	
-134.0	
-127.0	
-121.0	
-134.0	
-125.0	
-124.0	
-147.0	
-136.0	
-130.0	
-123.0	
-131.0	
-144.0	
-139.0	
-144.0	
-138.0	
-140.0	
-134.0	
-125.0	
-133.0	
-141.0	
-150.0	
-148.0	
-142.0	
-151.0	
-146.0	
-145.0	
-148.0	
-148.0	
-163.0	
-136.0	
-131.0	
-136.0	
-139.0	
-138.0	
-147.0	
-141.0	
-151.0	
-157.0	
-142.0	
-136.0	
-142.0	
-160.0	
-163.0	
-170.0	
-165.0	
-143.0	
-148.0	
-144.0	
-153.0	
-149.0	
-141.0	
-152.0	
-172.0	
-157.0	
-159.0	
-160.0	
-165.0	
-157.0	
-164.0	
-174.0	
-163.0	
-167.0	
-174.0	
-170.0	
-165.0	
-157.0	
-161.0	
-163.0	
-158.0	
-160.0	
-164.0	
-165.0	
-162.0	
-165.0	
-164.0	
-173.0	
-170.0	
-175.0	
-185.0	
-179.0	
-170.0	
-175.0	
-175.0	
-164.0	
-167.0	
-165.0	
-186.0	
-187.0	
-186.0	
-176.0	
-181.0	
-168.0	
-172.0	
-178.0	
-185.0	
-180.0	
-180.0	
-176.0	
-187.0	
-174.0	
-172.0	
-177.0	
-168.0	
-174.0	
-186.0	
-176.0	
-174.0	
-167.0	
-178.0	
-172.0	
-180.0	
-181.0	
-176.0	
-196.0	
-180.0	
-189.0	
-182.0	
-198.0	
-183.0	
-190.0	
-190.0	
-189.0	
-184.0	
-178.0	
-175.0	
-186.0	
-203.0	
-183.0	
-182.0	
-182.0	
-190.0	
-188.0	
-186.0	
-187.0	
-183.0	
-193.0	
-193.0	
-181.0	
-188.0	
-195.0	
-178.0	
-175.0	
-198.0	
-197.0	
-202.0	
-192.0	
-188.0	
-193.0	
-188.0	
-180.0	
-194.0	
-184.0	
-172.0	
-190.0	
-197.0	
-192.0	
-186.0	
-176.0	
-184.0	
-202.0	
-197.0	
-189.0	
-200.0	
-185.0	
-196.0	
-201.0	
-212.0	
-199.0	
-183.0	
-191.0	
-194.0	
-200.0	
-198.0	
-201.0	
-192.0	
-184.0	
-190.0	
-181.0	
-183.0	
-200.0	
-200.0	
-209.0	
-210.0	
-204.0	
-205.0	
-192.0	
-179.0	
-187.0	
-189.0	
-187.0	
-199.0	
-204.0	
-195.0	
-178.0	
-188.0	
-198.0	
-192.0	
-187.0	
-191.0	
-190.0	
-195.0	
-195.0	
-190.0	
-198.0	
-194.0	
-182.0	
-187.0	
-194.0	
-192.0	
-207.0	
-211.0	
-204.0	
-207.0	
-200.0	
-203.0	
-183.0	
-179.0	
-181.0	
-189.0	
-197.0	
-188.0	
-183.0	
-183.0	
-194.0	
-194.0	
-190.0	
-190.0	
-187.0	
-189.0	
-197.0	
-184.0	
-202.0	
-196.0	
-177.0	
-205.0	
-208.0	
-197.0	
-184.0	
-183.0	
-188.0	
-195.0	
-199.0	
-192.0	
-193.0	
-198.0	
-187.0	
-197.0	
-203.0	
-204.0	
-201.0	
-217.0	
-206.0	
-200.0	
-209.0	
-203.0	
-204.0	
-205.0	
-191.0	
-196.0	
-176.0	
-182.0	
-204.0	
-193.0	
-186.0	
-185.0	
-182.0	
-202.0	
-208.0	
-195.0	
-202.0	
-211.0	
-210.0	
-206.0	
-191.0	
-176.0	
-177.0	
-186.0	
-193.0	
-200.0	
-191.0	
-191.0	
-189.0	
-186.0	
-197.0	
-199.0	
-194.0	
-189.0	
-191.0	
-194.0	
-200.0	
-183.0	
-191.0	
-204.0	
-184.0	
-194.0	
-192.0	
-193.0	
-194.0	
-182.0	
-177.0	
-183.0	
-189.0	
-185.0	
-185.0	
-182.0	
-183.0	
-185.0	
-169.0	
-191.0	
-197.0	
-191.0	
-185.0	
-189.0	
-186.0	
-198.0	
-197.0	
-196.0	
-198.0	
-197.0	
-198.0	
-206.0	
-206.0	
-197.0	
-192.0	
-189.0	
-183.0	
-190.0	
-180.0	
-184.0	
-181.0	
-192.0	
-196.0	
-189.0	
-176.0	
-175.0	
-184.0	
-184.0	
-174.0	
-178.0	
-183.0	
-179.0	
-182.0	
-176.0	
-175.0	
-182.0	
-188.0	
