50.0	
45.0	
57.0	
49.0	
48.0	
62.0	
63.0	
59.0	
55.0	
64.0	
58.0	
72.0	
66.0	
60.0	
82.0	
83.0	
72.0	
78.0	
76.0	
82.0	
90.0	
88.0	
97.0	
87.0	
91.0	
100.0	
101.0	
101.0	
95.0	
114.0	
125.0	
108.0	
101.0	
96.0	
104.0	
112.0	
121.0	
126.0	
130.0	
130.0	
137.0	
145.0	
129.0	
128.0	
137.0	
138.0	
140.0	
143.0	
136.0	
140.0	
150.0	
159.0	
144.0	
134.0	
145.0	
157.0	
156.0	
156.0	
166.0	
162.0	
169.0	
160.0	
162.0	
166.0	
171.0	
166.0	
166.0	
163.0	
164.0	
165.0	
183.0	
182.0	
192.0	
198.0	
191.0	
180.0	
177.0	
186.0	
173.0	
172.0	
186.0	
193.0	
178.0	
190.0	
189.0	
199.0	
202.0	
191.0	
187.0	
192.0	
209.0	
192.0	
189.0	
199.0	
208.0	
199.0	
189.0	
204.0	
184.0	
180.0	
197.0	
197.0	
183.0	
190.0	
196.0	
203.0	
204.0	
199.0	
196.0	
192.0	
192.0	
193.0	
196.0	
202.0	
203.0	
194.0	
193.0	
190.0	
196.0	
195.0	
186.0	
187.0	
209.0	
197.0	
195.0	
204.0	
192.0	
192.0	
198.0	
197.0	
202.0	
194.0	
183.0	
180.0	
173.0	
173.0	
170.0	
152.0	
173.0	
170.0	
171.0	
176.0	
163.0	
155.0	
153.0	
154.0	
166.0	
156.0	
153.0	
142.0	
142.0	
147.0	
131.0	
137.0	
138.0	
120.0	
130.0	
117.0	
87.0	
102.0	
110.0	
104.0	
106.0	
92.0	
95.0	
90.0	
90.0	
89.0	
90.0	
81.0	
57.0	
53.0	
44.0	
60.0	
61.0	
43.0	
57.0	
58.0	
52.0	
41.0	
30.0	
29.0	
35.0	
26.0	
16.0	
17.0	
21.0	
0.0	
4.0	
-5.0	
0.0	
0.0	
-11.0	
-13.0	
-10.0	
-24.0	
-18.0	
-33.0	
-45.0	
-39.0	
-30.0	
-39.0	
-46.0	
-58.0	
-59.0	
-60.0	
-60.0	
-53.0	
-57.0	
-81.0	
-86.0	
-82.0	
-73.0	
-78.0	
-90.0	
-89.0	
-85.0	
-93.0	
-91.0	
-109.0	
-102.0	
-97.0	
-88.0	
-100.0	
-91.0	
-96.0	
-97.0	
-108.0	
-106.0	
-96.0	
-110.0	
-107.0	
-116.0	
-123.0	
-121.0	
-117.0	
-122.0	
-122.0	
-132.0	
-117.0	
-122.0	
-115.0	
-122.0	
-126.0	
-126.0	
-130.0	
-138.0	
-132.0	
-128.0	
-131.0	
-127.0	
-134.0	
-136.0	
-120.0	
-126.0	
-123.0	
-120.0	
-124.0	
-119.0	
-121.0	
-126.0	
-124.0	
-117.0	
-105.0	
-126.0	
-126.0	
-116.0	
-130.0	
-125.0	
-120.0	
-117.0	
-106.0	
-116.0	
-116.0	
-125.0	
-116.0	
-101.0	
-108.0	
-112.0	
-116.0	
-106.0	
-101.0	
-120.0	
-118.0	
-99.0	
-97.0	
-96.0	
-95.0	
-79.0	
-84.0	
-96.0	
-85.0	
-83.0	
-78.0	
-83.0	
-73.0	
-78.0	
-80.0	
-74.0	
-75.0	
-70.0	
-86.0	
-69.0	
-60.0	
-53.0	
-62.0	
-58.0	
-46.0	
-47.0	
-54.0	
-41.0	
-49.0	
-53.0	
-45.0	
-32.0	
-37.0	
-38.0	
-29.0	
-26.0	
-23.0	
-19.0	
-17.0	
-20.0	
-26.0	
-34.0	
-16.0	
-21.0	
-15.0	
-7.0	
-12.0	
-4.0	
-3.0	
-23.0	
-11.0	
9.0	
5.0	
3.0	
17.0	
6.0	
6.0	
6.0	
2.0	
6.0	
16.0	
20.0	
19.0	
24.0	
33.0	
27.0	
39.0	
37.0	
29.0	
28.0	
25.0	
33.0	
18.0	
41.0	
37.0	
38.0	
45.0	
42.0	
40.0	
33.0	
53.0	
52.0	
44.0	
38.0	
35.0	
42.0	
30.0	
36.0	
45.0	
48.0	
48.0	
34.0	
47.0	
56.0	
50.0	
53.0	
61.0	
50.0	
44.0	
39.0	
42.0	
55.0	
56.0	
61.0	
46.0	
42.0	
47.0	
46.0	
41.0	
42.0	
41.0	
39.0	
49.0	
46.0	
39.0	
41.0	
34.0	
44.0	
39.0	
42.0	
34.0	
36.0	
35.0	
43.0	
37.0	
28.0	
37.0	
27.0	
33.0	
37.0	
30.0	
30.0	
23.0	
28.0	
37.0	
43.0	
27.0	
25.0	
37.0	
29.0	
30.0	
17.0	
23.0	
23.0	
5.0	
22.0	
0.0	
-12.0	
-8.0	
-2.0	
-10.0	
-4.0	
-7.0	
-25.0	
-4.0	
-3.0	
-26.0	
-11.0	
-5.0	
-20.0	
-28.0	
-25.0	
-25.0	
-39.0	
-36.0	
-19.0	
-26.0	
-25.0	
-41.0	
-35.0	
-37.0	
-28.0	
-26.0	
-36.0	
-42.0	
-50.0	
-55.0	
-42.0	
-41.0	
-47.0	
-46.0	
-64.0	
-63.0	
-70.0	
-74.0	
-67.0	
-70.0	
-81.0	
-88.0	
-65.0	
-65.0	
-81.0	
