-75.0	
-78.0	
-83.0	
-60.0	
-45.0	
-38.0	
-37.0	
-29.0	
-18.0	
-6.0	
-13.0	
-1.0	
5.0	
1.0	
2.0	
10.0	
23.0	
33.0	
35.0	
46.0	
47.0	
60.0	
66.0	
61.0	
66.0	
80.0	
84.0	
86.0	
91.0	
96.0	
98.0	
93.0	
117.0	
118.0	
121.0	
132.0	
138.0	
142.0	
150.0	
158.0	
168.0	
166.0	
165.0	
180.0	
185.0	
193.0	
192.0	
195.0	
201.0	
218.0	
218.0	
227.0	
214.0	
231.0	
249.0	
246.0	
240.0	
240.0	
240.0	
252.0	
264.0	
270.0	
279.0	
270.0	
279.0	
286.0	
277.0	
288.0	
295.0	
320.0	
307.0	
308.0	
327.0	
322.0	
311.0	
335.0	
335.0	
330.0	
338.0	
328.0	
324.0	
347.0	
351.0	
361.0	
358.0	
354.0	
372.0	
377.0	
375.0	
377.0	
369.0	
376.0	
394.0	
394.0	
397.0	
402.0	
389.0	
397.0	
410.0	
408.0	
418.0	
419.0	
425.0	
420.0	
424.0	
421.0	
430.0	
431.0	
424.0	
429.0	
438.0	
434.0	
449.0	
451.0	
462.0	
442.0	
436.0	
446.0	
452.0	
459.0	
460.0	
459.0	
465.0	
461.0	
455.0	
470.0	
446.0	
456.0	
463.0	
449.0	
456.0	
454.0	
448.0	
448.0	
450.0	
445.0	
458.0	
443.0	
456.0	
463.0	
464.0	
467.0	
470.0	
466.0	
458.0	
460.0	
461.0	
473.0	
458.0	
440.0	
431.0	
436.0	
447.0	
436.0	
432.0	
426.0	
430.0	
441.0	
426.0	
425.0	
410.0	
411.0	
424.0	
413.0	
414.0	
406.0	
399.0	
399.0	
395.0	
383.0	
383.0	
388.0	
383.0	
370.0	
371.0	
362.0	
366.0	
348.0	
351.0	
349.0	
334.0	
340.0	
335.0	
326.0	
325.0	
312.0	
319.0	
306.0	
295.0	
299.0	
288.0	
291.0	
272.0	
274.0	
277.0	
268.0	
261.0	
243.0	
249.0	
252.0	
243.0	
236.0	
242.0	
229.0	
226.0	
218.0	
214.0	
213.0	
207.0	
199.0	
200.0	
195.0	
180.0	
179.0	
178.0	
173.0	
166.0	
165.0	
155.0	
153.0	
147.0	
135.0	
139.0	
142.0	
133.0	
116.0	
116.0	
113.0	
110.0	
96.0	
93.0	
93.0	
80.0	
79.0	
85.0	
79.0	
71.0	
71.0	
62.0	
58.0	
49.0	
44.0	
45.0	
41.0	
37.0	
40.0	
38.0	
42.0	
23.0	
26.0	
22.0	
9.0	
2.0	
-10.0	
-5.0	
-10.0	
-16.0	
-7.0	
-15.0	
-12.0	
-22.0	
-31.0	
-24.0	
-26.0	
-12.0	
-12.0	
-29.0	
-43.0	
-52.0	
-36.0	
-41.0	
-48.0	
-41.0	
-47.0	
-61.0	
-59.0	
-55.0	
-48.0	
-51.0	
-47.0	
-46.0	
-43.0	
-51.0	
-55.0	
-63.0	
-79.0	
-71.0	
-63.0	
-83.0	
-81.0	
-78.0	
-68.0	
-64.0	
-66.0	
-63.0	
-77.0	
-72.0	
-64.0	
-77.0	
-82.0	
-81.0	
-66.0	
-82.0	
-72.0	
-78.0	
-80.0	
-67.0	
-61.0	
-74.0	
-73.0	
-65.0	
-71.0	
-75.0	
-64.0	
-62.0	
-54.0	
-64.0	
-53.0	
-46.0	
-42.0	
-52.0	
-51.0	
-53.0	
-56.0	
-44.0	
-55.0	
-46.0	
-32.0	
-25.0	
-25.0	
-36.0	
-43.0	
-40.0	
-29.0	
-26.0	
-31.0	
-10.0	
-16.0	
-20.0	
-23.0	
-13.0	
-9.0	
-17.0	
-21.0	
-6.0	
10.0	
4.0	
16.0	
17.0	
20.0	
18.0	
33.0	
34.0	
20.0	
25.0	
29.0	
25.0	
35.0	
48.0	
38.0	
38.0	
52.0	
49.0	
50.0	
64.0	
61.0	
59.0	
72.0	
66.0	
68.0	
74.0	
58.0	
67.0	
87.0	
87.0	
97.0	
102.0	
101.0	
113.0	
114.0	
113.0	
119.0	
126.0	
125.0	
128.0	
133.0	
145.0	
150.0	
152.0	
156.0	
148.0	
154.0	
145.0	
154.0	
174.0	
168.0	
168.0	
163.0	
169.0	
178.0	
181.0	
175.0	
170.0	
176.0	
185.0	
194.0	
194.0	
184.0	
179.0	
187.0	
188.0	
191.0	
204.0	
192.0	
197.0	
198.0	
199.0	
205.0	
215.0	
227.0	
227.0	
218.0	
214.0	
222.0	
228.0	
235.0	
246.0	
236.0	
242.0	
244.0	
229.0	
242.0	
244.0	
246.0	
251.0	
232.0	
238.0	
257.0	
256.0	
263.0	
252.0	
239.0	
234.0	
237.0	
253.0	
263.0	
257.0	
255.0	
254.0	
252.0	
239.0	
241.0	
258.0	
263.0	
259.0	
257.0	
255.0	
256.0	
254.0	
241.0	
251.0	
246.0	
250.0	
256.0	
255.0	
254.0	
247.0	
247.0	
259.0	
255.0	
247.0	
238.0	
245.0	
237.0	
233.0	
243.0	
252.0	
239.0	
234.0	
240.0	
227.0	
232.0	
228.0	
229.0	
236.0	
234.0	
223.0	
225.0	
210.0	
219.0	
237.0	
225.0	
206.0	
206.0	
209.0	
202.0	
189.0	
204.0	
187.0	
180.0	
198.0	
186.0	
187.0	
184.0	
180.0	
183.0	
175.0	
191.0	
174.0	
180.0	
186.0	
167.0	
160.0	
166.0	
168.0	
158.0	
165.0	
144.0	
151.0	
140.0	
134.0	
134.0	
129.0	
125.0	
128.0	
129.0	
136.0	
128.0	
119.0	
116.0	
119.0	
123.0	
123.0	
125.0	
116.0	
112.0	
