-5.0	
-5.0	
-8.0	
-17.0	
-26.0	
-16.0	
-23.0	
-36.0	
-35.0	
-35.0	
-26.0	
-20.0	
-28.0	
-26.0	
-30.0	
-34.0	
-40.0	
-45.0	
-60.0	
-60.0	
-61.0	
-57.0	
-75.0	
-74.0	
-66.0	
-55.0	
-59.0	
-70.0	
-72.0	
-76.0	
-78.0	
-73.0	
-75.0	
-78.0	
-69.0	
-89.0	
-89.0	
-88.0	
-106.0	
-107.0	
-98.0	
-106.0	
-104.0	
-121.0	
-120.0	
-104.0	
-108.0	
-130.0	
-119.0	
-134.0	
-126.0	
-130.0	
-134.0	
-133.0	
-148.0	
-133.0	
-133.0	
-147.0	
-151.0	
-142.0	
-154.0	
-158.0	
-170.0	
-184.0	
-177.0	
-170.0	
-178.0	
-184.0	
-180.0	
-174.0	
-184.0	
-184.0	
-195.0	
-211.0	
-196.0	
-194.0	
-198.0	
-208.0	
-203.0	
-218.0	
-234.0	
-231.0	
-241.0	
-244.0	
-247.0	
-252.0	
-248.0	
-253.0	
-256.0	
-257.0	
-243.0	
-248.0	
-278.0	
-281.0	
-272.0	
-278.0	
-288.0	
-288.0	
-290.0	
-295.0	
-304.0	
-303.0	
-297.0	
-308.0	
-320.0	
-324.0	
-332.0	
-320.0	
-326.0	
-332.0	
-331.0	
-325.0	
-324.0	
-325.0	
-343.0	
-335.0	
-342.0	
-344.0	
-342.0	
-352.0	
-346.0	
-358.0	
-356.0	
-353.0	
-358.0	
-352.0	
-353.0	
-367.0	
-371.0	
-369.0	
-382.0	
-371.0	
-373.0	
-373.0	
-383.0	
-386.0	
-377.0	
-396.0	
-381.0	
-381.0	
-390.0	
-395.0	
-398.0	
-394.0	
-388.0	
-389.0	
-398.0	
-404.0	
-405.0	
-394.0	
-398.0	
-412.0	
-398.0	
-384.0	
-408.0	
-404.0	
-399.0	
-397.0	
-391.0	
-397.0	
-388.0	
-397.0	
-390.0	
-392.0	
-390.0	
-404.0	
-399.0	
-387.0	
-394.0	
-399.0	
-398.0	
-391.0	
-383.0	
-395.0	
-404.0	
-401.0	
-380.0	
-382.0	
-386.0	
-389.0	
-385.0	
-384.0	
-372.0	
-356.0	
-368.0	
-363.0	
-368.0	
-375.0	
-362.0	
-354.0	
-363.0	
-362.0	
-347.0	
-334.0	
-348.0	
-350.0	
-343.0	
-335.0	
-321.0	
-330.0	
-324.0	
-329.0	
-338.0	
-320.0	
-319.0	
-318.0	
-310.0	
-300.0	
-303.0	
-304.0	
-309.0	
-301.0	
-292.0	
-290.0	
-288.0	
-286.0	
-292.0	
-280.0	
-271.0	
-283.0	
-270.0	
-277.0	
-266.0	
-258.0	
-262.0	
-256.0	
-251.0	
-246.0	
-248.0	
-235.0	
-225.0	
-237.0	
-236.0	
-230.0	
-223.0	
-211.0	
-214.0	
-202.0	
-205.0	
-207.0	
-205.0	
-192.0	
-189.0	
-192.0	
-188.0	
-187.0	
-194.0	
-187.0	
-179.0	
-181.0	
-168.0	
-169.0	
-174.0	
-169.0	
-163.0	
-163.0	
-162.0	
-159.0	
-149.0	
-153.0	
-147.0	
-144.0	
-149.0	
-139.0	
-141.0	
-136.0	
-123.0	
-125.0	
-128.0	
-131.0	
-117.0	
-121.0	
-120.0	
-113.0	
-116.0	
-125.0	
-115.0	
-100.0	
-103.0	
-108.0	
-102.0	
-114.0	
-102.0	
-82.0	
-79.0	
-97.0	
-90.0	
-91.0	
-84.0	
-87.0	
-88.0	
-76.0	
-82.0	
-84.0	
-87.0	
-74.0	
-87.0	
-74.0	
-63.0	
-53.0	
-65.0	
-65.0	
-54.0	
-52.0	
-45.0	
-49.0	
-38.0	
-46.0	
-37.0	
-42.0	
-52.0	
-39.0	
-33.0	
-41.0	
-41.0	
-30.0	
-32.0	
-23.0	
-22.0	
-27.0	
-26.0	
-27.0	
-44.0	
-35.0	
-28.0	
-16.0	
-23.0	
-31.0	
-28.0	
-19.0	
-15.0	
-15.0	
-16.0	
-2.0	
-3.0	
-9.0	
2.0	
-8.0	
-15.0	
0.0	
-7.0	
6.0	
15.0	
9.0	
0.0	
2.0	
-7.0	
3.0	
10.0	
6.0	
7.0	
-1.0	
-4.0	
-2.0	
-2.0	
1.0	
13.0	
5.0	
16.0	
14.0	
8.0	
15.0	
17.0	
23.0	
13.0	
16.0	
22.0	
24.0	
11.0	
8.0	
15.0	
22.0	
19.0	
14.0	
24.0	
20.0	
8.0	
18.0	
18.0	
31.0	
18.0	
5.0	
17.0	
23.0	
34.0	
30.0	
23.0	
26.0	
36.0	
41.0	
34.0	
27.0	
37.0	
41.0	
28.0	
35.0	
39.0	
48.0	
42.0	
44.0	
42.0	
21.0	
30.0	
30.0	
16.0	
28.0	
30.0	
38.0	
26.0	
33.0	
36.0	
32.0	
21.0	
36.0	
41.0	
32.0	
29.0	
26.0	
43.0	
45.0	
43.0	
27.0	
30.0	
29.0	
36.0	
47.0	
45.0	
42.0	
51.0	
38.0	
33.0	
20.0	
37.0	
43.0	
32.0	
38.0	
28.0	
33.0	
42.0	
42.0	
30.0	
27.0	
35.0	
38.0	
33.0	
46.0	
51.0	
44.0	
40.0	
42.0	
37.0	
38.0	
37.0	
36.0	
40.0	
32.0	
23.0	
40.0	
43.0	
51.0	
54.0	
34.0	
35.0	
46.0	
60.0	
48.0	
46.0	
65.0	
55.0	
61.0	
78.0	
75.0	
56.0	
58.0	
57.0	
58.0	
62.0	
56.0	
61.0	
67.0	
69.0	
56.0	
61.0	
69.0	
61.0	
60.0	
67.0	
65.0	
64.0	
74.0	
70.0	
76.0	
80.0	
71.0	
72.0	
70.0	
68.0	
72.0	
74.0	
77.0	
74.0	
74.0	
74.0	
65.0	
72.0	
78.0	
70.0	
86.0	
86.0	
89.0	
88.0	
90.0	
85.0	
98.0	
91.0	
90.0	
99.0	
94.0	
93.0	
88.0	
107.0	
101.0	
106.0	
112.0	
112.0	
108.0	
113.0	
114.0	
115.0	
104.0	
106.0	
112.0	
110.0	
118.0	
123.0	
123.0	
120.0	
134.0	
116.0	
110.0	
110.0	
116.0	
120.0	
114.0	
113.0	
115.0	
130.0	
138.0	
126.0	
119.0	
123.0	
118.0	
125.0	
125.0	
134.0	
143.0	
129.0	
131.0	
146.0	
153.0	
145.0	
147.0	
152.0	
156.0	
137.0	
142.0	
147.0	
151.0	
156.0	
156.0	
150.0	
152.0	
152.0	
150.0	
153.0	
144.0	
156.0	
156.0	
157.0	
152.0	
154.0	
166.0	
168.0	
155.0	
158.0	
181.0	
173.0	
168.0	
178.0	
169.0	
169.0	
168.0	
164.0	
169.0	
169.0	
181.0	
185.0	
177.0	
192.0	
178.0	
180.0	
180.0	
181.0	
185.0	
185.0	
188.0	
199.0	
196.0	
179.0	
183.0	
197.0	
194.0	
181.0	
187.0	
180.0	
188.0	
192.0	
192.0	
184.0	
186.0	
193.0	
179.0	
193.0	
186.0	
189.0	
192.0	
198.0	
190.0	
204.0	
202.0	
196.0	
184.0	
189.0	
190.0	
185.0	
199.0	
187.0	
181.0	
192.0	
179.0	
173.0	
183.0	
185.0	
189.0	
193.0	
201.0	
202.0	
184.0	
178.0	
199.0	
203.0	
191.0	
190.0	
178.0	
184.0	
189.0	
194.0	
193.0	
186.0	
177.0	
181.0	
200.0	
185.0	
178.0	
194.0	
188.0	
173.0	
176.0	
190.0	
176.0	
190.0	
203.0	
190.0	
193.0	
183.0	
177.0	
173.0	
175.0	
166.0	
178.0	
176.0	
184.0	
183.0	
180.0	
184.0	
181.0	
189.0	
171.0	
188.0	
189.0	
180.0	
177.0	
174.0	
186.0	
180.0	
179.0	
177.0	
177.0	
184.0	
178.0	
180.0	
175.0	
170.0	
173.0	
179.0	
186.0	
169.0	
168.0	
187.0	
187.0	
168.0	
175.0	
181.0	
169.0	
168.0	
176.0	
172.0	
182.0	
165.0	
162.0	
169.0	
162.0	
171.0	
172.0	
175.0	
176.0	
161.0	
160.0	
160.0	
157.0	
164.0	
167.0	
172.0	
164.0	
159.0	
151.0	
165.0	
162.0	
151.0	
170.0	
157.0	
164.0	
161.0	
158.0	
159.0	
162.0	
157.0	
145.0	
149.0	
147.0	
147.0	
147.0	
149.0	
151.0	
157.0	
145.0	
136.0	
136.0	
134.0	
152.0	
153.0	
141.0	
134.0	
152.0	
164.0	
156.0	
153.0	
156.0	
152.0	
158.0	
149.0	
141.0	
142.0	
150.0	
149.0	
150.0	
146.0	
147.0	
138.0	
134.0	
144.0	
131.0	
134.0	
138.0	
140.0	
133.0	
141.0	
137.0	
129.0	
126.0	
132.0	
130.0	
137.0	
141.0	
122.0	
123.0	
131.0	
126.0	
134.0	
125.0	
124.0	
147.0	
141.0	
129.0	
138.0	
133.0	
121.0	
130.0	
129.0	
118.0	
120.0	
128.0	
118.0	
121.0	
123.0	
118.0	
127.0	
118.0	
116.0	
127.0	
128.0	
138.0	
126.0	
107.0	
120.0	
101.0	
109.0	
120.0	
124.0	
113.0	
114.0	
126.0	
116.0	
112.0	
110.0	
119.0	
125.0	
123.0	
115.0	
118.0	
108.0	
117.0	
116.0	
108.0	
113.0	
135.0	
135.0	
119.0	
116.0	
119.0	
107.0	
106.0	
110.0	
116.0	
103.0	
102.0	
112.0	
116.0	
114.0	
111.0	
111.0	
121.0	
112.0	
113.0	
112.0	
111.0	
111.0	
107.0	
107.0	
111.0	
111.0	
117.0	
104.0	
102.0	
111.0	
107.0	
108.0	
104.0	
107.0	
104.0	
105.0	
112.0	
108.0	
108.0	
98.0	
101.0	
101.0	
97.0	
93.0	
94.0	
102.0	
107.0	
96.0	
91.0	
90.0	
104.0	
94.0	
94.0	
94.0	
92.0	
90.0	
95.0	
88.0	
91.0	
85.0	
90.0	
90.0	
88.0	
87.0	
81.0	
78.0	
71.0	
76.0	
80.0	
81.0	
76.0	
71.0	
84.0	
77.0	
65.0	
81.0	
82.0	
75.0	
66.0	
85.0	
80.0	
80.0	
80.0	
74.0	
67.0	
66.0	
68.0	
63.0	
58.0	
60.0	
52.0	
71.0	
56.0	
58.0	
48.0	
55.0	
62.0	
59.0	
58.0	
67.0	
62.0	
60.0	
55.0	
61.0	
62.0	
66.0	
44.0	
37.0	
54.0	
60.0	
49.0	
64.0	
51.0	
50.0	
44.0	
43.0	
45.0	
52.0	
47.0	
57.0	
56.0	
57.0	
46.0	
32.0	
23.0	
30.0	
45.0	
51.0	
41.0	
30.0	
38.0	
27.0	
28.0	
32.0	
33.0	
29.0	
31.0	
21.0	
21.0	
34.0	
27.0	
18.0	
23.0	
14.0	
11.0	
29.0	
32.0	
26.0	
24.0	
9.0	
7.0	
12.0	
11.0	
11.0	
6.0	
6.0	
3.0	
11.0	
7.0	
10.0	
12.0	
6.0	
18.0	
0.0	
-1.0	
11.0	
5.0	
-4.0	
-3.0	
3.0	
0.0	
9.0	
10.0	
6.0	
-8.0	
0.0	
-8.0	
2.0	
1.0	
-2.0	
0.0	
6.0	
12.0	
0.0	
0.0	
1.0	
-3.0	
-8.0	
-7.0	
-9.0	
-4.0	
-10.0	
0.0	
-8.0	
-16.0	
0.0	
-2.0	
-17.0	
-18.0	
-11.0	
-14.0	
-12.0	
-3.0	
-16.0	
-29.0	
-20.0	
-29.0	
-17.0	
-22.0	
-22.0	
-25.0	
-23.0	
-14.0	
-11.0	
-21.0	
-16.0	
-20.0	
-24.0	
-16.0	
-19.0	
-14.0	
-23.0	
-30.0	
-33.0	
-31.0	
-27.0	
-28.0	
-36.0	
-32.0	
-33.0	
-28.0	
-29.0	
-40.0	
-38.0	
-33.0	
-40.0	
-33.0	
-28.0	
-41.0	
-28.0	
-24.0	
-13.0	
-24.0	
-34.0	
-46.0	
-32.0	
-33.0	
-34.0	
-36.0	
-22.0	
-33.0	
-23.0	
-27.0	
-41.0	
-37.0	
-35.0	
-32.0	
-25.0	
-25.0	
-44.0	
-39.0	
-42.0	
-41.0	
-22.0	
-31.0	
-28.0	
-44.0	
-41.0	
-38.0	
-34.0	
-47.0	
-42.0	
-51.0	
-56.0	
-47.0	
-50.0	
-46.0	
-35.0	
-39.0	
-45.0	
-45.0	
-45.0	
-50.0	
-47.0	
-42.0	
-41.0	
-38.0	
-36.0	
-54.0	
-64.0	
-41.0	
-29.0	
-37.0	
-48.0	
-46.0	
-36.0	
-47.0	
-56.0	
-57.0	
-47.0	
-48.0	
-41.0	
-32.0	
-57.0	
-62.0	
-39.0	
-51.0	
-55.0	
-57.0	
-53.0	
-46.0	
-40.0	
-49.0	
-56.0	
-63.0	
-50.0	
-55.0	
-50.0	
-43.0	
-50.0	
-50.0	
-53.0	
-54.0	
-49.0	
-47.0	
-46.0	
-52.0	
-53.0	
-50.0	
-55.0	
-58.0	
-62.0	
-43.0	
-39.0	
-51.0	
-48.0	
-52.0	
-47.0	
-37.0	
-52.0	
-41.0	
-35.0	
-37.0	
-56.0	
-53.0	
-43.0	
-48.0	
-51.0	
-54.0	
-48.0	
-58.0	
-44.0	
-31.0	
-33.0	
-50.0	
-39.0	
-39.0	
-35.0	
-33.0	
-40.0	
-59.0	
-40.0	
-52.0	
-52.0	
-55.0	
-41.0	
-52.0	
-38.0	
-30.0	
-39.0	
-45.0	
-32.0	
-33.0	
-22.0	
-34.0	
-30.0	
-40.0	
-31.0	
-32.0	
-42.0	
-44.0	
-31.0	
-39.0	
-44.0	
-21.0	
-25.0	
-23.0	
-15.0	
-21.0	
-16.0	
-24.0	
-25.0	
-34.0	
-32.0	
-32.0	
-27.0	
-34.0	
-35.0	
-23.0	
-35.0	
-31.0	
-30.0	
-31.0	
-35.0	
-21.0	
-26.0	
-22.0	
-21.0	
-42.0	
-38.0	
-24.0	
-24.0	
-20.0	
-21.0	
-27.0	
-16.0	
-18.0	
-12.0	
-17.0	
-30.0	
-32.0	
-36.0	
-34.0	
-32.0	
-24.0	
-26.0	
-34.0	
-25.0	
-20.0	
-18.0	
-6.0	
-16.0	
-24.0	
-14.0	
-19.0	
-15.0	
-21.0	
-6.0	
-19.0	
-28.0	
-28.0	
-15.0	
-25.0	
-27.0	
-8.0	
-15.0	
-12.0	
-5.0	
-6.0	
-11.0	
-15.0	
-12.0	
-8.0	
-4.0	
-15.0	
-3.0	
-1.0	
-28.0	
-14.0	
-15.0	
-24.0	
-16.0	
-24.0	
-24.0	
-25.0	
-19.0	
-22.0	
-21.0	
-17.0	
-23.0	
-28.0	
-25.0	
-23.0	
-25.0	
