-38.0	
-33.0	
-44.0	
-44.0	
-37.0	
-27.0	
-43.0	
-38.0	
-31.0	
-41.0	
-38.0	
-22.0	
-27.0	
-41.0	
-27.0	
-17.0	
-34.0	
-31.0	
-37.0	
-34.0	
-28.0	
-31.0	
-41.0	
-31.0	
-40.0	
-38.0	
-29.0	
-44.0	
-46.0	
-44.0	
-42.0	
-59.0	
-66.0	
-53.0	
-27.0	
-45.0	
-59.0	
-59.0	
-46.0	
-50.0	
-54.0	
-41.0	
-53.0	
-44.0	
-49.0	
-54.0	
-56.0	
-57.0	
-56.0	
-54.0	
-69.0	
-76.0	
-66.0	
-61.0	
-51.0	
-50.0	
-51.0	
-54.0	
-78.0	
-93.0	
-82.0	
-70.0	
-66.0	
-72.0	
-83.0	
-63.0	
-72.0	
-73.0	
-61.0	
-75.0	
-73.0	
-74.0	
-69.0	
-80.0	
-76.0	
-65.0	
-73.0	
-78.0	
-80.0	
-80.0	
-85.0	
-94.0	
-96.0	
-77.0	
-80.0	
-84.0	
-94.0	
-98.0	
-97.0	
-98.0	
-109.0	
-89.0	
-95.0	
-108.0	
-107.0	
-108.0	
-98.0	
-109.0	
-107.0	
-100.0	
-109.0	
-114.0	
-115.0	
-107.0	
-110.0	
-110.0	
-115.0	
-117.0	
-112.0	
-111.0	
-108.0	
-108.0	
-121.0	
-109.0	
-113.0	
-118.0	
-125.0	
-121.0	
-114.0	
-121.0	
-132.0	
-125.0	
-125.0	
-132.0	
-118.0	
-112.0	
-126.0	
-136.0	
-126.0	
-121.0	
-119.0	
-127.0	
-128.0	
-135.0	
-133.0	
-130.0	
-129.0	
-133.0	
-152.0	
-148.0	
-134.0	
-134.0	
-136.0	
-126.0	
-134.0	
-134.0	
-134.0	
-127.0	
-107.0	
-124.0	
-119.0	
-124.0	
-138.0	
-132.0	
-133.0	
-121.0	
-99.0	
-111.0	
-139.0	
-139.0	
-129.0	
-115.0	
-104.0	
-98.0	
-106.0	
-103.0	
-107.0	
-113.0	
-107.0	
-114.0	
-111.0	
-107.0	
-100.0	
-102.0	
-94.0	
-97.0	
-101.0	
-96.0	
-94.0	
-97.0	
-105.0	
-93.0	
-96.0	
-99.0	
-98.0	
-99.0	
-99.0	
-81.0	
-99.0	
-85.0	
-74.0	
-80.0	
-81.0	
-80.0	
-89.0	
-80.0	
-72.0	
-61.0	
-56.0	
-68.0	
-69.0	
-50.0	
-65.0	
-63.0	
-48.0	
-48.0	
-47.0	
-55.0	
-51.0	
-42.0	
-41.0	
-50.0	
-46.0	
-49.0	
-54.0	
-43.0	
-25.0	
-36.0	
-31.0	
-18.0	
-21.0	
-24.0	
-29.0	
-28.0	
-20.0	
-9.0	
-14.0	
-19.0	
-8.0	
-1.0	
-4.0	
-1.0	
2.0	
8.0	
-4.0	
7.0	
29.0	
30.0	
20.0	
5.0	
15.0	
27.0	
27.0	
26.0	
34.0	
35.0	
41.0	
40.0	
51.0	
50.0	
49.0	
55.0	
41.0	
43.0	
56.0	
51.0	
55.0	
62.0	
59.0	
66.0	
67.0	
70.0	
76.0	
87.0	
74.0	
76.0	
79.0	
92.0	
103.0	
102.0	
89.0	
90.0	
97.0	
87.0	
109.0	
110.0	
97.0	
103.0	
106.0	
105.0	
103.0	
101.0	
113.0	
118.0	
126.0	
128.0	
126.0	
139.0	
130.0	
135.0	
134.0	
127.0	
131.0	
129.0	
132.0	
137.0	
147.0	
141.0	
139.0	
147.0	
145.0	
151.0	
150.0	
160.0	
146.0	
147.0	
138.0	
144.0	
143.0	
155.0	
168.0	
176.0	
167.0	
163.0	
160.0	
157.0	
164.0	
169.0	
165.0	
163.0	
145.0	
156.0	
171.0	
171.0	
173.0	
179.0	
183.0	
182.0	
190.0	
191.0	
208.0	
209.0	
203.0	
183.0	
193.0	
188.0	
196.0	
201.0	
204.0	
209.0	
209.0	
214.0	
216.0	
208.0	
207.0	
213.0	
217.0	
218.0	
231.0	
229.0	
223.0	
223.0	
235.0	
241.0	
242.0	
254.0	
225.0	
239.0	
252.0	
246.0	
243.0	
235.0	
241.0	
250.0	
242.0	
253.0	
247.0	
242.0	
249.0	
246.0	
230.0	
235.0	
250.0	
246.0	
252.0	
259.0	
253.0	
248.0	
249.0	
244.0	
268.0	
264.0	
251.0	
241.0	
245.0	
258.0	
260.0	
264.0	
242.0	
244.0	
252.0	
256.0	
246.0	
229.0	
248.0	
248.0	
243.0	
240.0	
230.0	
231.0	
232.0	
228.0	
251.0	
234.0	
236.0	
239.0	
233.0	
223.0	
229.0	
237.0	
233.0	
224.0	
224.0	
231.0	
232.0	
209.0	
218.0	
237.0	
228.0	
225.0	
224.0	
225.0	
219.0	
210.0	
202.0	
197.0	
204.0	
207.0	
189.0	
189.0	
195.0	
202.0	
205.0	
203.0	
200.0	
204.0	
217.0	
207.0	
213.0	
227.0	
221.0	
224.0	
213.0	
224.0	
237.0	
240.0	
253.0	
256.0	
245.0	
261.0	
252.0	
251.0	
246.0	
250.0	
253.0	
253.0	
261.0	
258.0	
250.0	
251.0	
241.0	
240.0	
267.0	
268.0	
262.0	
266.0	
253.0	
246.0	
253.0	
257.0	
236.0	
243.0	
257.0	
257.0	
243.0	
235.0	
233.0	
231.0	
236.0	
224.0	
239.0	
242.0	
218.0	
218.0	
220.0	
226.0	
237.0	
227.0	
223.0	
222.0	
208.0	
205.0	
202.0	
184.0	
198.0	
188.0	
185.0	
179.0	
177.0	
177.0	
187.0	
173.0	
182.0	
172.0	
174.0	
178.0	
173.0	
172.0	
156.0	
164.0	
156.0	
155.0	
149.0	
141.0	
140.0	
148.0	
139.0	
127.0	
133.0	
116.0	
124.0	
120.0	
111.0	
118.0	
122.0	
111.0	
118.0	
105.0	
113.0	
108.0	
109.0	
106.0	
88.0	
84.0	
85.0	
102.0	
103.0	
102.0	
75.0	
86.0	
88.0	
77.0	
60.0	
70.0	
70.0	
68.0	
64.0	
63.0	
76.0	
55.0	
47.0	
49.0	
46.0	
48.0	
49.0	
50.0	
47.0	
55.0	
37.0	
44.0	
43.0	
35.0	
40.0	
29.0	
40.0	
30.0	
28.0	
31.0	
39.0	
34.0	
23.0	
21.0	
38.0	
40.0	
17.0	
14.0	
27.0	
18.0	
5.0	
28.0	
19.0	
-3.0	
-6.0	
4.0	
1.0	
12.0	
-7.0	
-6.0	
-3.0	
3.0	
0.0	
-10.0	
-23.0	
-17.0	
-15.0	
-22.0	
-29.0	
-11.0	
-5.0	
-8.0	
-6.0	
-20.0	
-19.0	
-19.0	
-14.0	
-12.0	
-11.0	
-19.0	
-23.0	
-21.0	
-24.0	
-37.0	
-30.0	
-33.0	
-13.0	
-15.0	
-23.0	
-23.0	
-9.0	
-12.0	
-22.0	
-12.0	
-9.0	
-32.0	
-37.0	
-29.0	
-30.0	
-35.0	
-28.0	
-36.0	
-46.0	
-28.0	
-32.0	
-27.0	
-31.0	
-42.0	
-33.0	
-33.0	
-33.0	
-39.0	
-42.0	
-53.0	
-39.0	
-33.0	
-36.0	
-36.0	
-31.0	
-26.0	
-31.0	
-37.0	
-25.0	
-30.0	
-42.0	
-42.0	
-36.0	
-28.0	
-22.0	
-39.0	
-28.0	
-24.0	
-24.0	
-16.0	
-35.0	
-24.0	
-22.0	
-24.0	
-13.0	
-4.0	
-23.0	
-21.0	
-24.0	
-22.0	
-6.0	
-23.0	
-26.0	
-18.0	
-19.0	
-13.0	
-18.0	
-9.0	
-3.0	
-18.0	
-4.0	
0.0	
0.0	
-8.0	
1.0	
-7.0	
-1.0	
2.0	
-3.0	
-1.0	
-8.0	
-3.0	
8.0	
14.0	
10.0	
9.0	
20.0	
12.0	
11.0	
20.0	
6.0	
17.0	
13.0	
12.0	
18.0	
25.0	
31.0	
21.0	
27.0	
34.0	
43.0	
27.0	
21.0	
20.0	
12.0	
23.0	
35.0	
32.0	
