145.0	
137.0	
126.0	
138.0	
127.0	
125.0	
133.0	
127.0	
131.0	
129.0	
119.0	
107.0	
130.0	
126.0	
121.0	
126.0	
119.0	
103.0	
96.0	
102.0	
96.0	
101.0	
99.0	
94.0	
83.0	
71.0	
90.0	
83.0	
81.0	
86.0	
77.0	
87.0	
92.0	
71.0	
77.0	
71.0	
71.0	
54.0	
56.0	
54.0	
54.0	
47.0	
45.0	
35.0	
28.0	
39.0	
43.0	
27.0	
29.0	
24.0	
22.0	
0.0	
11.0	
6.0	
-8.0	
-13.0	
-18.0	
-22.0	
-29.0	
-25.0	
-30.0	
-32.0	
-41.0	
-41.0	
-54.0	
-64.0	
-84.0	
-77.0	
-87.0	
-93.0	
-98.0	
-98.0	
-95.0	
-95.0	
-109.0	
-126.0	
-146.0	
-131.0	
-133.0	
-145.0	
-149.0	
-181.0	
-180.0	
-175.0	
-193.0	
-197.0	
-205.0	
-218.0	
-233.0	
-229.0	
-224.0	
-245.0	
-236.0	
-257.0	
-261.0	
-253.0	
-274.0	
-294.0	
-292.0	
-297.0	
-305.0	
-308.0	
-319.0	
-325.0	
-333.0	
-344.0	
-344.0	
-365.0	
-364.0	
-366.0	
-368.0	
-380.0	
-398.0	
-411.0	
-398.0	
-403.0	
-418.0	
-419.0	
-421.0	
-416.0	
-422.0	
-433.0	
-434.0	
-437.0	
-453.0	
-458.0	
-469.0	
-470.0	
-468.0	
-477.0	
-488.0	
-493.0	
-504.0	
-518.0	
-511.0	
-526.0	
-529.0	
-527.0	
-535.0	
-535.0	
-543.0	
-557.0	
-567.0	
-572.0	
-573.0	
-587.0	
-593.0	
-581.0	
-583.0	
-598.0	
-595.0	
-604.0	
-608.0	
-628.0	
-634.0	
-645.0	
-647.0	
-635.0	
-640.0	
-653.0	
-667.0	
-670.0	
-669.0	
-660.0	
-679.0	
-687.0	
-680.0	
-681.0	
-689.0	
-693.0	
-702.0	
-702.0	
-689.0	
-687.0	
-696.0	
-711.0	
-716.0	
-707.0	
-715.0	
-715.0	
-726.0	
-721.0	
-724.0	
-736.0	
-726.0	
-722.0	
-747.0	
-751.0	
-751.0	
-743.0	
-746.0	
-746.0	
-765.0	
-755.0	
-748.0	
-754.0	
-754.0	
-770.0	
-766.0	
-766.0	
-768.0	
-766.0	
-772.0	
-783.0	
-796.0	
-782.0	
-792.0	
-798.0	
-796.0	
-801.0	
-810.0	
-814.0	
-821.0	
-809.0	
-825.0	
-822.0	
-815.0	
-819.0	
-843.0	
-819.0	
-812.0	
-808.0	
-818.0	
-823.0	
-824.0	
-834.0	
-838.0	
-849.0	
-847.0	
-843.0	
-850.0	
-837.0	
-839.0	
-850.0	
-836.0	
-845.0	
-850.0	
-851.0	
-845.0	
-847.0	
-855.0	
-838.0	
-844.0	
-849.0	
-840.0	
-846.0	
-836.0	
-833.0	
-842.0	
-843.0	
-836.0	
-831.0	
-839.0	
-841.0	
-825.0	
-818.0	
-820.0	
-822.0	
-815.0	
-810.0	
-802.0	
-802.0	
-808.0	
-788.0	
-787.0	
-786.0	
-781.0	
-778.0	
-768.0	
-769.0	
-774.0	
-770.0	
-763.0	
-753.0	
-746.0	
-740.0	
-748.0	
-742.0	
-727.0	
-722.0	
-727.0	
-724.0	
-724.0	
-719.0	
-703.0	
-696.0	
-696.0	
-710.0	
-679.0	
-688.0	
-686.0	
-669.0	
-666.0	
-665.0	
-664.0	
-664.0	
-653.0	
-655.0	
-660.0	
-649.0	
-642.0	
-631.0	
-614.0	
-605.0	
-604.0	
-604.0	
-595.0	
-597.0	
-589.0	
-581.0	
-564.0	
-560.0	
-555.0	
-553.0	
-557.0	
-541.0	
-521.0	
-531.0	
-528.0	
-518.0	
-488.0	
-493.0	
-495.0	
-487.0	
-485.0	
-488.0	
-480.0	
-490.0	
-480.0	
-467.0	
-461.0	
-451.0	
-456.0	
-456.0	
-455.0	
-439.0	
-432.0	
-434.0	
-432.0	
-416.0	
-409.0	
-406.0	
-402.0	
-401.0	
-405.0	
-408.0	
-396.0	
-392.0	
-374.0	
-366.0	
-378.0	
-373.0	
-370.0	
-362.0	
-361.0	
-371.0	
-361.0	
-343.0	
-351.0	
-344.0	
-349.0	
-330.0	
-327.0	
-335.0	
-337.0	
-330.0	
-322.0	
-318.0	
-310.0	
-318.0	
-318.0	
-307.0	
-308.0	
-303.0	
-299.0	
-279.0	
-286.0	
-271.0	
-273.0	
-270.0	
-269.0	
-267.0	
-267.0	
-254.0	
-250.0	
-250.0	
-253.0	
-241.0	
-246.0	
-241.0	
-241.0	
-244.0	
-234.0	
-227.0	
-224.0	
-226.0	
-227.0	
-216.0	
-203.0	
-198.0	
-194.0	
-193.0	
-195.0	
-191.0	
-181.0	
-162.0	
-158.0	
-161.0	
-154.0	
-155.0	
-151.0	
-154.0	
-142.0	
-148.0	
-131.0	
-113.0	
-102.0	
-101.0	
-101.0	
-89.0	
-92.0	
-78.0	
-73.0	
-62.0	
-63.0	
-67.0	
-64.0	
-59.0	
-55.0	
-45.0	
-36.0	
-24.0	
-24.0	
-29.0	
-17.0	
-8.0	
9.0	
18.0	
7.0	
10.0	
12.0	
25.0	
41.0	
52.0	
44.0	
52.0	
58.0	
70.0	
77.0	
78.0	
97.0	
98.0	
94.0	
105.0	
114.0	
122.0	
126.0	
148.0	
129.0	
148.0	
155.0	
153.0	
155.0	
183.0	
182.0	
179.0	
175.0	
202.0	
213.0	
205.0	
201.0	
232.0	
233.0	
249.0	
233.0	
241.0	
253.0	
260.0	
249.0	
258.0	
271.0	
283.0	
292.0	
296.0	
304.0	
313.0	
322.0	
326.0	
326.0	
327.0	
326.0	
346.0	
348.0	
349.0	
344.0	
349.0	
355.0	
366.0	
366.0	
387.0	
382.0	
390.0	
396.0	
400.0	
415.0	
416.0	
407.0	
416.0	
415.0	
420.0	
436.0	
432.0	
431.0	
433.0	
439.0	
439.0	
451.0	
461.0	
450.0	
462.0	
469.0	
479.0	
479.0	
462.0	
472.0	
495.0	
488.0	
488.0	
499.0	
494.0	
503.0	
515.0	
516.0	
508.0	
507.0	
508.0	
523.0	
514.0	
517.0	
512.0	
507.0	
519.0	
519.0	
531.0	
527.0	
522.0	
528.0	
517.0	
528.0	
535.0	
529.0	
531.0	
533.0	
536.0	
531.0	
537.0	
532.0	
546.0	
535.0	
529.0	
542.0	
537.0	
527.0	
536.0	
543.0	
532.0	
530.0	
526.0	
531.0	
525.0	
540.0	
545.0	
543.0	
533.0	
536.0	
534.0	
538.0	
538.0	
532.0	
514.0	
531.0	
542.0	
526.0	
514.0	
518.0	
508.0	
515.0	
510.0	
517.0	
523.0	
509.0	
515.0	
521.0	
506.0	
497.0	
518.0	
513.0	
501.0	
498.0	
496.0	
491.0	
488.0	
489.0	
496.0	
504.0	
488.0	
489.0	
500.0	
507.0	
501.0	
493.0	
496.0	
497.0	
499.0	
495.0	
491.0	
489.0	
480.0	
489.0	
495.0	
476.0	
489.0	
491.0	
482.0	
477.0	
477.0	
482.0	
475.0	
486.0	
501.0	
488.0	
488.0	
480.0	
468.0	
478.0	
470.0	
461.0	
476.0	
476.0	
452.0	
460.0	
468.0	
456.0	
445.0	
474.0	
467.0	
460.0	
457.0	
462.0	
471.0	
458.0	
459.0	
458.0	
469.0	
482.0	
466.0	
455.0	
466.0	
459.0	
457.0	
459.0	
453.0	
471.0	
478.0	
458.0	
460.0	
453.0	
438.0	
451.0	
449.0	
446.0	
435.0	
446.0	
452.0	
462.0	
448.0	
444.0	
451.0	
447.0	
432.0	
437.0	
444.0	
437.0	
427.0	
428.0	
430.0	
431.0	
428.0	
432.0	
422.0	
413.0	
436.0	
433.0	
417.0	
420.0	
413.0	
406.0	
405.0	
413.0	
413.0	
418.0	
414.0	
407.0	
403.0	
403.0	
413.0	
403.0	
405.0	
400.0	
403.0	
404.0	
404.0	
378.0	
384.0	
391.0	
386.0	
378.0	
384.0	
373.0	
376.0	
386.0	
381.0	
387.0	
377.0	
367.0	
375.0	
362.0	
351.0	
349.0	
357.0	
358.0	
353.0	
344.0	
338.0	
327.0	
337.0	
344.0	
335.0	
333.0	
322.0	
330.0	
326.0	
325.0	
312.0	
331.0	
319.0	
302.0	
299.0	
301.0	
310.0	
302.0	
306.0	
283.0	
287.0	
289.0	
293.0	
288.0	
271.0	
279.0	
279.0	
285.0	
275.0	
275.0	
272.0	
254.0	
253.0	
258.0	
240.0	
241.0	
250.0	
249.0	
249.0	
246.0	
235.0	
230.0	
223.0	
211.0	
209.0	
218.0	
219.0	
218.0	
200.0	
208.0	
207.0	
205.0	
201.0	
190.0	
184.0	
188.0	
174.0	
181.0	
179.0	
186.0	
189.0	
189.0	
189.0	
187.0	
163.0	
166.0	
157.0	
154.0	
153.0	
153.0	
136.0	
151.0	
159.0	
145.0	
158.0	
159.0	
146.0	
141.0	
147.0	
148.0	
165.0	
146.0	
135.0	
124.0	
117.0	
132.0	
115.0	
116.0	
119.0	
122.0	
114.0	
112.0	
104.0	
88.0	
102.0	
106.0	
106.0	
98.0	
97.0	
87.0	
90.0	
90.0	
80.0	
86.0	
75.0	
66.0	
82.0	
64.0	
55.0	
60.0	
58.0	
69.0	
52.0	
56.0	
67.0	
56.0	
35.0	
51.0	
63.0	
55.0	
38.0	
43.0	
45.0	
36.0	
34.0	
41.0	
31.0	
29.0	
31.0	
25.0	
29.0	
29.0	
22.0	
1.0	
2.0	
12.0	
15.0	
16.0	
28.0	
20.0	
8.0	
5.0	
2.0	
12.0	
13.0	
15.0	
17.0	
11.0	
10.0	
11.0	
9.0	
4.0	
-9.0	
0.0	
-2.0	
-1.0	
-5.0	
-8.0	
-11.0	
5.0	
22.0	
9.0	
-7.0	
-20.0	
-2.0	
-3.0	
-16.0	
-8.0	
-12.0	
-8.0	
-16.0	
-21.0	
-9.0	
-20.0	
-20.0	
-26.0	
-18.0	
-11.0	
-26.0	
-23.0	
-22.0	
-16.0	
-25.0	
-22.0	
-22.0	
-27.0	
-19.0	
-18.0	
-29.0	
-24.0	
-35.0	
-22.0	
-22.0	
-40.0	
-41.0	
-41.0	
-45.0	
-41.0	
-35.0	
-26.0	
-30.0	
-30.0	
-34.0	
-39.0	
-28.0	
-15.0	
-19.0	
-34.0	
-32.0	
-39.0	
-24.0	
-28.0	
-47.0	
-41.0	
-41.0	
-39.0	
-29.0	
-38.0	
-36.0	
-22.0	
-31.0	
-29.0	
-29.0	
-40.0	
-52.0	
-43.0	
-38.0	
-48.0	
-47.0	
-39.0	
-52.0	
-47.0	
-41.0	
-56.0	
-64.0	
-47.0	
-43.0	
-46.0	
-48.0	
-50.0	
-56.0	
-59.0	
-70.0	
-59.0	
-59.0	
-58.0	
-44.0	
-43.0	
-54.0	
-41.0	
-63.0	
-70.0	
-48.0	
-46.0	
-61.0	
-62.0	
-52.0	
-60.0	
-66.0	
-48.0	
-41.0	
-50.0	
-48.0	
-60.0	
-63.0	
-60.0	
-62.0	
-71.0	
-74.0	
-51.0	
-58.0	
-69.0	
-52.0	
-66.0	
-60.0	
-64.0	
-82.0	
-59.0	
-63.0	
-63.0	
-73.0	
-64.0	
-56.0	
-64.0	
-69.0	
-63.0	
-54.0	
-58.0	
-65.0	
-83.0	
-79.0	
-62.0	
-77.0	
-80.0	
-71.0	
-79.0	
-81.0	
-62.0	
-79.0	
-73.0	
-74.0	
-84.0	
-75.0	
-71.0	
-61.0	
-82.0	
-93.0	
-83.0	
-83.0	
-95.0	
-107.0	
-89.0	
-89.0	
-78.0	
-79.0	
-90.0	
-76.0	
-78.0	
-89.0	
-77.0	
-66.0	
-75.0	
-79.0	
-82.0	
-90.0	
-83.0	
-77.0	
-85.0	
-92.0	
-95.0	
-94.0	
-96.0	
-77.0	
-76.0	
-92.0	
-95.0	
-89.0	
-90.0	
-80.0	
-89.0	
-83.0	
-90.0	
-94.0	
-95.0	
-80.0	
-91.0	
-96.0	
-90.0	
-74.0	
-79.0	
-92.0	
-94.0	
-88.0	
-92.0	
-82.0	
-85.0	
-85.0	
-84.0	
-97.0	
-73.0	
-80.0	
-92.0	
-93.0	
-82.0	
-73.0	
-73.0	
-73.0	
-77.0	
-79.0	
-68.0	
-77.0	
-78.0	
-73.0	
-90.0	
-79.0	
-74.0	
-73.0	
-71.0	
-82.0	
-85.0	
-85.0	
-57.0	
-59.0	
-75.0	
-72.0	
-60.0	
-74.0	
-76.0	
-62.0	
-54.0	
-62.0	
-73.0	
-70.0	
-79.0	
-75.0	
-51.0	
-46.0	
-68.0	
-77.0	
-76.0	
-37.0	
-45.0	
-55.0	
-54.0	
-46.0	
-46.0	
-52.0	
-47.0	
-52.0	
-38.0	
-36.0	
-41.0	
-40.0	
-40.0	
-46.0	
-25.0	
-37.0	
-44.0	
-48.0	
-51.0	
-44.0	
-51.0	
-55.0	
-44.0	
-41.0	
-51.0	
-52.0	
-37.0	
-38.0	
-31.0	
-26.0	
-45.0	
-47.0	
-40.0	
-32.0	
-43.0	
-45.0	
-46.0	
-29.0	
