-60.0	
-64.0	
-73.0	
-81.0	
-83.0	
-87.0	
-105.0	
-105.0	
-100.0	
-100.0	
-104.0	
-101.0	
-88.0	
-99.0	
-105.0	
-114.0	
-114.0	
-112.0	
-124.0	
-123.0	
-124.0	
-132.0	
-126.0	
-130.0	
-137.0	
-136.0	
-144.0	
-148.0	
-147.0	
-163.0	
-179.0	
-186.0	
-181.0	
-168.0	
-170.0	
-177.0	
-184.0	
-179.0	
-174.0	
-174.0	
-186.0	
-192.0	
-176.0	
-200.0	
-196.0	
-198.0	
-211.0	
-203.0	
-214.0	
-223.0	
-215.0	
-216.0	
-218.0	
-225.0	
-233.0	
-237.0	
-234.0	
-237.0	
-241.0	
-248.0	
-232.0	
-234.0	
-254.0	
-255.0	
-250.0	
-257.0	
-241.0	
-245.0	
-259.0	
-246.0	
-247.0	
-253.0	
-265.0	
-258.0	
-260.0	
-270.0	
-263.0	
-260.0	
-269.0	
-250.0	
-266.0	
-264.0	
-263.0	
-274.0	
-283.0	
-283.0	
-272.0	
-277.0	
-282.0	
-283.0	
-273.0	
-267.0	
-265.0	
-271.0	
-266.0	
-268.0	
-274.0	
-276.0	
-279.0	
-285.0	
-288.0	
-283.0	
-288.0	
-269.0	
-274.0	
-292.0	
-282.0	
-284.0	
-289.0	
-267.0	
-279.0	
-293.0	
-269.0	
-266.0	
-264.0	
-262.0	
-263.0	
-269.0	
-269.0	
-266.0	
-266.0	
-257.0	
-266.0	
-270.0	
-263.0	
-255.0	
-245.0	
-254.0	
-258.0	
-257.0	
-250.0	
-257.0	
-245.0	
-241.0	
-234.0	
-234.0	
-244.0	
-226.0	
-242.0	
-242.0	
-233.0	
-226.0	
-222.0	
-226.0	
-224.0	
-211.0	
-209.0	
-224.0	
-222.0	
-200.0	
-204.0	
-206.0	
-204.0	
-197.0	
-209.0	
-195.0	
-182.0	
-183.0	
-179.0	
-184.0	
-181.0	
-186.0	
-190.0	
-182.0	
-179.0	
-176.0	
-170.0	
-163.0	
-167.0	
-151.0	
-165.0	
-163.0	
-142.0	
-137.0	
-145.0	
-140.0	
-140.0	
-135.0	
-142.0	
-118.0	
-132.0	
-134.0	
-107.0	
-106.0	
-115.0	
-120.0	
-113.0	
-96.0	
-91.0	
-99.0	
-108.0	
-100.0	
-87.0	
-90.0	
-84.0	
-74.0	
-84.0	
-80.0	
-88.0	
-90.0	
-73.0	
-74.0	
-66.0	
-51.0	
-52.0	
-65.0	
-58.0	
-56.0	
-43.0	
-45.0	
-46.0	
-42.0	
-34.0	
-37.0	
-33.0	
-35.0	
-28.0	
-28.0	
-30.0	
-19.0	
-14.0	
-17.0	
-15.0	
-27.0	
-29.0	
-33.0	
-8.0	
-1.0	
-7.0	
-9.0	
-8.0	
-2.0	
2.0	
11.0	
11.0	
20.0	
16.0	
27.0	
20.0	
17.0	
12.0	
23.0	
9.0	
16.0	
12.0	
33.0	
35.0	
19.0	
21.0	
16.0	
33.0	
44.0	
33.0	
23.0	
18.0	
28.0	
25.0	
25.0	
24.0	
15.0	
13.0	
26.0	
22.0	
29.0	
38.0	
38.0	
36.0	
24.0	
38.0	
46.0	
34.0	
17.0	
15.0	
47.0	
28.0	
28.0	
29.0	
34.0	
35.0	
36.0	
20.0	
37.0	
37.0	
44.0	
24.0	
25.0	
15.0	
21.0	
22.0	
21.0	
22.0	
5.0	
18.0	
16.0	
20.0	
14.0	
14.0	
25.0	
35.0	
25.0	
23.0	
16.0	
8.0	
6.0	
15.0	
19.0	
19.0	
25.0	
10.0	
11.0	
10.0	
2.0	
19.0	
10.0	
8.0	
-3.0	
-5.0	
0.0	
-6.0	
3.0	
0.0	
-16.0	
-11.0	
-12.0	
-18.0	
-32.0	
-28.0	
-19.0	
-27.0	
-28.0	
-30.0	
-22.0	
-23.0	
-35.0	
-31.0	
-25.0	
-24.0	
-29.0	
-32.0	
-43.0	
-51.0	
-33.0	
-30.0	
-38.0	
-23.0	
-38.0	
-51.0	
-43.0	
-53.0	
-49.0	
-47.0	
-67.0	
-52.0	
-43.0	
-51.0	
-53.0	
-52.0	
-65.0	
-69.0	
-58.0	
-47.0	
-45.0	
-33.0	
-52.0	
-54.0	
-51.0	
-54.0	
-64.0	
-70.0	
-44.0	
-46.0	
-53.0	
-61.0	
-50.0	
-55.0	
-60.0	
-66.0	
-65.0	
-56.0	
-51.0	
-52.0	
-61.0	
-56.0	
-54.0	
-48.0	
-53.0	
-53.0	
-45.0	
-50.0	
-65.0	
-64.0	
-63.0	
-55.0	
-54.0	
-56.0	
-59.0	
-51.0	
-65.0	
-50.0	
-60.0	
-66.0	
-74.0	
-70.0	
-51.0	
-48.0	
-57.0	
-67.0	
-72.0	
-60.0	
-52.0	
-61.0	
-54.0	
-59.0	
-61.0	
-65.0	
-67.0	
-61.0	
-54.0	
-51.0	
-53.0	
-62.0	
-64.0	
-54.0	
-48.0	
-42.0	
-51.0	
-54.0	
-62.0	
-48.0	
-47.0	
-46.0	
-43.0	
-46.0	
-49.0	
-49.0	
-58.0	
-57.0	
-48.0	
-46.0	
-50.0	
-31.0	
-33.0	
-31.0	
-44.0	
-48.0	
-52.0	
-42.0	
-45.0	
-36.0	
-50.0	
-48.0	
-19.0	
-30.0	
-39.0	
-37.0	
-29.0	
-34.0	
-22.0	
-14.0	
-21.0	
-19.0	
-14.0	
-21.0	
-27.0	
-12.0	
-16.0	
-15.0	
-4.0	
-18.0	
-26.0	
-31.0	
-25.0	
0.0	
8.0	
0.0	
-9.0	
-8.0	
-2.0	
