-61.0	
-63.0	
-48.0	
-45.0	
-66.0	
-61.0	
-62.0	
-76.0	
-76.0	
-60.0	
-61.0	
-66.0	
-66.0	
-62.0	
-77.0	
-77.0	
-66.0	
-63.0	
-71.0	
-62.0	
-73.0	
-78.0	
-77.0	
-75.0	
-77.0	
-74.0	
-86.0	
-87.0	
-75.0	
-74.0	
-72.0	
-71.0	
-75.0	
-75.0	
-86.0	
-91.0	
-87.0	
-76.0	
-87.0	
-89.0	
-88.0	
-81.0	
-82.0	
-87.0	
-87.0	
-96.0	
-111.0	
-95.0	
-80.0	
-95.0	
-96.0	
-94.0	
-92.0	
-93.0	
-89.0	
-83.0	
-100.0	
-101.0	
-104.0	
-117.0	
-109.0	
-95.0	
-106.0	
-108.0	
-90.0	
-95.0	
-105.0	
-125.0	
-110.0	
-103.0	
-112.0	
-111.0	
-107.0	
-119.0	
-123.0	
-115.0	
-113.0	
-120.0	
-119.0	
-117.0	
-124.0	
-120.0	
-112.0	
-111.0	
-111.0	
-118.0	
-123.0	
-126.0	
-119.0	
-118.0	
-114.0	
-125.0	
-129.0	
-142.0	
-132.0	
-137.0	
-137.0	
-132.0	
-134.0	
-137.0	
-130.0	
-132.0	
-123.0	
-123.0	
-131.0	
-126.0	
-139.0	
-136.0	
-133.0	
-138.0	
-140.0	
-134.0	
-125.0	
-138.0	
-134.0	
-135.0	
-131.0	
-139.0	
-133.0	
-127.0	
-139.0	
-137.0	
-139.0	
-143.0	
-149.0	
-135.0	
-139.0	
-149.0	
-151.0	
-162.0	
-163.0	
-152.0	
-148.0	
-149.0	
-138.0	
-148.0	
-147.0	
-134.0	
-145.0	
-141.0	
-157.0	
-142.0	
-143.0	
-152.0	
-157.0	
-150.0	
-145.0	
-156.0	
-161.0	
-155.0	
-163.0	
-164.0	
-157.0	
-150.0	
-151.0	
-159.0	
-164.0	
-165.0	
-154.0	
-161.0	
-163.0	
-163.0	
-158.0	
-164.0	
-165.0	
-160.0	
-159.0	
-166.0	
-171.0	
-157.0	
-161.0	
-149.0	
-151.0	
-169.0	
-163.0	
-165.0	
-162.0	
-153.0	
-168.0	
-179.0	
-174.0	
-157.0	
-163.0	
-181.0	
-184.0	
-176.0	
-170.0	
-179.0	
-178.0	
-179.0	
-190.0	
-195.0	
-191.0	
-185.0	
-183.0	
-169.0	
-195.0	
-199.0	
-192.0	
-205.0	
-191.0	
-205.0	
-189.0	
-199.0	
-209.0	
-197.0	
-196.0	
-206.0	
-198.0	
-195.0	
-197.0	
-188.0	
-205.0	
-213.0	
-198.0	
-200.0	
-210.0	
-213.0	
-217.0	
-213.0	
-206.0	
-198.0	
-200.0	
-195.0	
-203.0	
-204.0	
-197.0	
-201.0	
-202.0	
-203.0	
-216.0	
-208.0	
-216.0	
-202.0	
-196.0	
-200.0	
-206.0	
-199.0	
-211.0	
-210.0	
-221.0	
-212.0	
-206.0	
-204.0	
-218.0	
-210.0	
-213.0	
-222.0	
-211.0	
-205.0	
-211.0	
-205.0	
-201.0	
-209.0	
-213.0	
-228.0	
-219.0	
-209.0	
-221.0	
-218.0	
-227.0	
-224.0	
-215.0	
-214.0	
-223.0	
-230.0	
-234.0	
-236.0	
-230.0	
-223.0	
-210.0	
-221.0	
-220.0	
-236.0	
-239.0	
-242.0	
-233.0	
-221.0	
-227.0	
-225.0	
-229.0	
-245.0	
-247.0	
-247.0	
-241.0	
-227.0	
-217.0	
-227.0	
-224.0	
-234.0	
-232.0	
-230.0	
-233.0	
-238.0	
-252.0	
-248.0	
-233.0	
-240.0	
-243.0	
-249.0	
-241.0	
-246.0	
-243.0	
-246.0	
-248.0	
-222.0	
-227.0	
-234.0	
-237.0	
-240.0	
-253.0	
-252.0	
-250.0	
-244.0	
-241.0	
-238.0	
-242.0	
-253.0	
-254.0	
-239.0	
-243.0	
-244.0	
-244.0	
-243.0	
-252.0	
-243.0	
-238.0	
-248.0	
-267.0	
-274.0	
-255.0	
-257.0	
-256.0	
-258.0	
-251.0	
-253.0	
-254.0	
-255.0	
-251.0	
-252.0	
-263.0	
-248.0	
-243.0	
-250.0	
-256.0	
-264.0	
-267.0	
-265.0	
-258.0	
-255.0	
-259.0	
-261.0	
-265.0	
-259.0	
-250.0	
-247.0	
-254.0	
-269.0	
-264.0	
-260.0	
-261.0	
-274.0	
-279.0	
-276.0	
-263.0	
-273.0	
-286.0	
-273.0	
-268.0	
-283.0	
-278.0	
-276.0	
-283.0	
-275.0	
-264.0	
-275.0	
-271.0	
-263.0	
-284.0	
-280.0	
-285.0	
-276.0	
-275.0	
-255.0	
-271.0	
-271.0	
-264.0	
-275.0	
-277.0	
-281.0	
-292.0	
-270.0	
-268.0	
-269.0	
-270.0	
-278.0	
-279.0	
-296.0	
-284.0	
-287.0	
-284.0	
-284.0	
-280.0	
-279.0	
-290.0	
-286.0	
-290.0	
-289.0	
-281.0	
-289.0	
-283.0	
-270.0	
-264.0	
-269.0	
-289.0	
-279.0	
-279.0	
-291.0	
-288.0	
-280.0	
-280.0	
-275.0	
-295.0	
-282.0	
-264.0	
-277.0	
-293.0	
-287.0	
-283.0	
-277.0	
-295.0	
-302.0	
-291.0	
-285.0	
-296.0	
-295.0	
-296.0	
-291.0	
-297.0	
-312.0	
-302.0	
-294.0	
-306.0	
-296.0	
-292.0	
-303.0	
-293.0	
-295.0	
-312.0	
-297.0	
-305.0	
-298.0	
-291.0	
-298.0	
-300.0	
-302.0	
-295.0	
-299.0	
-300.0	
-289.0	
-300.0	
-301.0	
-301.0	
-286.0	
-297.0	
-300.0	
-302.0	
-303.0	
-293.0	
-296.0	
-314.0	
-300.0	
-309.0	
-310.0	
-307.0	
-311.0	
-298.0	
-304.0	
-295.0	
-311.0	
-311.0	
-302.0	
-310.0	
-307.0	
-309.0	
-309.0	
-319.0	
-329.0	
-314.0	
-297.0	
-309.0	
-299.0	
-314.0	
-310.0	
-312.0	
-312.0	
-314.0	
-317.0	
-310.0	
-311.0	
-315.0	
-314.0	
-318.0	
-312.0	
-318.0	
-315.0	
-299.0	
-310.0	
-316.0	
-316.0	
-321.0	
-317.0	
-314.0	
-315.0	
-326.0	
-333.0	
-335.0	
-331.0	
-326.0	
-324.0	
-314.0	
-305.0	
-315.0	
-312.0	
-314.0	
-315.0	
-330.0	
-329.0	
-323.0	
-317.0	
-319.0	
-324.0	
-323.0	
-320.0	
-322.0	
-310.0	
-312.0	
-300.0	
-319.0	
-330.0	
-325.0	
-325.0	
-324.0	
-321.0	
-329.0	
-316.0	
-329.0	
-319.0	
-300.0	
-314.0	
-313.0	
-310.0	
-322.0	
-324.0	
-322.0	
-313.0	
-325.0	
-319.0	
-317.0	
-316.0	
-324.0	
-320.0	
-324.0	
-326.0	
-313.0	
-317.0	
-330.0	
-325.0	
-314.0	
-317.0	
-319.0	
-317.0	
-325.0	
-316.0	
-313.0	
-326.0	
-325.0	
-316.0	
-313.0	
-320.0	
-326.0	
-316.0	
-314.0	
-331.0	
-341.0	
-339.0	
-335.0	
-309.0	
-318.0	
-326.0	
-322.0	
-325.0	
-332.0	
-327.0	
-318.0	
-309.0	
-316.0	
-336.0	
-342.0	
-325.0	
-327.0	
-328.0	
-320.0	
-318.0	
-320.0	
-320.0	
-323.0	
-335.0	
-337.0	
-331.0	
-318.0	
-329.0	
-325.0	
-324.0	
-314.0	
-320.0	
-330.0	
-326.0	
-326.0	
-326.0	
-336.0	
-319.0	
-325.0	
-321.0	
-304.0	
-298.0	
-307.0	
-316.0	
-324.0	
-322.0	
-319.0	
-318.0	
-321.0	
-321.0	
-319.0	
-317.0	
-306.0	
-326.0	
-312.0	
-312.0	
-331.0	
-328.0	
-315.0	
-322.0	
-328.0	
-328.0	
-326.0	
-303.0	
-304.0	
-316.0	
-325.0	
-327.0	
-309.0	
-308.0	
-314.0	
-317.0	
-305.0	
-310.0	
-308.0	
-312.0	
-323.0	
-314.0	
-306.0	
-300.0	
-296.0	
-306.0	
-322.0	
-318.0	
-326.0	
-330.0	
-316.0	
-319.0	
-320.0	
-306.0	
-312.0	
-302.0	
-319.0	
-324.0	
-319.0	
-326.0	
-309.0	
-298.0	
-299.0	
-298.0	
-313.0	
-312.0	
-303.0	
-313.0	
-318.0	
-321.0	
-295.0	
-312.0	
-311.0	
-310.0	
-303.0	
-301.0	
-317.0	
-317.0	
-290.0	
-302.0	
-305.0	
-309.0	
-301.0	
-288.0	
-290.0	
-307.0	
-305.0	
-308.0	
-301.0	
-293.0	
-278.0	
-271.0	
-289.0	
-294.0	
-303.0	
-303.0	
-287.0	
-293.0	
-293.0	
-301.0	
-293.0	
-297.0	
-290.0	
-282.0	
-295.0	
-307.0	
-313.0	
-306.0	
-301.0	
-311.0	
-315.0	
-294.0	
-289.0	
-282.0	
-284.0	
-307.0	
-297.0	
-290.0	
-293.0	
-293.0	
-293.0	
-304.0	
-299.0	
-309.0	
-306.0	
-307.0	
-313.0	
-300.0	
-304.0	
-290.0	
-293.0	
-297.0	
-282.0	
-287.0	
-296.0	
-297.0	
-284.0	
-283.0	
-280.0	
-280.0	
-273.0	
-265.0	
-274.0	
-285.0	
-281.0	
-281.0	
-274.0	
-275.0	
-286.0	
-286.0	
-284.0	
-288.0	
-291.0	
-292.0	
-285.0	
-277.0	
-278.0	
-277.0	
-277.0	
-279.0	
-270.0	
-268.0	
-283.0	
-281.0	
-287.0	
-278.0	
-270.0	
-268.0	
-267.0	
-276.0	
-266.0	
-259.0	
-266.0	
-261.0	
-261.0	
-273.0	
-267.0	
-269.0	
-265.0	
-253.0	
-267.0	
-271.0	
-268.0	
-264.0	
-271.0	
-283.0	
-266.0	
-268.0	
-271.0	
-281.0	
-267.0	
-261.0	
-263.0	
-267.0	
-263.0	
-265.0	
-264.0	
-249.0	
-258.0	
-278.0	
-271.0	
-256.0	
-277.0	
-275.0	
-250.0	
-248.0	
-263.0	
-263.0	
-256.0	
-253.0	
-267.0	
-264.0	
-250.0	
-255.0	
-252.0	
-252.0	
-260.0	
-238.0	
-242.0	
-267.0	
-266.0	
-263.0	
-251.0	
-255.0	
-250.0	
-255.0	
-249.0	
-239.0	
-231.0	
-238.0	
-248.0	
-242.0	
-252.0	
-253.0	
-249.0	
-236.0	
-242.0	
-243.0	
-230.0	
-241.0	
-229.0	
-229.0	
-245.0	
-235.0	
-232.0	
-250.0	
-240.0	
-225.0	
-220.0	
-230.0	
-241.0	
-250.0	
-236.0	
-232.0	
-230.0	
-237.0	
-232.0	
-238.0	
-232.0	
-235.0	
-221.0	
-219.0	
-226.0	
-226.0	
-229.0	
-220.0	
-222.0	
-228.0	
-219.0	
-231.0	
-218.0	
-217.0	
-209.0	
-201.0	
-214.0	
-223.0	
-223.0	
-231.0	
-209.0	
-219.0	
-218.0	
-214.0	
-210.0	
-197.0	
-214.0	
-217.0	
-221.0	
-209.0	
-194.0	
-202.0	
-209.0	
-204.0	
-208.0	
-207.0	
-188.0	
-184.0	
-198.0	
-202.0	
-190.0	
-181.0	
-199.0	
-197.0	
-190.0	
-190.0	
-195.0	
-188.0	
-179.0	
-181.0	
-189.0	
-191.0	
-185.0	
-185.0	
-181.0	
-192.0	
-185.0	
-192.0	
-188.0	
-173.0	
-170.0	
-170.0	
-172.0	
-176.0	
-177.0	
-169.0	
-163.0	
-167.0	
-174.0	
-166.0	
-169.0	
-172.0	
-173.0	
-168.0	
-150.0	
-164.0	
-168.0	
-165.0	
-166.0	
-165.0	
-169.0	
-156.0	
-165.0	
-154.0	
-149.0	
-155.0	
-157.0	
-147.0	
-149.0	
-143.0	
-149.0	
-143.0	
-144.0	
-145.0	
-155.0	
-142.0	
-133.0	
-135.0	
-128.0	
-134.0	
-138.0	
-138.0	
-151.0	
-130.0	
-130.0	
-118.0	
-136.0	
-148.0	
-132.0	
-140.0	
-141.0	
-142.0	
-132.0	
-122.0	
-126.0	
-115.0	
-127.0	
-132.0	
-127.0	
-120.0	
-116.0	
-102.0	
-100.0	
-106.0	
-110.0	
-120.0	
-126.0	
-129.0	
-126.0	
-124.0	
-120.0	
-115.0	
-128.0	
-116.0	
-107.0	
-108.0	
-106.0	
-104.0	
-96.0	
-90.0	
-93.0	
-99.0	
-100.0	
-102.0	
-96.0	
-103.0	
-113.0	
-101.0	
-88.0	
-94.0	
-101.0	
-92.0	
-96.0	
-88.0	
-86.0	
-105.0	
-93.0	
-94.0	
-100.0	
-82.0	
-77.0	
-89.0	
-97.0	
-83.0	
-87.0	
-92.0	
-91.0	
-81.0	
-74.0	
-73.0	
-72.0	
-61.0	
-67.0	
-68.0	
-66.0	
-57.0	
-63.0	
-63.0	
-58.0	
-74.0	
-60.0	
-67.0	
-65.0	
-55.0	
-55.0	
-60.0	
-54.0	
-47.0	
-48.0	
-39.0	
-32.0	
-54.0	
-46.0	
-43.0	
-50.0	
-47.0	
-52.0	
-47.0	
-42.0	
-35.0	
-40.0	
-51.0	
-38.0	
-39.0	
-34.0	
-30.0	
-30.0	
-35.0	
-31.0	
-33.0	
-37.0	
-39.0	
-38.0	
-19.0	
-36.0	
-29.0	
-26.0	
-29.0	
-25.0	
-19.0	
-22.0	
-38.0	
-24.0	
-13.0	
-20.0	
-15.0	
-7.0	
-9.0	
5.0	
-11.0	
-11.0	
-17.0	
-11.0	
-14.0	
-3.0	
-1.0	
-3.0	
5.0	
8.0	
3.0	
4.0	
7.0	
-8.0	
6.0	
13.0	
16.0	
18.0	
21.0	
19.0	
20.0	
24.0	
15.0	
36.0	
23.0	
10.0	
3.0	
20.0	
21.0	
20.0	
18.0	
7.0	
27.0	
29.0	
27.0	
29.0	
35.0	
31.0	
33.0	
26.0	
25.0	
34.0	
31.0	
25.0	
27.0	
48.0	
39.0	
24.0	
46.0	
49.0	
46.0	
42.0	
47.0	
58.0	
54.0	
53.0	
65.0	
51.0	
42.0	
60.0	
67.0	
55.0	
42.0	
44.0	
66.0	
58.0	
63.0	
56.0	
56.0	
61.0	
65.0	
63.0	
54.0	
58.0	
77.0	
73.0	
73.0	
81.0	
71.0	
82.0	
86.0	
86.0	
81.0	
82.0	
92.0	
89.0	
90.0	
82.0	
92.0	
90.0	
87.0	
83.0	
100.0	
101.0	
95.0	
90.0	
86.0	
90.0	
91.0	
96.0	
99.0	
96.0	
102.0	
98.0	
95.0	
106.0	
108.0	
105.0	
115.0	
120.0	
105.0	
105.0	
113.0	
111.0	
117.0	
114.0	
106.0	
116.0	
109.0	
116.0	
116.0	
130.0	
124.0	
118.0	
133.0	
127.0	
134.0	
144.0	
131.0	
127.0	
125.0	
115.0	
135.0	
141.0	
129.0	
140.0	
145.0	
145.0	
145.0	
152.0	
145.0	
141.0	
142.0	
145.0	
144.0	
143.0	
145.0	
144.0	
146.0	
144.0	
147.0	
148.0	
152.0	
141.0	
153.0	
145.0	
149.0	
166.0	
165.0	
162.0	
157.0	
151.0	
157.0	
160.0	
146.0	
166.0	
164.0	
165.0	
181.0	
163.0	
163.0	
168.0	
161.0	
156.0	
173.0	
161.0	
176.0	
179.0	
174.0	
159.0	
156.0	
170.0	
172.0	
173.0	
175.0	
173.0	
175.0	
173.0	
181.0	
176.0	
170.0	
172.0	
185.0	
181.0	
172.0	
184.0	
179.0	
187.0	
198.0	
196.0	
197.0	
195.0	
193.0	
198.0	
210.0	
198.0	
205.0	
209.0	
210.0	
208.0	
200.0	
200.0	
207.0	
208.0	
197.0	
212.0	
216.0	
213.0	
206.0	
206.0	
208.0	
212.0	
211.0	
210.0	
218.0	
210.0	
218.0	
218.0	
219.0	
220.0	
229.0	
236.0	
235.0	
226.0	
218.0	
215.0	
222.0	
232.0	
233.0	
241.0	
225.0	
215.0	
235.0	
234.0	
232.0	
228.0	
230.0	
226.0	
216.0	
231.0	
234.0	
232.0	
225.0	
243.0	
234.0	
233.0	
237.0	
244.0	
255.0	
246.0	
244.0	
232.0	
245.0	
251.0	
247.0	
252.0	
248.0	
255.0	
254.0	
251.0	
259.0	
252.0	
244.0	
242.0	
241.0	
251.0	
261.0	
269.0	
242.0	
252.0	
255.0	
265.0	
259.0	
261.0	
259.0	
257.0	
254.0	
252.0	
257.0	
244.0	
244.0	
256.0	
249.0	
243.0	
254.0	
263.0	
258.0	
261.0	
264.0	
272.0	
257.0	
265.0	
256.0	
264.0	
264.0	
265.0	
262.0	
264.0	
264.0	
267.0	
265.0	
259.0	
253.0	
276.0	
275.0	
285.0	
281.0	
274.0	
273.0	
263.0	
276.0	
283.0	
279.0	
299.0	
284.0	
285.0	
278.0	
282.0	
288.0	
284.0	
271.0	
281.0	
298.0	
308.0	
303.0	
283.0	
294.0	
290.0	
302.0	
302.0	
291.0	
304.0	
299.0	
304.0	
311.0	
299.0	
293.0	
286.0	
296.0	
304.0	
292.0	
304.0	
293.0	
291.0	
303.0	
308.0	
294.0	
299.0	
301.0	
296.0	
303.0	
307.0	
307.0	
297.0	
306.0	
321.0	
312.0	
304.0	
308.0	
312.0	
322.0	
317.0	
318.0	
317.0	
318.0	
299.0	
312.0	
324.0	
317.0	
319.0	
318.0	
304.0	
308.0	
319.0	
335.0	
327.0	
316.0	
310.0	
317.0	
318.0	
324.0	
311.0	
313.0	
312.0	
318.0	
324.0	
318.0	
320.0	
317.0	
311.0	
311.0	
316.0	
315.0	
321.0	
325.0	
318.0	
314.0	
328.0	
326.0	
322.0	
311.0	
314.0	
313.0	
322.0	
329.0	
325.0	
324.0	
324.0	
323.0	
338.0	
322.0	
311.0	
315.0	
319.0	
323.0	
320.0	
327.0	
331.0	
328.0	
327.0	
323.0	
329.0	
328.0	
326.0	
319.0	
329.0	
317.0	
334.0	
342.0	
335.0	
333.0	
329.0	
343.0	
336.0	
339.0	
350.0	
337.0	
337.0	
342.0	
339.0	
346.0	
342.0	
334.0	
340.0	
339.0	
338.0	
324.0	
352.0	
345.0	
327.0	
327.0	
322.0	
325.0	
328.0	
336.0	
328.0	
342.0	
337.0	
339.0	
364.0	
348.0	
342.0	
346.0	
335.0	
335.0	
332.0	
355.0	
338.0	
336.0	
353.0	
348.0	
341.0	
350.0	
351.0	
350.0	
350.0	
352.0	
351.0	
353.0	
349.0	
342.0	
338.0	
360.0	
362.0	
347.0	
346.0	
328.0	
341.0	
354.0	
355.0	
330.0	
336.0	
350.0	
342.0	
344.0	
358.0	
345.0	
346.0	
343.0	
349.0	
353.0	
362.0	
355.0	
349.0	
366.0	
370.0	
354.0	
351.0	
347.0	
344.0	
339.0	
347.0	
350.0	
342.0	
331.0	
340.0	
344.0	
336.0	
333.0	
345.0	
353.0	
365.0	
353.0	
341.0	
346.0	
342.0	
343.0	
343.0	
346.0	
357.0	
349.0	
334.0	
333.0	
346.0	
344.0	
344.0	
355.0	
358.0	
348.0	
349.0	
350.0	
351.0	
355.0	
348.0	
351.0	
353.0	
349.0	
345.0	
345.0	
348.0	
358.0	
345.0	
347.0	
343.0	
346.0	
343.0	
353.0	
349.0	
346.0	
344.0	
343.0	
358.0	
353.0	
344.0	
348.0	
346.0	
339.0	
349.0	
350.0	
351.0	
346.0	
332.0	
331.0	
347.0	
332.0	
338.0	
354.0	
348.0	
354.0	
358.0	
340.0	
349.0	
351.0	
337.0	
336.0	
331.0	
341.0	
335.0	
329.0	
331.0	
337.0	
334.0	
321.0	
345.0	
339.0	
330.0	
346.0	
340.0	
336.0	
327.0	
327.0	
322.0	
333.0	
338.0	
333.0	
334.0	
344.0	
346.0	
340.0	
337.0	
324.0	
338.0	
345.0	
347.0	
349.0	
324.0	
318.0	
318.0	
330.0	
332.0	
329.0	
321.0	
338.0	
339.0	
322.0	
320.0	
316.0	
323.0	
318.0	
311.0	
312.0	
325.0	
333.0	
342.0	
337.0	
329.0	
332.0	
330.0	
331.0	
329.0	
333.0	
340.0	
320.0	
311.0	
327.0	
333.0	
335.0	
317.0	
329.0	
328.0	
321.0	
313.0	
322.0	
326.0	
330.0	
331.0	
330.0	
320.0	
321.0	
321.0	
324.0	
317.0	
309.0	
323.0	
314.0	
314.0	
304.0	
315.0	
318.0	
315.0	
315.0	
312.0	
311.0	
302.0	
300.0	
323.0	
323.0	
316.0	
318.0	
321.0	
307.0	
309.0	
306.0	
302.0	
297.0	
321.0	
319.0	
302.0	
308.0	
311.0	
312.0	
323.0	
326.0	
329.0	
331.0	
315.0	
303.0	
321.0	
319.0	
300.0	
310.0	
317.0	
301.0	
303.0	
321.0	
312.0	
301.0	
287.0	
301.0	
299.0	
293.0	
311.0	
315.0	
315.0	
292.0	
293.0	
289.0	
297.0	
290.0	
293.0	
295.0	
294.0	
295.0	
301.0	
297.0	
302.0	
309.0	
310.0	
308.0	
311.0	
300.0	
301.0	
287.0	
284.0	
298.0	
292.0	
299.0	
300.0	
298.0	
295.0	
288.0	
285.0	
292.0	
303.0	
291.0	
287.0	
301.0	
292.0	
282.0	
295.0	
280.0	
282.0	
277.0	
290.0	
285.0	
280.0	
286.0	
291.0	
271.0	
275.0	
289.0	
292.0	
275.0	
275.0	
279.0	
297.0	
295.0	
291.0	
275.0	
275.0	
277.0	
275.0	
271.0	
270.0	
280.0	
283.0	
270.0	
271.0	
276.0	
278.0	
276.0	
274.0	
270.0	
271.0	
275.0	
286.0	
284.0	
284.0	
271.0	
273.0	
269.0	
266.0	
278.0	
278.0	
276.0	
267.0	
254.0	
259.0	
251.0	
258.0	
264.0	
256.0	
269.0	
261.0	
258.0	
259.0	
257.0	
254.0	
254.0	
252.0	
249.0	
261.0	
258.0	
262.0	
267.0	
263.0	
255.0	
243.0	
248.0	
248.0	
244.0	
245.0	
238.0	
251.0	
252.0	
246.0	
238.0	
239.0	
241.0	
239.0	
231.0	
237.0	
227.0	
239.0	
239.0	
230.0	
233.0	
223.0	
220.0	
219.0	
216.0	
217.0	
217.0	
222.0	
229.0	
231.0	
233.0	
225.0	
219.0	
231.0	
214.0	
217.0	
206.0	
204.0	
213.0	
214.0	
216.0	
227.0	
217.0	
218.0	
218.0	
223.0	
214.0	
205.0	
208.0	
214.0	
209.0	
205.0	
215.0	
202.0	
214.0	
215.0	
217.0	
217.0	
206.0	
188.0	
194.0	
214.0	
204.0	
208.0	
201.0	
198.0	
197.0	
195.0	
202.0	
218.0	
212.0	
209.0	
206.0	
188.0	
185.0	
195.0	
205.0	
193.0	
198.0	
197.0	
196.0	
195.0	
183.0	
187.0	
182.0	
182.0	
193.0	
185.0	
177.0	
183.0	
174.0	
187.0	
178.0	
173.0	
179.0	
181.0	
179.0	
178.0	
169.0	
165.0	
163.0	
157.0	
177.0	
170.0	
165.0	
172.0	
175.0	
172.0	
169.0	
159.0	
160.0	
166.0	
154.0	
157.0	
157.0	
151.0	
152.0	
157.0	
157.0	
166.0	
168.0	
159.0	
157.0	
155.0	
153.0	
155.0	
156.0	
155.0	
148.0	
144.0	
137.0	
147.0	
149.0	
154.0	
151.0	
141.0	
131.0	
139.0	
148.0	
144.0	
136.0	
152.0	
149.0	
129.0	
132.0	
130.0	
117.0	
120.0	
130.0	
132.0	
124.0	
130.0	
138.0	
123.0	
113.0	
119.0	
115.0	
131.0	
131.0	
121.0	
114.0	
109.0	
113.0	
130.0	
127.0	
118.0	
109.0	
123.0	
115.0	
123.0	
113.0	
118.0	
113.0	
114.0	
116.0	
110.0	
115.0	
107.0	
101.0	
103.0	
99.0	
94.0	
104.0	
104.0	
96.0	
117.0	
110.0	
98.0	
93.0	
78.0	
98.0	
94.0	
89.0	
93.0	
99.0	
105.0	
96.0	
91.0	
102.0	
89.0	
83.0	
86.0	
86.0	
90.0	
88.0	
85.0	
93.0	
84.0	
98.0	
84.0	
103.0	
88.0	
85.0	
95.0	
87.0	
84.0	
71.0	
63.0	
80.0	
87.0	
64.0	
68.0	
69.0	
63.0	
52.0	
53.0	
56.0	
63.0	
66.0	
70.0	
56.0	
49.0	
50.0	
58.0	
58.0	
47.0	
48.0	
60.0	
48.0	
55.0	
58.0	
58.0	
54.0	
45.0	
41.0	
32.0	
53.0	
47.0	
49.0	
47.0	
33.0	
41.0	
47.0	
37.0	
33.0	
46.0	
40.0	
34.0	
46.0	
43.0	
37.0	
41.0	
53.0	
35.0	
25.0	
24.0	
36.0	
45.0	
31.0	
32.0	
32.0	
31.0	
31.0	
23.0	
24.0	
29.0	
19.0	
24.0	
27.0	
29.0	
24.0	
16.0	
17.0	
26.0	
10.0	
17.0	
13.0	
3.0	
4.0	
0.0	
-2.0	
5.0	
21.0	
18.0	
14.0	
5.0	
16.0	
14.0	
0.0	
3.0	
-6.0	
-12.0	
4.0	
-6.0	
0.0	
6.0	
-7.0	
5.0	
11.0	
6.0	
13.0	
8.0	
5.0	
-7.0	
-11.0	
-15.0	
-13.0	
-13.0	
-15.0	
-5.0	
-12.0	
-32.0	
-20.0	
-14.0	
-13.0	
-24.0	
-20.0	
-16.0	
-13.0	
-18.0	
-25.0	
-29.0	
-21.0	
-37.0	
-36.0	
-31.0	
-31.0	
-26.0	
-26.0	
-17.0	
-16.0	
-29.0	
-38.0	
-29.0	
-34.0	
-24.0	
-36.0	
-30.0	
-34.0	
-35.0	
-34.0	
-28.0	
-30.0	
-32.0	
-38.0	
-44.0	
-46.0	
-34.0	
-52.0	
-57.0	
-42.0	
-47.0	
-42.0	
-52.0	
-50.0	
-41.0	
-51.0	
-49.0	
-42.0	
-48.0	
-53.0	
-45.0	
-51.0	
-55.0	
-46.0	
-44.0	
-49.0	
-66.0	
-53.0	
-49.0	
-38.0	
-50.0	
-61.0	
-56.0	
-35.0	
-43.0	
-45.0	
-48.0	
-46.0	
-60.0	
-58.0	
-59.0	
-55.0	
-54.0	
-58.0	
-72.0	
-68.0	
-36.0	
-41.0	
-57.0	
-60.0	
-52.0	
-58.0	
-64.0	
-76.0	
-81.0	
-78.0	
-79.0	
-70.0	
-64.0	
-69.0	
-52.0	
-62.0	
-39.0	
-50.0	
-72.0	
-66.0	
-75.0	
-71.0	
-60.0	
-67.0	
-62.0	
-76.0	
-92.0	
-80.0	
-77.0	
-84.0	
-81.0	
-71.0	
-65.0	
-78.0	
-76.0	
-66.0	
-89.0	
-90.0	
-80.0	
-78.0	
-81.0	
-92.0	
-91.0	
-94.0	
-95.0	
-97.0	
-87.0	
-105.0	
-102.0	
-90.0	
-99.0	
-107.0	
-87.0	
-101.0	
-110.0	
-100.0	
-101.0	
-103.0	
-110.0	
-102.0	
-95.0	
-99.0	
-100.0	
-103.0	
-102.0	
-95.0	
-98.0	
-119.0	
-115.0	
-111.0	
-117.0	
-111.0	
-108.0	
-109.0	
-117.0	
-105.0	
-112.0	
-115.0	
-115.0	
-115.0	
-109.0	
-104.0	
-118.0	
-111.0	
-107.0	
-104.0	
-112.0	
-120.0	
-122.0	
-122.0	
-130.0	
-119.0	
-128.0	
-137.0	
-129.0	
-121.0	
-135.0	
-127.0	
-127.0	
-130.0	
-117.0	
-127.0	
-115.0	
-112.0	
-129.0	
-135.0	
-127.0	
-113.0	
-135.0	
-124.0	
-131.0	
-145.0	
-123.0	
-125.0	
-132.0	
-127.0	
-123.0	
-124.0	
-110.0	
-121.0	
-119.0	
-124.0	
-130.0	
-123.0	
-126.0	
-121.0	
-121.0	
-135.0	
-142.0	
-140.0	
-129.0	
-134.0	
-131.0	
-134.0	
-135.0	
-149.0	
-133.0	
-132.0	
-128.0	
-133.0	
-142.0	
-154.0	
-134.0	
-134.0	
-140.0	
-138.0	
-143.0	
-139.0	
-142.0	
-145.0	
-152.0	
-153.0	
-140.0	
-139.0	
-131.0	
-140.0	
-141.0	
-148.0	
-148.0	
-154.0	
-137.0	
-153.0	
-157.0	
-155.0	
-152.0	
-156.0	
-152.0	
-160.0	
-162.0	
-150.0	
-146.0	
-143.0	
-140.0	
-141.0	
-148.0	
-158.0	
-157.0	
-155.0	
-158.0	
-158.0	
-148.0	
-149.0	
-162.0	
-155.0	
-149.0	
-151.0	
-144.0	
-141.0	
-148.0	
-154.0	
-155.0	
-149.0	
-150.0	
-153.0	
-157.0	
-150.0	
-143.0	
-148.0	
-153.0	
-160.0	
-164.0	
-148.0	
-156.0	
-160.0	
-160.0	
-169.0	
-167.0	
-160.0	
-159.0	
-180.0	
-177.0	
-163.0	
-167.0	
-169.0	
-178.0	
-183.0	
-183.0	
-184.0	
-177.0	
-175.0	
-184.0	
-169.0	
-170.0	
-177.0	
-180.0	
-183.0	
-176.0	
-180.0	
-175.0	
-176.0	
-191.0	
-193.0	
-182.0	
-179.0	
-181.0	
-176.0	
-173.0	
-179.0	
-176.0	
-181.0	
-186.0	
-171.0	
-171.0	
-171.0	
-176.0	
-177.0	
-186.0	
-182.0	
-184.0	
-181.0	
-185.0	
-190.0	
-190.0	
-191.0	
-193.0	
-186.0	
-179.0	
-185.0	
-180.0	
-173.0	
-178.0	
-192.0	
-176.0	
-177.0	
-182.0	
-187.0	
-190.0	
-181.0	
-190.0	
-203.0	
-197.0	
-203.0	
-181.0	
-183.0	
-177.0	
-186.0	
-189.0	
-183.0	
-197.0	
-187.0	
-194.0	
-192.0	
-194.0	
-201.0	
-188.0	
-191.0	
-175.0	
-174.0	
-187.0	
-179.0	
-201.0	
-190.0	
-199.0	
-197.0	
-185.0	
-190.0	
-196.0	
-191.0	
-187.0	
-193.0	
-185.0	
-184.0	
-178.0	
-183.0	
-197.0	
-202.0	
-195.0	
-179.0	
-190.0	
-200.0	
-204.0	
-193.0	
-188.0	
-192.0	
-181.0	
-184.0	
-191.0	
-199.0	
-179.0	
-193.0	
-200.0	
-192.0	
-193.0	
-202.0	
-189.0	
-188.0	
-193.0	
-188.0	
-175.0	
-189.0	
-210.0	
-213.0	
-197.0	
-196.0	
-207.0	
-202.0	
-193.0	
-183.0	
-200.0	
-207.0	
-215.0	
-203.0	
-210.0	
-209.0	
-198.0	
-189.0	
-199.0	
-211.0	
-212.0	
-210.0	
-203.0	
-200.0	
-203.0	
-212.0	
-204.0	
-196.0	
-200.0	
-194.0	
-207.0	
-207.0	
-208.0	
-190.0	
-211.0	
-199.0	
-202.0	
-206.0	
-212.0	
-195.0	
-197.0	
-193.0	
-190.0	
-194.0	
-190.0	
-190.0	
-186.0	
-189.0	
-189.0	
-187.0	
-211.0	
-204.0	
-201.0	
-199.0	
-210.0	
-212.0	
-197.0	
-208.0	
-211.0	
-194.0	
-191.0	
-196.0	
-191.0	
-193.0	
-187.0	
-195.0	
-198.0	
-182.0	
-196.0	
-187.0	
-184.0	
-197.0	
-195.0	
-198.0	
-201.0	
-197.0	
-194.0	
-194.0	
-198.0	
-199.0	
-189.0	
-213.0	
-208.0	
-202.0	
-200.0	
-193.0	
-212.0	
-202.0	
-195.0	
-184.0	
-197.0	
-197.0	
-187.0	
-198.0	
-198.0	
-196.0	
-219.0	
-192.0	
-187.0	
-183.0	
-185.0	
-182.0	
-203.0	
-207.0	
-195.0	
-192.0	
-199.0	
-199.0	
-186.0	
-188.0	
-203.0	
-193.0	
-197.0	
-192.0	
-194.0	
-194.0	
-210.0	
-195.0	
-189.0	
-198.0	
-188.0	
-191.0	
-182.0	
-194.0	
-214.0	
-200.0	
-196.0	
-194.0	
-201.0	
-191.0	
-205.0	
-200.0	
-189.0	
-190.0	
-209.0	
-201.0	
-195.0	
-193.0	
-189.0	
-194.0	
-200.0	
-194.0	
-193.0	
-194.0	
-199.0	
-216.0	
-211.0	
-206.0	
-197.0	
-210.0	
-188.0	
-200.0	
-200.0	
-195.0	
-203.0	
-204.0	
-197.0	
-189.0	
-193.0	
-191.0	
-202.0	
-197.0	
-208.0	
-213.0	
-190.0	
-184.0	
-186.0	
-198.0	
-195.0	
-179.0	
-181.0	
-197.0	
-193.0	
-187.0	
-192.0	
-199.0	
-201.0	
-193.0	
-186.0	
-187.0	
-196.0	
-188.0	
-189.0	
-189.0	
-186.0	
-205.0	
-183.0	
-177.0	
-196.0	
-192.0	
-181.0	
-190.0	
-204.0	
-207.0	
-208.0	
-204.0	
-192.0	
-211.0	
-201.0	
-194.0	
-193.0	
-186.0	
-197.0	
-195.0	
-185.0	
-186.0	
-187.0	
-179.0	
-190.0	
-191.0	
-195.0	
-196.0	
-197.0	
-201.0	
-195.0	
-197.0	
-199.0	
-189.0	
-182.0	
-194.0	
-201.0	
-205.0	
-199.0	
-188.0	
-200.0	
-192.0	
-189.0	
-197.0	
-200.0	
-177.0	
-178.0	
-181.0	
-186.0	
-183.0	
-178.0	
-178.0	
-178.0	
-189.0	
-179.0	
-188.0	
-199.0	
-200.0	
-191.0	
-188.0	
-191.0	
-194.0	
-200.0	
-189.0	
-201.0	
-201.0	
-188.0	
-181.0	
-200.0	
-202.0	
-200.0	
-200.0	
-202.0	
-197.0	
-192.0	
-207.0	
-199.0	
-185.0	
-177.0	
-185.0	
-184.0	
-187.0	
-191.0	
-180.0	
-178.0	
-177.0	
-172.0	
-181.0	
-183.0	
-185.0	
-188.0	
-183.0	
-187.0	
-185.0	
-184.0	
-179.0	
-187.0	
-182.0	
-181.0	
-171.0	
-189.0	
-194.0	
-172.0	
-168.0	
-162.0	
-179.0	
-184.0	
-181.0	
-185.0	
-194.0	
-187.0	
-168.0	
-178.0	
-175.0	
-171.0	
-195.0	
-184.0	
-175.0	
-180.0	
-183.0	
-177.0	
-180.0	
-181.0	
-178.0	
-186.0	
