-5.0	
-13.0	
-16.0	
-16.0	
-27.0	
-31.0	
-27.0	
-22.0	
-42.0	
-34.0	
-46.0	
-57.0	
-46.0	
-67.0	
-79.0	
-67.0	
-62.0	
-66.0	
-60.0	
-70.0	
-71.0	
-69.0	
-92.0	
-89.0	
-83.0	
-81.0	
-80.0	
-97.0	
-93.0	
-98.0	
-102.0	
-105.0	
-108.0	
-114.0	
-119.0	
-112.0	
-110.0	
-133.0	
-142.0	
-135.0	
-142.0	
-153.0	
-149.0	
-146.0	
-146.0	
-159.0	
-149.0	
-154.0	
-158.0	
-172.0	
-175.0	
-172.0	
-157.0	
-176.0	
-178.0	
-187.0	
-183.0	
-191.0	
-201.0	
-190.0	
-186.0	
-198.0	
-212.0	
-210.0	
-208.0	
-209.0	
-202.0	
-194.0	
-200.0	
-215.0	
-219.0	
-201.0	
-218.0	
-235.0	
-225.0	
-229.0	
-228.0	
-228.0	
-219.0	
-213.0	
-221.0	
-244.0	
-241.0	
-231.0	
-217.0	
-227.0	
-228.0	
-227.0	
-247.0	
-243.0	
-231.0	
-236.0	
-243.0	
-239.0	
-243.0	
-241.0	
-246.0	
-253.0	
-244.0	
-243.0	
-251.0	
-256.0	
-241.0	
-250.0	
-250.0	
-245.0	
-250.0	
-256.0	
-249.0	
-252.0	
-252.0	
-257.0	
-253.0	
-252.0	
-241.0	
-248.0	
-234.0	
-245.0	
-243.0	
-233.0	
-241.0	
-250.0	
-257.0	
-245.0	
-247.0	
-236.0	
-225.0	
-228.0	
-222.0	
-224.0	
-219.0	
-213.0	
-215.0	
-216.0	
-214.0	
-218.0	
-213.0	
-217.0	
-218.0	
-212.0	
-204.0	
-203.0	
-198.0	
-200.0	
-191.0	
-195.0	
-190.0	
-174.0	
-168.0	
-176.0	
-180.0	
-164.0	
-157.0	
-151.0	
-162.0	
-150.0	
-140.0	
-136.0	
-134.0	
-132.0	
-126.0	
-124.0	
-115.0	
-100.0	
-102.0	
-104.0	
-97.0	
-87.0	
-101.0	
-102.0	
-89.0	
-86.0	
-79.0	
-70.0	
-65.0	
-57.0	
-40.0	
-46.0	
-46.0	
-33.0	
-45.0	
-45.0	
-31.0	
-29.0	
-27.0	
-17.0	
-16.0	
-2.0	
6.0	
8.0	
8.0	
6.0	
16.0	
19.0	
29.0	
31.0	
37.0	
35.0	
47.0	
50.0	
68.0	
72.0	
59.0	
55.0	
77.0	
85.0	
89.0	
71.0	
88.0	
110.0	
102.0	
105.0	
117.0	
123.0	
119.0	
122.0	
116.0	
122.0	
138.0	
142.0	
157.0	
150.0	
164.0	
181.0	
183.0	
183.0	
171.0	
180.0	
192.0	
183.0	
194.0	
207.0	
211.0	
203.0	
208.0	
214.0	
206.0	
216.0	
223.0	
221.0	
221.0	
219.0	
213.0	
216.0	
225.0	
228.0	
229.0	
232.0	
249.0	
234.0	
253.0	
243.0	
247.0	
249.0	
252.0	
245.0	
253.0	
254.0	
258.0	
266.0	
264.0	
268.0	
267.0	
263.0	
277.0	
270.0	
278.0	
283.0	
288.0	
280.0	
268.0	
271.0	
265.0	
277.0	
284.0	
277.0	
272.0	
280.0	
295.0	
285.0	
277.0	
268.0	
271.0	
290.0	
282.0	
277.0	
278.0	
280.0	
276.0	
272.0	
280.0	
269.0	
272.0	
277.0	
288.0	
284.0	
279.0	
272.0	
272.0	
262.0	
251.0	
249.0	
257.0	
259.0	
266.0	
243.0	
244.0	
245.0	
234.0	
232.0	
240.0	
242.0	
225.0	
229.0	
231.0	
226.0	
220.0	
217.0	
208.0	
198.0	
203.0	
208.0	
202.0	
197.0	
193.0	
194.0	
189.0	
176.0	
181.0	
188.0	
177.0	
184.0	
168.0	
149.0	
151.0	
157.0	
156.0	
147.0	
148.0	
151.0	
133.0	
141.0	
133.0	
124.0	
116.0	
124.0	
113.0	
106.0	
108.0	
111.0	
101.0	
93.0	
87.0	
92.0	
86.0	
81.0	
74.0	
76.0	
69.0	
65.0	
58.0	
49.0	
53.0	
41.0	
34.0	
44.0	
36.0	
36.0	
28.0	
9.0	
12.0	
20.0	
4.0	
5.0	
-2.0	
0.0	
-3.0	
-22.0	
-14.0	
-25.0	
-24.0	
-30.0	
-38.0	
-27.0	
-34.0	
-54.0	
-51.0	
-56.0	
-62.0	
-55.0	
-56.0	
-56.0	
-72.0	
-76.0	
-72.0	
-74.0	
-76.0	
-78.0	
-84.0	
-85.0	
-77.0	
-92.0	
-100.0	
-99.0	
-95.0	
-105.0	
-117.0	
-112.0	
-112.0	
-119.0	
-109.0	
-112.0	
-121.0	
-118.0	
-124.0	
-116.0	
-114.0	
-119.0	
-111.0	
-124.0	
-120.0	
-115.0	
-123.0	
-134.0	
-143.0	
-144.0	
-142.0	
-144.0	
-139.0	
-136.0	
-137.0	
-137.0	
-134.0	
-128.0	
-129.0	
-130.0	
-143.0	
-132.0	
-147.0	
-147.0	
-134.0	
-129.0	
-128.0	
-136.0	
-138.0	
-130.0	
-131.0	
-129.0	
-122.0	
-124.0	
-108.0	
-110.0	
-125.0	
-123.0	
-128.0	
-120.0	
-129.0	
-123.0	
-119.0	
-118.0	
-106.0	
-106.0	
-104.0	
-102.0	
-105.0	
-112.0	
-118.0	
-119.0	
-118.0	
-107.0	
-97.0	
-108.0	
-119.0	
-112.0	
-96.0	
-92.0	
-108.0	
-110.0	
-102.0	
-105.0	
-100.0	
-92.0	
-94.0	
-89.0	
-85.0	
-90.0	
-87.0	
-83.0	
-76.0	
-81.0	
-90.0	
-82.0	
-97.0	
-92.0	
-86.0	
-90.0	
-90.0	
-72.0	
-87.0	
-83.0	
-72.0	
-77.0	
-74.0	
-63.0	
-57.0	
-64.0	
-63.0	
-68.0	
-73.0	
-64.0	
-65.0	
-55.0	
-50.0	
-50.0	
-49.0	
-52.0	
-66.0	
-57.0	
-52.0	
-41.0	
-36.0	
-40.0	
-46.0	
-40.0	
-33.0	
-43.0	
-53.0	
-47.0	
-37.0	
-33.0	
-27.0	
-43.0	
-56.0	
-34.0	
-31.0	
-38.0	
