-19.0	
-17.0	
-14.0	
-18.0	
-22.0	
-27.0	
-27.0	
-30.0	
-37.0	
-45.0	
-36.0	
-40.0	
-56.0	
-56.0	
-68.0	
-71.0	
-62.0	
-64.0	
-79.0	
-74.0	
-68.0	
-69.0	
-75.0	
-92.0	
-86.0	
-90.0	
-92.0	
-90.0	
-93.0	
-98.0	
-108.0	
-107.0	
-126.0	
-121.0	
-131.0	
-128.0	
-130.0	
-133.0	
-145.0	
-138.0	
-136.0	
-136.0	
-148.0	
-137.0	
-136.0	
-156.0	
-157.0	
-158.0	
-156.0	
-172.0	
-174.0	
-181.0	
-188.0	
-180.0	
-185.0	
-189.0	
-193.0	
-174.0	
-181.0	
-214.0	
-205.0	
-202.0	
-206.0	
-216.0	
-211.0	
-213.0	
-215.0	
-229.0	
-224.0	
-225.0	
-223.0	
-231.0	
-237.0	
-232.0	
-245.0	
-252.0	
-242.0	
-249.0	
-248.0	
-243.0	
-253.0	
-259.0	
-259.0	
-262.0	
-268.0	
-260.0	
-256.0	
-263.0	
-278.0	
-291.0	
-298.0	
-298.0	
-297.0	
-300.0	
-303.0	
-302.0	
-320.0	
-321.0	
-334.0	
-318.0	
-317.0	
-339.0	
-348.0	
-343.0	
-344.0	
-352.0	
-346.0	
-354.0	
-361.0	
-364.0	
-376.0	
-367.0	
-384.0	
-379.0	
-375.0	
-377.0	
-375.0	
-387.0	
-390.0	
-414.0	
-409.0	
-410.0	
-402.0	
-414.0	
-414.0	
-420.0	
-419.0	
-414.0	
-432.0	
-431.0	
-435.0	
-428.0	
-439.0	
-450.0	
-448.0	
-445.0	
-437.0	
-439.0	
-442.0	
-453.0	
-455.0	
-460.0	
-466.0	
-462.0	
-463.0	
-473.0	
-471.0	
-477.0	
-481.0	
-482.0	
-489.0	
-493.0	
-496.0	
-489.0	
-505.0	
-505.0	
-498.0	
-507.0	
-501.0	
-489.0	
-494.0	
-496.0	
-505.0	
-513.0	
-506.0	
-497.0	
-509.0	
-515.0	
-515.0	
-515.0	
-520.0	
-523.0	
-513.0	
-508.0	
-517.0	
-522.0	
-519.0	
-519.0	
-523.0	
-514.0	
-521.0	
-516.0	
-508.0	
-513.0	
-519.0	
-500.0	
-486.0	
-499.0	
-509.0	
-511.0	
-501.0	
-502.0	
-499.0	
-498.0	
-502.0	
-496.0	
-485.0	
-485.0	
-494.0	
-487.0	
-485.0	
-478.0	
-479.0	
-485.0	
-485.0	
-477.0	
-471.0	
-469.0	
-494.0	
-482.0	
-471.0	
-475.0	
-471.0	
-469.0	
-471.0	
-458.0	
-460.0	
-465.0	
-470.0	
-454.0	
-447.0	
-462.0	
-460.0	
-450.0	
-449.0	
-450.0	
-449.0	
-441.0	
-444.0	
-445.0	
-440.0	
-444.0	
-444.0	
-442.0	
-426.0	
-431.0	
-431.0	
-425.0	
-409.0	
-415.0	
-408.0	
-394.0	
-409.0	
-416.0	
-409.0	
-401.0	
-414.0	
-393.0	
-390.0	
-392.0	
-398.0	
-378.0	
-378.0	
-377.0	
-387.0	
-382.0	
-383.0	
-382.0	
-373.0	
-367.0	
-362.0	
-351.0	
-363.0	
-355.0	
-357.0	
-364.0	
-370.0	
-343.0	
-344.0	
-345.0	
-345.0	
-351.0	
-344.0	
-347.0	
-337.0	
-321.0	
-331.0	
-324.0	
-315.0	
-327.0	
-327.0	
-317.0	
-310.0	
-310.0	
-302.0	
-302.0	
-303.0	
-314.0	
-295.0	
-275.0	
-279.0	
-286.0	
-271.0	
-283.0	
-259.0	
-259.0	
-269.0	
-268.0	
-257.0	
-255.0	
-254.0	
-247.0	
-253.0	
-245.0	
-231.0	
-235.0	
-230.0	
-228.0	
-224.0	
-218.0	
-213.0	
-212.0	
-223.0	
-216.0	
-205.0	
-197.0	
-191.0	
-191.0	
-184.0	
-192.0	
-186.0	
-183.0	
-186.0	
-181.0	
-181.0	
-176.0	
-171.0	
-170.0	
-162.0	
-156.0	
-159.0	
-155.0	
-149.0	
-156.0	
-167.0	
-153.0	
-147.0	
-133.0	
-144.0	
-144.0	
-151.0	
-133.0	
-139.0	
-137.0	
-129.0	
-130.0	
-122.0	
-112.0	
-110.0	
-108.0	
-105.0	
-101.0	
-102.0	
-103.0	
-98.0	
-101.0	
-91.0	
-96.0	
-79.0	
-83.0	
-84.0	
-75.0	
-80.0	
-80.0	
-80.0	
-75.0	
-82.0	
-80.0	
-79.0	
-75.0	
-63.0	
-69.0	
-55.0	
-49.0	
-58.0	
-58.0	
-57.0	
-44.0	
-50.0	
-46.0	
-46.0	
-50.0	
-50.0	
-51.0	
-45.0	
-50.0	
-46.0	
-52.0	
-38.0	
-39.0	
-35.0	
-32.0	
-47.0	
-50.0	
-37.0	
-41.0	
-33.0	
-25.0	
-28.0	
-16.0	
-20.0	
-27.0	
-30.0	
-22.0	
-27.0	
-28.0	
-25.0	
-18.0	
-24.0	
-20.0	
-15.0	
-13.0	
-5.0	
4.0	
-11.0	
-11.0	
-6.0	
-6.0	
9.0	
4.0	
12.0	
19.0	
28.0	
12.0	
14.0	
33.0	
23.0	
23.0	
25.0	
26.0	
21.0	
17.0	
26.0	
14.0	
8.0	
10.0	
20.0	
28.0	
24.0	
39.0	
44.0	
34.0	
45.0	
54.0	
35.0	
30.0	
29.0	
30.0	
41.0	
35.0	
35.0	
35.0	
47.0	
56.0	
57.0	
64.0	
56.0	
58.0	
51.0	
66.0	
62.0	
81.0	
70.0	
68.0	
68.0	
69.0	
71.0	
66.0	
73.0	
75.0	
71.0	
94.0	
94.0	
69.0	
91.0	
88.0	
95.0	
89.0	
94.0	
75.0	
94.0	
92.0	
96.0	
91.0	
87.0	
98.0	
119.0	
104.0	
107.0	
97.0	
107.0	
119.0	
125.0	
130.0	
123.0	
102.0	
102.0	
103.0	
105.0	
101.0	
105.0	
109.0	
110.0	
125.0	
118.0	
118.0	
108.0	
110.0	
100.0	
109.0	
120.0	
135.0	
126.0	
116.0	
127.0	
126.0	
117.0	
132.0	
134.0	
137.0	
129.0	
128.0	
135.0	
121.0	
129.0	
129.0	
135.0	
141.0	
143.0	
141.0	
148.0	
149.0	
155.0	
160.0	
142.0	
139.0	
151.0	
153.0	
154.0	
142.0	
162.0	
166.0	
167.0	
163.0	
158.0	
163.0	
169.0	
171.0	
159.0	
152.0	
157.0	
159.0	
175.0	
173.0	
170.0	
175.0	
180.0	
162.0	
158.0	
165.0	
181.0	
179.0	
188.0	
185.0	
191.0	
200.0	
186.0	
182.0	
198.0	
191.0	
178.0	
168.0	
179.0	
180.0	
187.0	
185.0	
185.0	
182.0	
175.0	
171.0	
196.0	
210.0	
189.0	
187.0	
196.0	
196.0	
199.0	
198.0	
204.0	
204.0	
194.0	
196.0	
189.0	
202.0	
210.0	
198.0	
204.0	
203.0	
216.0	
215.0	
227.0	
214.0	
212.0	
223.0	
209.0	
207.0	
210.0	
202.0	
217.0	
232.0	
222.0	
215.0	
224.0	
213.0	
225.0	
224.0	
216.0	
221.0	
225.0	
215.0	
209.0	
219.0	
225.0	
228.0	
228.0	
227.0	
227.0	
224.0	
226.0	
224.0	
227.0	
232.0	
226.0	
226.0	
230.0	
225.0	
228.0	
233.0	
235.0	
228.0	
227.0	
227.0	
227.0	
227.0	
227.0	
231.0	
232.0	
223.0	
236.0	
238.0	
234.0	
241.0	
221.0	
232.0	
229.0	
233.0	
240.0	
244.0	
249.0	
249.0	
236.0	
249.0	
237.0	
239.0	
247.0	
250.0	
239.0	
251.0	
250.0	
258.0	
252.0	
247.0	
254.0	
258.0	
250.0	
255.0	
245.0	
257.0	
258.0	
256.0	
269.0	
259.0	
267.0	
268.0	
268.0	
262.0	
240.0	
256.0	
270.0	
263.0	
255.0	
260.0	
268.0	
267.0	
269.0	
272.0	
263.0	
259.0	
254.0	
267.0	
274.0	
274.0	
272.0	
264.0	
265.0	
265.0	
265.0	
276.0	
287.0	
265.0	
261.0	
269.0	
261.0	
268.0	
245.0	
256.0	
256.0	
251.0	
268.0	
267.0	
269.0	
273.0	
270.0	
276.0	
268.0	
280.0	
266.0	
265.0	
274.0	
259.0	
277.0	
287.0	
279.0	
290.0	
265.0	
272.0	
268.0	
282.0	
277.0	
260.0	
259.0	
277.0	
277.0	
279.0	
270.0	
275.0	
275.0	
284.0	
275.0	
261.0	
274.0	
273.0	
274.0	
276.0	
277.0	
265.0	
260.0	
264.0	
277.0	
266.0	
259.0	
269.0	
274.0	
268.0	
273.0	
264.0	
279.0	
277.0	
273.0	
277.0	
283.0	
268.0	
258.0	
274.0	
272.0	
265.0	
260.0	
262.0	
270.0	
260.0	
255.0	
254.0	
260.0	
260.0	
254.0	
256.0	
260.0	
253.0	
254.0	
254.0	
248.0	
239.0	
242.0	
249.0	
257.0	
256.0	
251.0	
256.0	
259.0	
247.0	
242.0	
244.0	
239.0	
235.0	
237.0	
237.0	
238.0	
244.0	
248.0	
245.0	
244.0	
251.0	
237.0	
227.0	
236.0	
229.0	
250.0	
250.0	
235.0	
233.0	
234.0	
249.0	
246.0	
243.0	
241.0	
257.0	
245.0	
242.0	
235.0	
238.0	
237.0	
250.0	
242.0	
245.0	
237.0	
237.0	
232.0	
234.0	
231.0	
229.0	
239.0	
221.0	
237.0	
224.0	
227.0	
240.0	
237.0	
239.0	
237.0	
236.0	
236.0	
230.0	
237.0	
221.0	
217.0	
217.0	
220.0	
229.0	
214.0	
215.0	
210.0	
212.0	
213.0	
209.0	
213.0	
209.0	
220.0	
215.0	
219.0	
222.0	
207.0	
213.0	
209.0	
203.0	
203.0	
190.0	
196.0	
198.0	
200.0	
189.0	
183.0	
185.0	
187.0	
192.0	
192.0	
197.0	
195.0	
185.0	
188.0	
185.0	
193.0	
197.0	
200.0	
181.0	
175.0	
177.0	
186.0	
182.0	
174.0	
174.0	
171.0	
170.0	
175.0	
165.0	
160.0	
167.0	
164.0	
164.0	
167.0	
163.0	
152.0	
169.0	
166.0	
175.0	
168.0	
168.0	
167.0	
169.0	
170.0	
162.0	
153.0	
156.0	
156.0	
156.0	
153.0	
146.0	
154.0	
156.0	
156.0	
142.0	
135.0	
146.0	
148.0	
139.0	
153.0	
146.0	
131.0	
128.0	
131.0	
132.0	
145.0	
134.0	
134.0	
145.0	
138.0	
132.0	
132.0	
135.0	
132.0	
131.0	
119.0	
122.0	
129.0	
115.0	
104.0	
120.0	
118.0	
118.0	
110.0	
109.0	
111.0	
108.0	
121.0	
113.0	
113.0	
118.0	
111.0	
107.0	
101.0	
113.0	
111.0	
102.0	
103.0	
96.0	
104.0	
108.0	
104.0	
88.0	
87.0	
92.0	
96.0	
95.0	
90.0	
101.0	
109.0	
105.0	
94.0	
92.0	
89.0	
94.0	
106.0	
98.0	
106.0	
92.0	
95.0	
112.0	
101.0	
98.0	
100.0	
84.0	
88.0	
89.0	
84.0	
79.0	
83.0	
76.0	
72.0	
85.0	
86.0	
78.0	
82.0	
91.0	
81.0	
93.0	
85.0	
79.0	
72.0	
68.0	
70.0	
68.0	
80.0	
75.0	
74.0	
79.0	
75.0	
67.0	
65.0	
53.0	
57.0	
50.0	
68.0	
58.0	
68.0	
69.0	
69.0	
73.0	
70.0	
56.0	
52.0	
58.0	
53.0	
51.0	
52.0	
68.0	
55.0	
56.0	
53.0	
49.0	
57.0	
61.0	
57.0	
52.0	
49.0	
54.0	
45.0	
45.0	
56.0	
44.0	
49.0	
52.0	
55.0	
52.0	
43.0	
40.0	
28.0	
35.0	
37.0	
40.0	
39.0	
25.0	
47.0	
52.0	
34.0	
48.0	
40.0	
32.0	
22.0	
7.0	
14.0	
26.0	
19.0	
21.0	
24.0	
16.0	
21.0	
14.0	
18.0	
21.0	
6.0	
7.0	
14.0	
1.0	
5.0	
8.0	
11.0	
29.0	
15.0	
8.0	
7.0	
17.0	
13.0	
13.0	
14.0	
15.0	
10.0	
15.0	
17.0	
1.0	
0.0	
-1.0	
2.0	
10.0	
-1.0	
-8.0	
-7.0	
0.0	
5.0	
5.0	
-4.0	
-1.0	
1.0	
-4.0	
-4.0	
2.0	
-2.0	
-2.0	
-1.0	
-2.0	
-1.0	
-2.0	
-5.0	
-11.0	
-12.0	
-11.0	
-1.0	
-6.0	
-11.0	
-13.0	
-15.0	
-13.0	
-12.0	
-12.0	
-17.0	
-25.0	
-14.0	
1.0	
-7.0	
-2.0	
-16.0	
-20.0	
-15.0	
-19.0	
-18.0	
-28.0	
-25.0	
-16.0	
-20.0	
-36.0	
-21.0	
-10.0	
-12.0	
-13.0	
-21.0	
-19.0	
-23.0	
-14.0	
-34.0	
-23.0	
-17.0	
-24.0	
-26.0	
-30.0	
-29.0	
-16.0	
-20.0	
-30.0	
-22.0	
-21.0	
-7.0	
-22.0	
-19.0	
-25.0	
-19.0	
-18.0	
-23.0	
-22.0	
-22.0	
-16.0	
-26.0	
-22.0	
-22.0	
-13.0	
-18.0	
-35.0	
-27.0	
-21.0	
-24.0	
-33.0	
-29.0	
-33.0	
-21.0	
-25.0	
-23.0	
-23.0	
-21.0	
-42.0	
-35.0	
-28.0	
-28.0	
-24.0	
-20.0	
-31.0	
-42.0	
-33.0	
-34.0	
-38.0	
-44.0	
-36.0	
-22.0	
-18.0	
-27.0	
-31.0	
-12.0	
-14.0	
-24.0	
-25.0	
-23.0	
-17.0	
-16.0	
-12.0	
-14.0	
-11.0	
-31.0	
-37.0	
-31.0	
-30.0	
-31.0	
-23.0	
-23.0	
-25.0	
-25.0	
-22.0	
-23.0	
-21.0	
-22.0	
-20.0	
-14.0	
-15.0	
-20.0	
-21.0	
-20.0	
-11.0	
-16.0	
-12.0	
-13.0	
-25.0	
-24.0	
-12.0	
-14.0	
-26.0	
-6.0	
-10.0	
-16.0	
-12.0	
-14.0	
-25.0	
-13.0	
-17.0	
-21.0	
-14.0	
-11.0	
-4.0	
-15.0	
-9.0	
-14.0	
-12.0	
-8.0	
-12.0	
-14.0	
-6.0	
-5.0	
-15.0	
-17.0	
-14.0	
0.0	
-4.0	
-9.0	
-16.0	
-22.0	
-22.0	
-9.0	
-1.0	
-1.0	
-10.0	
-17.0	
2.0	
2.0	
-10.0	
-9.0	
7.0	
-3.0	
-15.0	
-9.0	
6.0	
-11.0	
-29.0	
-12.0	
-3.0	
-20.0	
-9.0	
-6.0	
-9.0	
-14.0	
-2.0	
-1.0	
-6.0	
-11.0	
-17.0	
-15.0	
-16.0	
-9.0	
-9.0	
-8.0	
-1.0	
-5.0	
-4.0	
-2.0	
0.0	
-1.0	
3.0	
-7.0	
-10.0	
-6.0	
-7.0	
2.0	
-2.0	
