187.0	
193.0	
186.0	
189.0	
174.0	
175.0	
179.0	
181.0	
191.0	
193.0	
176.0	
186.0	
183.0	
174.0	
188.0	
187.0	
181.0	
177.0	
200.0	
198.0	
187.0	
193.0	
186.0	
187.0	
194.0	
201.0	
195.0	
189.0	
193.0	
185.0	
195.0	
192.0	
193.0	
195.0	
180.0	
185.0	
194.0	
189.0	
176.0	
183.0	
194.0	
187.0	
178.0	
182.0	
197.0	
198.0	
182.0	
168.0	
169.0	
174.0	
183.0	
162.0	
171.0	
177.0	
179.0	
186.0	
180.0	
161.0	
177.0	
159.0	
155.0	
162.0	
164.0	
169.0	
173.0	
159.0	
155.0	
162.0	
146.0	
146.0	
141.0	
134.0	
145.0	
150.0	
138.0	
131.0	
132.0	
133.0	
121.0	
140.0	
147.0	
138.0	
121.0	
120.0	
117.0	
123.0	
116.0	
124.0	
114.0	
108.0	
111.0	
90.0	
114.0	
95.0	
110.0	
100.0	
86.0	
93.0	
106.0	
95.0	
82.0	
86.0	
81.0	
71.0	
67.0	
67.0	
66.0	
78.0	
79.0	
61.0	
50.0	
61.0	
60.0	
48.0	
56.0	
44.0	
40.0	
27.0	
41.0	
36.0	
47.0	
50.0	
36.0	
27.0	
29.0	
25.0	
24.0	
27.0	
25.0	
21.0	
19.0	
17.0	
18.0	
10.0	
6.0	
17.0	
7.0	
-5.0	
-9.0	
8.0	
6.0	
-8.0	
-15.0	
-17.0	
-10.0	
-4.0	
-4.0	
-14.0	
-25.0	
-28.0	
-34.0	
-38.0	
-37.0	
-40.0	
-46.0	
-44.0	
-44.0	
-52.0	
-65.0	
-63.0	
-64.0	
-64.0	
-55.0	
-67.0	
-76.0	
-82.0	
-88.0	
-91.0	
-85.0	
-96.0	
-75.0	
-86.0	
-100.0	
-99.0	
-85.0	
-97.0	
-107.0	
-105.0	
-107.0	
-113.0	
-105.0	
-107.0	
-107.0	
-101.0	
-108.0	
-121.0	
-120.0	
-114.0	
-118.0	
-126.0	
-133.0	
-126.0	
-129.0	
-144.0	
-139.0	
-148.0	
-144.0	
-145.0	
-129.0	
-137.0	
-140.0	
-152.0	
-160.0	
-149.0	
-147.0	
-151.0	
-168.0	
-163.0	
-150.0	
-156.0	
-157.0	
-162.0	
-154.0	
-150.0	
-163.0	
-175.0	
-158.0	
-165.0	
-171.0	
-163.0	
-161.0	
-163.0	
-153.0	
-168.0	
-155.0	
-154.0	
-152.0	
-163.0	
-163.0	
-148.0	
-160.0	
-161.0	
-155.0	
-161.0	
-154.0	
-164.0	
-156.0	
-149.0	
-152.0	
-147.0	
-149.0	
-152.0	
-140.0	
-132.0	
-144.0	
-132.0	
-144.0	
-140.0	
-135.0	
-138.0	
-134.0	
-137.0	
-130.0	
-128.0	
-126.0	
-133.0	
-135.0	
-130.0	
-114.0	
-111.0	
-115.0	
-116.0	
-121.0	
-119.0	
-118.0	
-123.0	
-112.0	
-102.0	
-102.0	
-100.0	
-87.0	
-88.0	
-98.0	
-89.0	
-84.0	
-99.0	
-88.0	
-81.0	
-75.0	
-79.0	
-84.0	
-82.0	
-71.0	
-67.0	
-75.0	
-72.0	
-62.0	
-58.0	
-64.0	
-55.0	
-51.0	
-58.0	
-55.0	
-55.0	
-41.0	
-39.0	
-33.0	
-44.0	
-38.0	
-21.0	
-22.0	
-33.0	
-22.0	
-21.0	
-25.0	
-29.0	
-32.0	
-20.0	
-4.0	
-14.0	
-5.0	
-8.0	
-11.0	
4.0	
0.0	
-6.0	
4.0	
2.0	
3.0	
-4.0	
5.0	
19.0	
2.0	
10.0	
26.0	
23.0	
14.0	
16.0	
16.0	
13.0	
17.0	
21.0	
14.0	
17.0	
23.0	
29.0	
8.0	
4.0	
15.0	
29.0	
20.0	
20.0	
16.0	
18.0	
25.0	
38.0	
32.0	
31.0	
25.0	
38.0	
25.0	
35.0	
43.0	
41.0	
23.0	
35.0	
36.0	
36.0	
45.0	
32.0	
37.0	
34.0	
44.0	
43.0	
36.0	
46.0	
43.0	
40.0	
40.0	
33.0	
26.0	
53.0	
49.0	
50.0	
43.0	
34.0	
40.0	
37.0	
39.0	
33.0	
39.0	
47.0	
47.0	
38.0	
32.0	
38.0	
54.0	
30.0	
29.0	
32.0	
30.0	
33.0	
30.0	
19.0	
11.0	
31.0	
27.0	
27.0	
25.0	
25.0	
27.0	
30.0	
18.0	
26.0	
21.0	
27.0	
10.0	
18.0	
19.0	
14.0	
1.0	
12.0	
5.0	
-2.0	
6.0	
-4.0	
0.0	
-2.0	
-8.0	
-8.0	
0.0	
-5.0	
-12.0	
-11.0	
-17.0	
-22.0	
-19.0	
-25.0	
-21.0	
-26.0	
-30.0	
-22.0	
-29.0	
-25.0	
-29.0	
-35.0	
-25.0	
-28.0	
-52.0	
-44.0	
-47.0	
-51.0	
-53.0	
-44.0	
-48.0	
-56.0	
-46.0	
-39.0	
-46.0	
-59.0	
-48.0	
-55.0	
-74.0	
-84.0	
-76.0	
-77.0	
-73.0	
-68.0	
-73.0	
-80.0	
-84.0	
-83.0	
-76.0	
-81.0	
-86.0	
-87.0	
-88.0	
-91.0	
-73.0	
-88.0	
-111.0	
-100.0	
-93.0	
-95.0	
-103.0	
-100.0	
-85.0	
-102.0	
-106.0	
-100.0	
-107.0	
-109.0	
-111.0	
-119.0	
-107.0	
-102.0	
-121.0	
-107.0	
-114.0	
-114.0	
-95.0	
-105.0	
-120.0	
-126.0	
-109.0	
-114.0	
-103.0	
-107.0	
-120.0	
-103.0	
-114.0	
-119.0	
-124.0	
-128.0	
-118.0	
-132.0	
-118.0	
-123.0	
-123.0	
-115.0	
-109.0	
-126.0	
-131.0	
-132.0	
-136.0	
-123.0	
-135.0	
-129.0	
-124.0	
-131.0	
-130.0	
-134.0	
-129.0	
-126.0	
-121.0	
-126.0	
-122.0	
-128.0	
-135.0	
-139.0	
-133.0	
-135.0	
-135.0	
-137.0	
-119.0	
-116.0	
-121.0	
-133.0	
-141.0	
-133.0	
-130.0	
-131.0	
-131.0	
-129.0	
-125.0	
-116.0	
-115.0	
-109.0	
-120.0	
-123.0	
-121.0	
-124.0	
-120.0	
-130.0	
-131.0	
-115.0	
-116.0	
-122.0	
-110.0	
-108.0	
-97.0	
-120.0	
-123.0	
-122.0	
-113.0	
-115.0	
-99.0	
-96.0	
-110.0	
-104.0	
-101.0	
-96.0	
-103.0	
-93.0	
-88.0	
-104.0	
-99.0	
-90.0	
-89.0	
-91.0	
-92.0	
-76.0	
-86.0	
-90.0	
-88.0	
-81.0	
-89.0	
-79.0	
-84.0	
-75.0	
-91.0	
-79.0	
-77.0	
-66.0	
-68.0	
-79.0	
-69.0	
-68.0	
-78.0	
-82.0	
-75.0	
-71.0	
-85.0	
-65.0	
-67.0	
-60.0	
-56.0	
-60.0	
-63.0	
-65.0	
-63.0	
-63.0	
-52.0	
-56.0	
-62.0	
-57.0	
-75.0	
-69.0	
-49.0	
-49.0	
-40.0	
-49.0	
-60.0	
-54.0	
-38.0	
-50.0	
-38.0	
-27.0	
-32.0	
-33.0	
-34.0	
-43.0	
-39.0	
-29.0	
-34.0	
-47.0	
-40.0	
-25.0	
-16.0	
-14.0	
-9.0	
-20.0	
-27.0	
-21.0	
-9.0	
-18.0	
-12.0	
-4.0	
-13.0	
-29.0	
-34.0	
-24.0	
-24.0	
-29.0	
-23.0	
-1.0	
-8.0	
-15.0	
-22.0	
-14.0	
-11.0	
-10.0	
4.0	
11.0	
6.0	
-8.0	
-20.0	
-6.0	
-4.0	
-5.0	
-2.0	
-6.0	
-10.0	
-13.0	
-2.0	
18.0	
24.0	
13.0	
0.0	
-10.0	
-8.0	
0.0	
0.0	
4.0	
-2.0	
-6.0	
-10.0	
3.0	
12.0	
9.0	
3.0	
-2.0	
-2.0	
-13.0	
-7.0	
6.0	
6.0	
4.0	
8.0	
2.0	
18.0	
18.0	
0.0	
4.0	
0.0	
0.0	
16.0	
12.0	
1.0	
0.0	
-4.0	
-1.0	
5.0	
17.0	
0.0	
-8.0	
7.0	
-5.0	
9.0	
-3.0	
-5.0	
8.0	
6.0	
-1.0	
1.0	
1.0	
-2.0	
4.0	
11.0	
18.0	
6.0	
-9.0	
-10.0	
-7.0	
-5.0	
-6.0	
-5.0	
-13.0	
0.0	
2.0	
-16.0	
-16.0	
-10.0	
-7.0	
-12.0	
-8.0	
-7.0	
5.0	
-2.0	
-10.0	
5.0	
-6.0	
-7.0	
