-367.0	
-387.0	
-411.0	
-435.0	
-466.0	
-494.0	
-547.0	
-570.0	
-596.0	
-609.0	
-609.0	
-626.0	
-649.0	
-679.0	
-699.0	
-710.0	
-721.0	
-738.0	
-730.0	
-734.0	
-761.0	
-776.0	
-783.0	
-779.0	
-780.0	
-787.0	
-791.0	
-792.0	
-800.0	
-800.0	
-813.0	
-805.0	
-797.0	
-801.0	
-789.0	
-803.0	
-794.0	
-771.0	
-757.0	
-755.0	
-722.0	
-710.0	
-708.0	
-701.0	
-684.0	
-667.0	
-659.0	
-642.0	
-635.0	
-626.0	
-609.0	
-600.0	
-580.0	
-550.0	
-540.0	
-519.0	
-498.0	
-470.0	
-458.0	
-430.0	
-409.0	
-383.0	
-363.0	
-335.0	
-326.0	
-317.0	
-282.0	
-276.0	
-243.0	
-221.0	
-204.0	
-186.0	
-162.0	
-146.0	
-129.0	
-117.0	
-91.0	
-73.0	
-44.0	
-23.0	
-7.0	
3.0	
24.0	
51.0	
70.0	
84.0	
94.0	
111.0	
126.0	
149.0	
165.0	
186.0	
194.0	
205.0	
211.0	
222.0	
244.0	
265.0	
268.0	
279.0	
286.0	
282.0	
293.0	
297.0	
305.0	
311.0	
315.0	
322.0	
314.0	
313.0	
333.0	
343.0	
339.0	
350.0	
345.0	
333.0	
341.0	
352.0	
348.0	
354.0	
345.0	
341.0	
345.0	
344.0	
339.0	
336.0	
343.0	
321.0	
320.0	
318.0	
303.0	
291.0	
289.0	
297.0	
282.0	
280.0	
278.0	
274.0	
251.0	
215.0	
215.0	
209.0	
195.0	
183.0	
169.0	
151.0	
152.0	
153.0	
133.0	
112.0	
98.0	
91.0	
84.0	
71.0	
55.0	
43.0	
41.0	
26.0	
7.0	
4.0	
-2.0	
-19.0	
-28.0	
-42.0	
-43.0	
-75.0	
-80.0	
-79.0	
-82.0	
-84.0	
-95.0	
-98.0	
-113.0	
-105.0	
-110.0	
-122.0	
-116.0	
-132.0	
-140.0	
-148.0	
-141.0	
-153.0	
-163.0	
-160.0	
-165.0	
-173.0	
-166.0	
-162.0	
-180.0	
-198.0	
-200.0	
-192.0	
-185.0	
-184.0	
-196.0	
-187.0	
-196.0	
-204.0	
-216.0	
-195.0	
-197.0	
-202.0	
-203.0	
-193.0	
-192.0	
-198.0	
-193.0	
-178.0	
-162.0	
-170.0	
-168.0	
-158.0	
-170.0	
-165.0	
-146.0	
-148.0	
-154.0	
-146.0	
-137.0	
-136.0	
-134.0	
-129.0	
-128.0	
-124.0	
-111.0	
-116.0	
-108.0	
-100.0	
-101.0	
-80.0	
-80.0	
-83.0	
-88.0	
-73.0	
-65.0	
-66.0	
