-81.0	
-87.0	
-94.0	
-105.0	
-106.0	
-98.0	
-130.0	
-130.0	
-134.0	
-159.0	
-171.0	
-179.0	
-191.0	
-197.0	
-216.0	
-214.0	
-217.0	
-222.0	
-223.0	
-221.0	
-249.0	
-256.0	
-257.0	
-278.0	
-287.0	
-287.0	
-304.0	
-317.0	
-309.0	
-329.0	
-324.0	
-324.0	
-341.0	
-362.0	
-363.0	
-363.0	
-374.0	
-382.0	
-383.0	
-388.0	
-399.0	
-407.0	
-425.0	
-435.0	
-435.0	
-445.0	
-461.0	
-458.0	
-461.0	
-469.0	
-484.0	
-500.0	
-511.0	
-511.0	
-523.0	
-533.0	
-532.0	
-539.0	
-553.0	
-552.0	
-572.0	
-571.0	
-564.0	
-582.0	
-580.0	
-589.0	
-584.0	
-599.0	
-615.0	
-621.0	
-618.0	
-631.0	
-632.0	
-636.0	
-629.0	
-645.0	
-652.0	
-649.0	
-647.0	
-650.0	
-651.0	
-647.0	
-658.0	
-663.0	
-662.0	
-671.0	
-670.0	
-668.0	
-671.0	
-675.0	
-667.0	
-664.0	
-661.0	
-676.0	
-691.0	
-679.0	
-679.0	
-688.0	
-679.0	
-676.0	
-683.0	
-679.0	
-680.0	
-676.0	
-680.0	
-683.0	
-695.0	
-678.0	
-676.0	
-678.0	
-672.0	
-675.0	
-670.0	
-664.0	
-666.0	
-666.0	
-681.0	
-681.0	
-670.0	
-665.0	
-680.0	
-680.0	
-657.0	
-666.0	
-672.0	
-665.0	
-660.0	
-664.0	
-670.0	
-663.0	
-663.0	
-661.0	
-658.0	
-663.0	
-659.0	
-657.0	
-664.0	
-661.0	
-660.0	
-663.0	
-673.0	
-661.0	
-656.0	
-658.0	
-657.0	
-642.0	
-636.0	
-655.0	
-640.0	
-631.0	
-638.0	
-644.0	
-633.0	
-623.0	
-632.0	
-640.0	
-620.0	
-623.0	
-622.0	
-597.0	
-591.0	
-603.0	
-597.0	
-587.0	
-593.0	
-589.0	
-574.0	
-568.0	
-572.0	
-561.0	
-559.0	
-561.0	
-555.0	
-544.0	
-541.0	
-543.0	
-530.0	
-536.0	
-530.0	
-514.0	
-508.0	
-504.0	
-494.0	
-494.0	
-482.0	
-472.0	
-462.0	
-454.0	
-444.0	
-438.0	
-439.0	
-429.0	
-423.0	
-424.0	
-409.0	
-412.0	
-399.0	
-388.0	
-381.0	
-375.0	
-379.0	
-370.0	
-369.0	
-361.0	
-354.0	
-338.0	
-338.0	
-341.0	
-329.0	
-312.0	
-319.0	
-297.0	
-288.0	
-291.0	
-275.0	
-263.0	
-248.0	
-245.0	
-243.0	
-231.0	
-233.0	
-223.0	
-226.0	
-215.0	
-199.0	
-205.0	
-191.0	
-175.0	
-182.0	
-171.0	
-154.0	
-157.0	
-145.0	
-141.0	
-141.0	
-131.0	
-121.0	
-118.0	
-122.0	
-106.0	
-97.0	
-107.0	
-72.0	
-71.0	
-71.0	
-53.0	
-58.0	
-48.0	
-46.0	
-42.0	
-42.0	
-19.0	
-20.0	
-9.0	
13.0	
10.0	
11.0	
18.0	
28.0	
29.0	
28.0	
52.0	
58.0	
66.0	
74.0	
62.0	
66.0	
80.0	
84.0	
88.0	
98.0	
116.0	
120.0	
128.0	
129.0	
139.0	
141.0	
157.0	
160.0	
165.0	
167.0	
176.0	
188.0	
199.0	
195.0	
200.0	
214.0	
225.0	
217.0	
227.0	
249.0	
249.0	
239.0	
259.0	
271.0	
265.0	
282.0	
296.0	
279.0	
285.0	
294.0	
311.0	
314.0	
305.0	
320.0	
339.0	
344.0	
346.0	
353.0	
349.0	
352.0	
363.0	
377.0	
372.0	
375.0	
392.0	
387.0	
396.0	
413.0	
413.0	
411.0	
418.0	
423.0	
433.0	
438.0	
432.0	
452.0	
455.0	
460.0	
456.0	
447.0	
466.0	
460.0	
473.0	
480.0	
497.0	
485.0	
482.0	
480.0	
496.0	
506.0	
487.0	
510.0	
509.0	
503.0	
514.0	
512.0	
508.0	
516.0	
521.0	
516.0	
535.0	
542.0	
544.0	
546.0	
543.0	
555.0	
542.0	
535.0	
541.0	
553.0	
550.0	
554.0	
552.0	
554.0	
550.0	
545.0	
549.0	
549.0	
562.0	
554.0	
565.0	
562.0	
551.0	
551.0	
556.0	
552.0	
553.0	
555.0	
544.0	
541.0	
552.0	
552.0	
549.0	
566.0	
554.0	
548.0	
535.0	
541.0	
531.0	
542.0	
538.0	
529.0	
523.0	
517.0	
526.0	
523.0	
521.0	
513.0	
518.0	
507.0	
508.0	
504.0	
504.0	
502.0	
496.0	
493.0	
483.0	
496.0	
486.0	
482.0	
478.0	
464.0	
457.0	
455.0	
458.0	
463.0	
451.0	
441.0	
439.0	
442.0	
434.0	
418.0	
416.0	
408.0	
398.0	
404.0	
403.0	
395.0	
388.0	
387.0	
382.0	
369.0	
371.0	
373.0	
361.0	
370.0	
352.0	
345.0	
342.0	
350.0	
356.0	
340.0	
317.0	
320.0	
313.0	
301.0	
295.0	
295.0	
289.0	
295.0	
271.0	
276.0	
277.0	
271.0	
251.0	
247.0	
236.0	
232.0	
219.0	
229.0	
221.0	
217.0	
220.0	
211.0	
186.0	
170.0	
163.0	
161.0	
161.0	
168.0	
156.0	
143.0	
128.0	
130.0	
127.0	
127.0	
126.0	
113.0	
91.0	
91.0	
97.0	
84.0	
82.0	
81.0	
75.0	
70.0	
59.0	
47.0	
32.0	
38.0	
27.0	
19.0	
29.0	
17.0	
-7.0	
-3.0	
-7.0	
-3.0	
1.0	
-17.0	
-25.0	
-31.0	
-37.0	
-47.0	
-60.0	
-58.0	
-74.0	
-72.0	
-73.0	
-75.0	
-90.0	
-103.0	
-106.0	
-105.0	
-95.0	
-121.0	
-138.0	
-141.0	
-141.0	
-151.0	
-154.0	
-155.0	
-159.0	
-164.0	
-173.0	
-175.0	
-173.0	
-179.0	
-187.0	
-197.0	
-207.0	
-211.0	
-226.0	
-232.0	
-231.0	
-216.0	
-232.0	
-246.0	
-245.0	
-252.0	
-263.0	
-274.0	
-281.0	
-279.0	
-291.0	
-293.0	
-311.0	
-303.0	
-298.0	
-304.0	
-313.0	
-315.0	
-326.0	
-332.0	
-322.0	
-329.0	
-335.0	
-342.0	
-335.0	
-343.0	
-346.0	
-355.0	
-356.0	
-352.0	
-361.0	
-363.0	
-367.0	
-378.0	
-379.0	
-392.0	
-383.0	
-397.0	
-410.0	
-406.0	
-414.0	
-415.0	
-400.0	
-421.0	
-426.0	
-434.0	
-435.0	
-428.0	
-429.0	
-434.0	
-436.0	
-445.0	
-451.0	
-449.0	
-450.0	
-459.0	
-460.0	
-476.0	
-478.0	
-469.0	
-465.0	
-475.0	
-486.0	
-490.0	
-478.0	
-490.0	
-496.0	
-494.0	
-494.0	
-489.0	
-506.0	
-487.0	
-489.0	
-493.0	
-508.0	
-506.0	
-505.0	
-513.0	
-505.0	
-505.0	
-509.0	
-519.0	
-515.0	
-510.0	
-507.0	
-505.0	
-513.0	
-508.0	
-513.0	
-527.0	
-525.0	
-523.0	
-529.0	
-523.0	
-528.0	
-521.0	
-520.0	
-521.0	
-530.0	
-529.0	
-522.0	
-530.0	
-514.0	
-518.0	
-520.0	
-517.0	
-525.0	
-528.0	
-525.0	
-519.0	
-516.0	
-530.0	
-525.0	
-510.0	
-533.0	
-521.0	
-516.0	
-512.0	
-516.0	
-514.0	
-502.0	
-508.0	
-515.0	
-512.0	
-511.0	
-514.0	
-513.0	
-502.0	
-490.0	
-491.0	
-505.0	
-513.0	
-497.0	
-491.0	
-478.0	
-488.0	
-478.0	
-492.0	
-500.0	
-489.0	
-479.0	
-474.0	
-470.0	
-486.0	
-472.0	
-475.0	
-475.0	
-461.0	
-470.0	
-476.0	
-473.0	
-464.0	
-450.0	
-458.0	
-462.0	
-457.0	
-452.0	
-445.0	
-432.0	
-433.0	
-425.0	
-439.0	
-444.0	
-423.0	
-415.0	
-418.0	
-423.0	
-417.0	
-410.0	
-415.0	
-406.0	
-398.0	
-404.0	
-414.0	
-394.0	
-400.0	
-396.0	
-398.0	
-387.0	
-392.0	
-393.0	
-374.0	
-364.0	
-357.0	
-370.0	
-365.0	
-358.0	
-352.0	
-335.0	
-337.0	
-333.0	
-345.0	
-338.0	
-333.0	
-334.0	
-328.0	
-332.0	
-315.0	
-316.0	
-314.0	
-313.0	
-311.0	
-293.0	
-289.0	
-299.0	
-297.0	
-295.0	
