-205.0	
-183.0	
-162.0	
-156.0	
-134.0	
-118.0	
-117.0	
-97.0	
-82.0	
-53.0	
-41.0	
-10.0	
1.0	
9.0	
30.0	
38.0	
68.0	
78.0	
99.0	
135.0	
143.0	
154.0	
173.0	
198.0	
202.0	
230.0	
261.0	
279.0	
282.0	
296.0	
331.0	
348.0	
356.0	
376.0	
397.0	
410.0	
436.0	
455.0	
464.0	
487.0	
509.0	
533.0	
553.0	
566.0	
580.0	
600.0	
638.0	
656.0	
651.0	
679.0	
691.0	
695.0	
707.0	
735.0	
743.0	
770.0	
783.0	
792.0	
822.0	
841.0	
855.0	
860.0	
862.0	
873.0	
894.0	
901.0	
910.0	
919.0	
931.0	
961.0	
969.0	
960.0	
983.0	
998.0	
1020.0	
1017.0	
1029.0	
1041.0	
1050.0	
1071.0	
1070.0	
1077.0	
1098.0	
1107.0	
1112.0	
1124.0	
1131.0	
1128.0	
1146.0	
1157.0	
1163.0	
1175.0	
1176.0	
1178.0	
1185.0	
1188.0	
1185.0	
1188.0	
1201.0	
1203.0	
1212.0	
1225.0	
1229.0	
1218.0	
1219.0	
1237.0	
1234.0	
1236.0	
1246.0	
1244.0	
1251.0	
1245.0	
1231.0	
1243.0	
1242.0	
1245.0	
1257.0	
1240.0	
1236.0	
1241.0	
1236.0	
1231.0	
1227.0	
1226.0	
1225.0	
1232.0	
1214.0	
1221.0	
1219.0	
1207.0	
1214.0	
1214.0	
1194.0	
1190.0	
1195.0	
1199.0	
1182.0	
1177.0	
1169.0	
1174.0	
1167.0	
1157.0	
1154.0	
1141.0	
1118.0	
1117.0	
1131.0	
1113.0	
1088.0	
1096.0	
1081.0	
1068.0	
1064.0	
1059.0	
1055.0	
1035.0	
1023.0	
1018.0	
999.0	
975.0	
982.0	
965.0	
955.0	
946.0	
932.0	
922.0	
915.0	
906.0	
886.0	
860.0	
849.0	
845.0	
826.0	
820.0	
810.0	
793.0	
783.0	
770.0	
753.0	
752.0	
728.0	
717.0	
706.0	
690.0	
677.0	
658.0	
635.0	
615.0	
606.0	
589.0	
571.0	
563.0	
553.0	
530.0	
521.0	
502.0	
483.0	
461.0	
454.0	
430.0	
413.0	
389.0	
377.0	
368.0	
357.0	
342.0	
325.0	
314.0	
302.0	
280.0	
269.0	
231.0	
222.0	
221.0	
192.0	
179.0	
165.0	
151.0	
131.0	
106.0	
93.0	
87.0	
56.0	
35.0	
15.0	
7.0	
-8.0	
-27.0	
-28.0	
-40.0	
-54.0	
-76.0	
-94.0	
-100.0	
-134.0	
-140.0	
-157.0	
-174.0	
-195.0	
-197.0	
-215.0	
-234.0	
-243.0	
-258.0	
-273.0	
-284.0	
-308.0	
-326.0	
-328.0	
-347.0	
-350.0	
-376.0	
-395.0	
-401.0	
-417.0	
-434.0	
-442.0	
-451.0	
-463.0	
-477.0	
-487.0	
-496.0	
-519.0	
-528.0	
-528.0	
-553.0	
-574.0	
-578.0	
-586.0	
-591.0	
-615.0	
-628.0	
-641.0	
-660.0	
-673.0	
-691.0	
-690.0	
-704.0	
-702.0	
-700.0	
-722.0	
-728.0	
-747.0	
-759.0	
-766.0	
-777.0	
-776.0	
-798.0	
-803.0	
-813.0	
-820.0	
-821.0	
-824.0	
-840.0	
-850.0	
-860.0	
-865.0	
-874.0	
-868.0	
-878.0	
-890.0	
-889.0	
-892.0	
-913.0	
-917.0	
-914.0	
-921.0	
-936.0	
-947.0	
-948.0	
-955.0	
-949.0	
-959.0	
-968.0	
-973.0	
-983.0	
-987.0	
-984.0	
-975.0	
-987.0	
-999.0	
-1001.0	
-1002.0	
-1017.0	
-1027.0	
-1022.0	
-1005.0	
-1011.0	
-1021.0	
-1022.0	
-1039.0	
-1033.0	
-1017.0	
-1032.0	
-1033.0	
-1048.0	
-1044.0	
-1028.0	
-1045.0	
-1048.0	
-1046.0	
-1031.0	
-1042.0	
-1053.0	
-1031.0	
-1040.0	
-1045.0	
-1028.0	
-1034.0	
-1042.0	
-1036.0	
-1046.0	
-1044.0	
-1035.0	
-1031.0	
-1030.0	
-1028.0	
-1015.0	
-1000.0	
-1005.0	
-1008.0	
-1014.0	
-1016.0	
-1005.0	
-1005.0	
-1000.0	
-997.0	
-994.0	
-984.0	
-989.0	
-971.0	
-972.0	
-967.0	
-964.0	
-954.0	
-958.0	
-949.0	
-932.0	
-929.0	
-922.0	
-923.0	
-925.0	
-919.0	
-913.0	
-914.0	
-900.0	
-886.0	
-873.0	
-867.0	
-865.0	
-867.0	
-847.0	
-834.0	
-832.0	
-828.0	
-817.0	
-812.0	
-803.0	
-781.0	
-792.0	
-773.0	
-764.0	
-761.0	
-760.0	
-747.0	
-743.0	
-731.0	
-713.0	
-715.0	
-699.0	
-691.0	
-679.0	
-684.0	
-679.0	
-665.0	
-639.0	
-638.0	
-630.0	
-610.0	
-604.0	
-595.0	
-582.0	
-557.0	
-555.0	
-541.0	
-526.0	
-535.0	
-522.0	
-493.0	
-489.0	
-489.0	
-473.0	
-452.0	
-444.0	
-436.0	
-435.0	
-419.0	
-396.0	
-380.0	
-379.0	
-368.0	
-343.0	
-334.0	
-308.0	
-301.0	
-302.0	
-282.0	
-278.0	
-251.0	
-234.0	
-224.0	
-219.0	
-204.0	
-188.0	
-171.0	
-159.0	
-163.0	
-153.0	
-119.0	
-103.0	
-91.0	
-77.0	
-68.0	
-69.0	
-41.0	
-18.0	
-19.0	
-4.0	
9.0	
19.0	
35.0	
71.0	
82.0	
83.0	
80.0	
95.0	
118.0	
134.0	
143.0	
153.0	
165.0	
177.0	
202.0	
218.0	
215.0	
217.0	
238.0	
255.0	
256.0	
279.0	
290.0	
301.0	
322.0	
329.0	
333.0	
345.0	
367.0	
387.0	
398.0	
402.0	
412.0	
423.0	
436.0	
439.0	
460.0	
474.0	
486.0	
490.0	
500.0	
500.0	
515.0	
529.0	
539.0	
555.0	
558.0	
582.0	
590.0	
601.0	
609.0	
619.0	
626.0	
641.0	
666.0	
650.0	
670.0	
685.0	
691.0	
688.0	
687.0	
702.0	
712.0	
732.0	
725.0	
726.0	
736.0	
751.0	
758.0	
753.0	
766.0	
769.0	
768.0	
778.0	
790.0	
803.0	
814.0	
819.0	
823.0	
808.0	
819.0	
818.0	
828.0	
824.0	
847.0	
854.0	
856.0	
856.0	
860.0	
862.0	
857.0	
871.0	
878.0	
886.0	
870.0	
880.0	
897.0	
885.0	
883.0	
884.0	
899.0	
897.0	
902.0	
899.0	
902.0	
906.0	
897.0	
890.0	
879.0	
883.0	
894.0	
895.0	
907.0	
896.0	
881.0	
873.0	
883.0	
900.0	
890.0	
880.0	
879.0	
881.0	
875.0	
867.0	
870.0	
875.0	
868.0	
865.0	
856.0	
855.0	
851.0	
857.0	
844.0	
840.0	
845.0	
832.0	
816.0	
824.0	
821.0	
805.0	
794.0	
803.0	
785.0	
776.0	
780.0	
771.0	
777.0	
762.0	
747.0	
745.0	
735.0	
720.0	
729.0	
724.0	
721.0	
725.0	
712.0	
704.0	
694.0	
686.0	
670.0	
663.0	
665.0	
658.0	
652.0	
630.0	
627.0	
625.0	
619.0	
621.0	
616.0	
593.0	
587.0	
583.0	
564.0	
559.0	
558.0	
556.0	
557.0	
534.0	
520.0	
520.0	
509.0	
501.0	
487.0	
484.0	
471.0	
451.0	
450.0	
452.0	
437.0	
412.0	
427.0	
408.0	
407.0	
409.0	
395.0	
392.0	
370.0	
365.0	
358.0	
354.0	
347.0	
338.0	
339.0	
342.0	
318.0	
304.0	
303.0	
293.0	
283.0	
273.0	
272.0	
264.0	
244.0	
244.0	
232.0	
231.0	
217.0	
213.0	
219.0	
207.0	
200.0	
178.0	
178.0	
170.0	
156.0	
141.0	
143.0	
146.0	
141.0	
130.0	
119.0	
112.0	
112.0	
106.0	
103.0	
92.0	
78.0	
77.0	
71.0	
60.0	
55.0	
48.0	
45.0	
45.0	
33.0	
34.0	
14.0	
5.0	
5.0	
0.0	
-7.0	
-4.0	
-16.0	
-21.0	
-13.0	
-19.0	
-29.0	
-28.0	
