-64.0	
-63.0	
-62.0	
-42.0	
-42.0	
-33.0	
-30.0	
-24.0	
-14.0	
-12.0	
-1.0	
-2.0	
2.0	
17.0	
33.0	
28.0	
38.0	
39.0	
44.0	
47.0	
55.0	
56.0	
68.0	
78.0	
68.0	
63.0	
71.0	
96.0	
92.0	
96.0	
95.0	
102.0	
119.0	
138.0	
142.0	
148.0	
158.0	
169.0	
176.0	
173.0	
177.0	
186.0	
194.0	
186.0	
211.0	
218.0	
234.0	
240.0	
243.0	
241.0	
236.0	
249.0	
266.0	
263.0	
276.0	
279.0	
280.0	
277.0	
296.0	
311.0	
309.0	
319.0	
320.0	
328.0	
336.0	
333.0	
349.0	
355.0	
357.0	
368.0	
372.0	
374.0	
380.0	
379.0	
380.0	
378.0	
378.0	
403.0	
410.0	
403.0	
420.0	
431.0	
437.0	
441.0	
444.0	
444.0	
451.0	
456.0	
470.0	
484.0	
487.0	
484.0	
495.0	
508.0	
506.0	
514.0	
502.0	
501.0	
507.0	
504.0	
497.0	
499.0	
502.0	
517.0	
526.0	
538.0	
516.0	
531.0	
537.0	
521.0	
522.0	
523.0	
521.0	
534.0	
538.0	
535.0	
524.0	
532.0	
535.0	
543.0	
537.0	
535.0	
534.0	
533.0	
530.0	
529.0	
526.0	
518.0	
510.0	
518.0	
510.0	
512.0	
508.0	
505.0	
497.0	
498.0	
502.0	
493.0	
490.0	
471.0	
464.0	
466.0	
478.0	
468.0	
455.0	
432.0	
433.0	
442.0	
433.0	
417.0	
422.0	
409.0	
406.0	
408.0	
402.0	
400.0	
384.0	
378.0	
376.0	
351.0	
351.0	
347.0	
333.0	
330.0	
323.0	
316.0	
302.0	
301.0	
302.0	
290.0	
287.0	
283.0	
278.0	
271.0	
272.0	
266.0	
258.0	
248.0	
237.0	
239.0	
229.0	
231.0	
223.0	
222.0	
226.0	
220.0	
213.0	
206.0	
205.0	
189.0	
183.0	
187.0	
176.0	
184.0	
174.0	
161.0	
155.0	
153.0	
154.0	
150.0	
148.0	
130.0	
129.0	
129.0	
112.0	
121.0	
126.0	
109.0	
102.0	
91.0	
94.0	
94.0	
94.0	
78.0	
74.0	
71.0	
72.0	
78.0	
80.0	
71.0	
59.0	
70.0	
54.0	
37.0	
41.0	
57.0	
34.0	
28.0	
25.0	
30.0	
29.0	
19.0	
19.0	
25.0	
7.0	
6.0	
-11.0	
-10.0	
-1.0	
-10.0	
-14.0	
-15.0	
-12.0	
-24.0	
-31.0	
-24.0	
-42.0	
-27.0	
-32.0	
-42.0	
-56.0	
-44.0	
-36.0	
-38.0	
-28.0	
-25.0	
-33.0	
-26.0	
-32.0	
-30.0	
-32.0	
-30.0	
-27.0	
-27.0	
-33.0	
-29.0	
-28.0	
-24.0	
-25.0	
-26.0	
-19.0	
-20.0	
-8.0	
-4.0	
-11.0	
-19.0	
-27.0	
-16.0	
-11.0	
-9.0	
-5.0	
2.0	
0.0	
0.0	
7.0	
1.0	
-5.0	
1.0	
0.0	
8.0	
13.0	
14.0	
4.0	
12.0	
10.0	
11.0	
19.0	
28.0	
31.0	
23.0	
24.0	
38.0	
42.0	
39.0	
53.0	
59.0	
58.0	
46.0	
56.0	
61.0	
78.0	
76.0	
88.0	
89.0	
92.0	
91.0	
79.0	
88.0	
110.0	
110.0	
104.0	
103.0	
118.0	
126.0	
114.0	
111.0	
112.0	
119.0	
125.0	
131.0	
136.0	
155.0	
146.0	
144.0	
145.0	
143.0	
142.0	
151.0	
165.0	
176.0	
170.0	
186.0	
188.0	
182.0	
179.0	
180.0	
193.0	
183.0	
181.0	
207.0	
209.0	
196.0	
203.0	
218.0	
209.0	
221.0	
227.0	
230.0	
228.0	
229.0	
234.0	
239.0	
231.0	
236.0	
244.0	
239.0	
241.0	
239.0	
218.0	
235.0	
240.0	
246.0	
235.0	
244.0	
255.0	
232.0	
231.0	
235.0	
232.0	
245.0	
225.0	
216.0	
233.0	
236.0	
232.0	
229.0	
226.0	
229.0	
216.0	
208.0	
214.0	
200.0	
208.0	
217.0	
193.0	
194.0	
195.0	
186.0	
194.0	
191.0	
189.0	
193.0	
167.0	
171.0	
168.0	
153.0	
148.0	
131.0	
129.0	
148.0	
153.0	
145.0	
148.0	
134.0	
119.0	
114.0	
137.0	
110.0	
104.0	
103.0	
87.0	
95.0	
106.0	
100.0	
89.0	
81.0	
73.0	
66.0	
82.0	
63.0	
62.0	
63.0	
53.0	
44.0	
53.0	
38.0	
36.0	
35.0	
32.0	
17.0	
4.0	
20.0	
9.0	
-4.0	
-10.0	
-18.0	
-9.0	
-4.0	
-13.0	
-16.0	
-19.0	
-15.0	
-27.0	
-45.0	
-37.0	
-38.0	
-39.0	
-45.0	
-66.0	
-68.0	
-61.0	
-70.0	
-72.0	
-75.0	
-70.0	
-79.0	
-83.0	
-83.0	
-94.0	
-97.0	
-98.0	
-94.0	
-105.0	
-111.0	
-106.0	
-125.0	
-114.0	
-92.0	
-112.0	
-121.0	
-132.0	
-124.0	
-120.0	
-119.0	
-136.0	
-136.0	
-138.0	
-132.0	
-139.0	
-158.0	
-140.0	
-145.0	
-159.0	
-159.0	
-170.0	
-159.0	
-161.0	
-156.0	
-157.0	
-159.0	
-164.0	
-161.0	
-165.0	
-166.0	
-170.0	
-171.0	
-171.0	
-169.0	
-170.0	
-163.0	
-160.0	
-177.0	
-171.0	
-146.0	
-146.0	
-148.0	
-149.0	
-157.0	
-159.0	
-156.0	
-148.0	
-150.0	
-151.0	
-154.0	
-152.0	
-149.0	
-151.0	
-162.0	
-151.0	
-146.0	
-140.0	
-141.0	
-137.0	
-131.0	
-128.0	
-133.0	
-136.0	
-137.0	
-136.0	
-139.0	
-134.0	
-139.0	
-125.0	
-139.0	
-126.0	
-113.0	
-115.0	
-110.0	
-107.0	
-94.0	
-89.0	
-95.0	
-89.0	
-80.0	
-85.0	
-78.0	
-82.0	
-76.0	
-64.0	
-62.0	
-61.0	
-57.0	
-52.0	
-46.0	
-47.0	
-29.0	
-26.0	
-41.0	
-18.0	
-19.0	
-11.0	
-12.0	
-11.0	
-7.0	
6.0	
2.0	
6.0	
12.0	
19.0	
27.0	
