-45.0	
-49.0	
-38.0	
-25.0	
-24.0	
-24.0	
-20.0	
-21.0	
-23.0	
-5.0	
-13.0	
2.0	
-5.0	
0.0	
3.0	
4.0	
7.0	
10.0	
26.0	
30.0	
29.0	
37.0	
49.0	
45.0	
46.0	
51.0	
63.0	
62.0	
64.0	
68.0	
73.0	
58.0	
71.0	
86.0	
87.0	
86.0	
92.0	
107.0	
102.0	
90.0	
97.0	
124.0	
116.0	
115.0	
123.0	
125.0	
125.0	
130.0	
150.0	
154.0	
145.0	
156.0	
172.0	
183.0	
185.0	
194.0	
190.0	
199.0	
194.0	
206.0	
198.0	
214.0	
213.0	
217.0	
211.0	
221.0	
226.0	
229.0	
235.0	
253.0	
265.0	
261.0	
264.0	
261.0	
269.0	
278.0	
263.0	
268.0	
289.0	
297.0	
289.0	
298.0	
288.0	
301.0	
313.0	
303.0	
312.0	
318.0	
323.0	
329.0	
324.0	
322.0	
333.0	
345.0	
347.0	
346.0	
343.0	
357.0	
355.0	
363.0	
366.0	
351.0	
377.0	
370.0	
372.0	
388.0	
390.0	
377.0	
387.0	
387.0	
391.0	
393.0	
391.0	
408.0	
412.0	
409.0	
401.0	
410.0	
412.0	
404.0	
414.0	
407.0	
403.0	
403.0	
402.0	
426.0	
418.0	
412.0	
415.0	
408.0	
417.0	
421.0	
414.0	
431.0	
427.0	
413.0	
405.0	
411.0	
426.0	
422.0	
413.0	
428.0	
423.0	
415.0	
402.0	
417.0	
415.0	
407.0	
401.0	
406.0	
407.0	
401.0	
400.0	
402.0	
399.0	
399.0	
385.0	
399.0	
387.0	
395.0	
393.0	
390.0	
386.0	
388.0	
376.0	
368.0	
354.0	
361.0	
356.0	
360.0	
366.0	
359.0	
360.0	
360.0	
346.0	
342.0	
338.0	
337.0	
340.0	
342.0	
329.0	
323.0	
329.0	
329.0	
319.0	
316.0	
318.0	
314.0	
308.0	
301.0	
292.0	
294.0	
301.0	
286.0	
282.0	
293.0	
284.0	
269.0	
268.0	
263.0	
257.0	
274.0	
265.0	
255.0	
248.0	
252.0	
244.0	
231.0	
224.0	
227.0	
212.0	
211.0	
212.0	
210.0	
213.0	
205.0	
194.0	
190.0	
191.0	
195.0	
196.0	
175.0	
154.0	
154.0	
164.0	
158.0	
150.0	
156.0	
149.0	
148.0	
146.0	
139.0	
131.0	
132.0	
133.0	
129.0	
127.0	
134.0	
133.0	
119.0	
110.0	
113.0	
100.0	
98.0	
91.0	
83.0	
81.0	
93.0	
80.0	
69.0	
69.0	
74.0	
75.0	
62.0	
43.0	
44.0	
48.0	
40.0	
37.0	
41.0	
31.0	
37.0	
32.0	
24.0	
31.0	
26.0	
11.0	
11.0	
-1.0	
0.0	
4.0	
-2.0	
-7.0	
6.0	
2.0	
-13.0	
-14.0	
-27.0	
-20.0	
-23.0	
-36.0	
-31.0	
-28.0	
-31.0	
-42.0	
-36.0	
-37.0	
-44.0	
-44.0	
-39.0	
-49.0	
-60.0	
-59.0	
-72.0	
-66.0	
-74.0	
-75.0	
-66.0	
-79.0	
-79.0	
-83.0	
-82.0	
-84.0	
-81.0	
-78.0	
-92.0	
-92.0	
-92.0	
-103.0	
-96.0	
-96.0	
-100.0	
-93.0	
-89.0	
-98.0	
-101.0	
-111.0	
-95.0	
-111.0	
-120.0	
-117.0	
-120.0	
-121.0	
-123.0	
-123.0	
-121.0	
-116.0	
-126.0	
-129.0	
-119.0	
-118.0	
-120.0	
-119.0	
-124.0	
-130.0	
-134.0	
-143.0	
-146.0	
-130.0	
-136.0	
-144.0	
-147.0	
-149.0	
-149.0	
-161.0	
-157.0	
-145.0	
-148.0	
-151.0	
-151.0	
-162.0	
-157.0	
-152.0	
-165.0	
-161.0	
-150.0	
-153.0	
-164.0	
-165.0	
-147.0	
-146.0	
-156.0	
-153.0	
-167.0	
-167.0	
-142.0	
-153.0	
-153.0	
-156.0	
-162.0	
-165.0	
-174.0	
-157.0	
-159.0	
-170.0	
-170.0	
-162.0	
-153.0	
-160.0	
-157.0	
-167.0	
-158.0	
-171.0	
-181.0	
-169.0	
-160.0	
-168.0	
-182.0	
-173.0	
-160.0	
-165.0	
-179.0	
-174.0	
-169.0	
-167.0	
-161.0	
-151.0	
-164.0	
-157.0	
-154.0	
-154.0	
-167.0	
-168.0	
-144.0	
-148.0	
-143.0	
-143.0	
-156.0	
-149.0	
-150.0	
-149.0	
-151.0	
-152.0	
-146.0	
-149.0	
-151.0	
-140.0	
-132.0	
-148.0	
-146.0	
-135.0	
-139.0	
-138.0	
-147.0	
-147.0	
-138.0	
-137.0	
-132.0	
-134.0	
-135.0	
-136.0	
-133.0	
-143.0	
-132.0	
-128.0	
-129.0	
-133.0	
-120.0	
-116.0	
-115.0	
-117.0	
-123.0	
-137.0	
-115.0	
-101.0	
-111.0	
-116.0	
-114.0	
-113.0	
-113.0	
-100.0	
-93.0	
-106.0	
-105.0	
-94.0	
-101.0	
-100.0	
-92.0	
-91.0	
-70.0	
-83.0	
-89.0	
-74.0	
-61.0	
-60.0	
-61.0	
-71.0	
-60.0	
-50.0	
-46.0	
-62.0	
-57.0	
-52.0	
-61.0	
-55.0	
-62.0	
-45.0	
-48.0	
-37.0	
-34.0	
-35.0	
-29.0	
-23.0	
-18.0	
-35.0	
-44.0	
-37.0	
-28.0	
-20.0	
-20.0	
-11.0	
-8.0	
-6.0	
-10.0	
-6.0	
6.0	
9.0	
28.0	
11.0	
14.0	
14.0	
24.0	
36.0	
30.0	
31.0	
31.0	
38.0	
41.0	
42.0	
32.0	
34.0	
45.0	
56.0	
43.0	
55.0	
67.0	
60.0	
75.0	
67.0	
73.0	
81.0	
68.0	
78.0	
98.0	
96.0	
85.0	
78.0	
85.0	
101.0	
97.0	
102.0	
93.0	
113.0	
109.0	
115.0	
112.0	
119.0	
129.0	
143.0	
146.0	
137.0	
132.0	
125.0	
141.0	
140.0	
135.0	
138.0	
146.0	
144.0	
165.0	
151.0	
140.0	
150.0	
153.0	
156.0	
165.0	
164.0	
167.0	
170.0	
156.0	
148.0	
166.0	
171.0	
190.0	
196.0	
195.0	
194.0	
172.0	
180.0	
192.0	
196.0	
188.0	
179.0	
197.0	
198.0	
190.0	
184.0	
193.0	
201.0	
207.0	
206.0	
207.0	
215.0	
224.0	
208.0	
215.0	
229.0	
228.0	
217.0	
221.0	
214.0	
216.0	
237.0	
227.0	
219.0	
222.0	
222.0	
231.0	
234.0	
221.0	
219.0	
213.0	
228.0	
227.0	
233.0	
220.0	
214.0	
234.0	
244.0	
238.0	
233.0	
237.0	
236.0	
229.0	
235.0	
248.0	
238.0	
231.0	
245.0	
248.0	
234.0	
229.0	
235.0	
235.0	
246.0	
243.0	
232.0	
235.0	
236.0	
245.0	
234.0	
232.0	
243.0	
245.0	
242.0	
234.0	
240.0	
252.0	
246.0	
242.0	
226.0	
235.0	
231.0	
239.0	
233.0	
238.0	
220.0	
221.0	
235.0	
236.0	
228.0	
238.0	
233.0	
221.0	
215.0	
223.0	
234.0	
227.0	
226.0	
210.0	
204.0	
207.0	
222.0	
214.0	
197.0	
211.0	
208.0	
203.0	
212.0	
219.0	
213.0	
222.0	
196.0	
189.0	
199.0	
212.0	
187.0	
195.0	
208.0	
204.0	
199.0	
187.0	
192.0	
192.0	
201.0	
193.0	
189.0	
177.0	
175.0	
182.0	
183.0	
186.0	
181.0	
181.0	
170.0	
165.0	
179.0	
171.0	
170.0	
183.0	
186.0	
179.0	
168.0	
166.0	
163.0	
160.0	
168.0	
161.0	
163.0	
166.0	
167.0	
165.0	
151.0	
159.0	
156.0	
159.0	
147.0	
143.0	
150.0	
151.0	
150.0	
151.0	
155.0	
150.0	
138.0	
132.0	
127.0	
141.0	
138.0	
137.0	
134.0	
119.0	
130.0	
128.0	
133.0	
134.0	
111.0	
117.0	
114.0	
121.0	
102.0	
103.0	
106.0	
102.0	
106.0	
103.0	
103.0	
122.0	
116.0	
109.0	
100.0	
105.0	
102.0	
91.0	
99.0	
105.0	
83.0	
93.0	
89.0	
105.0	
102.0	
81.0	
66.0	
69.0	
88.0	
89.0	
88.0	
84.0	
84.0	
83.0	
75.0	
62.0	
66.0	
68.0	
73.0	
61.0	
56.0	
62.0	
68.0	
70.0	
63.0	
60.0	
67.0	
61.0	
67.0	
62.0	
47.0	
57.0	
44.0	
54.0	
65.0	
55.0	
40.0	
45.0	
47.0	
34.0	
46.0	
57.0	
51.0	
50.0	
49.0	
41.0	
37.0	
52.0	
36.0	
33.0	
47.0	
36.0	
28.0	
34.0	
29.0	
25.0	
28.0	
21.0	
14.0	
25.0	
25.0	
11.0	
10.0	
23.0	
7.0	
0.0	
19.0	
26.0	
9.0	
3.0	
22.0	
18.0	
-1.0	
12.0	
21.0	
18.0	
8.0	
13.0	
8.0	
-8.0	
-5.0	
-1.0	
-22.0	
-11.0	
7.0	
2.0	
-20.0	
-2.0	
3.0	
-4.0	
-5.0	
-8.0	
-7.0	
-18.0	
-16.0	
-17.0	
-16.0	
-13.0	
-19.0	
-28.0	
-23.0	
-11.0	
-25.0	
-30.0	
-44.0	
-30.0	
-21.0	
-18.0	
-22.0	
-16.0	
-27.0	
-33.0	
-38.0	
-42.0	
-32.0	
-37.0	
-44.0	
-38.0	
-40.0	
-41.0	
-41.0	
-43.0	
-41.0	
-45.0	
-39.0	
-42.0	
-61.0	
-42.0	
-35.0	
-51.0	
-46.0	
-37.0	
-32.0	
-44.0	
-53.0	
-45.0	
-50.0	
-51.0	
-41.0	
-49.0	
-56.0	
-42.0	
-57.0	
-68.0	
-65.0	
-43.0	
-53.0	
-52.0	
-68.0	
-62.0	
-56.0	
-59.0	
-61.0	
-62.0	
-63.0	
-52.0	
-67.0	
-62.0	
-62.0	
-69.0	
-61.0	
-64.0	
-58.0	
-59.0	
-43.0	
-57.0	
-78.0	
-71.0	
-54.0	
-52.0	
-63.0	
-65.0	
-66.0	
-63.0	
-71.0	
-67.0	
-62.0	
-63.0	
-67.0	
-68.0	
-66.0	
-63.0	
-79.0	
-71.0	
-71.0	
-60.0	
-65.0	
-69.0	
-81.0	
-71.0	
-69.0	
-55.0	
-55.0	
-63.0	
-61.0	
-56.0	
-63.0	
-47.0	
-58.0	
-59.0	
-55.0	
-66.0	
-54.0	
-57.0	
-50.0	
-55.0	
-53.0	
-49.0	
-58.0	
-58.0	
-47.0	
-43.0	
-39.0	
-49.0	
-54.0	
-62.0	
-50.0	
-47.0	
-57.0	
-45.0	
-46.0	
-53.0	
-53.0	
-60.0	
-48.0	
-51.0	
-51.0	
-35.0	
-43.0	
-43.0	
-46.0	
-50.0	
-43.0	
-30.0	
-28.0	
-37.0	
-48.0	
-48.0	
-32.0	
-30.0	
-25.0	
-40.0	
-55.0	
-40.0	
-47.0	
-36.0	
-31.0	
-42.0	
-29.0	
-31.0	
-32.0	
-30.0	
-23.0	
-27.0	
-33.0	
-44.0	
-26.0	
-17.0	
-11.0	
-27.0	
-29.0	
-20.0	
-20.0	
-21.0	
-22.0	
-19.0	
-20.0	
1.0	
0.0	
-16.0	
-14.0	
-13.0	
-2.0	
4.0	
-2.0	
0.0	
2.0	
-2.0	
3.0	
7.0	
3.0	
-1.0	
6.0	
2.0	
2.0	
6.0	
13.0	
14.0	
11.0	
19.0	
6.0	
9.0	
15.0	
9.0	
18.0	
24.0	
13.0	
14.0	
13.0	
18.0	
22.0	
30.0	
21.0	
17.0	
30.0	
32.0	
21.0	
36.0	
36.0	
47.0	
27.0	
27.0	
25.0	
39.0	
32.0	
37.0	
43.0	
49.0	
39.0	
50.0	
38.0	
44.0	
41.0	
39.0	
37.0	
54.0	
63.0	
51.0	
49.0	
57.0	
57.0	
63.0	
52.0	
51.0	
60.0	
59.0	
55.0	
67.0	
64.0	
53.0	
58.0	
66.0	
69.0	
65.0	
60.0	
69.0	
64.0	
71.0	
81.0	
69.0	
67.0	
73.0	
76.0	
73.0	
69.0	
68.0	
67.0	
69.0	
60.0	
60.0	
72.0	
72.0	
73.0	
66.0	
69.0	
71.0	
74.0	
77.0	
86.0	
85.0	
88.0	
94.0	
90.0	
82.0	
78.0	
81.0	
88.0	
90.0	
93.0	
84.0	
99.0	
89.0	
83.0	
93.0	
86.0	
91.0	
100.0	
91.0	
88.0	
80.0	
98.0	
100.0	
92.0	
100.0	
104.0	
98.0	
99.0	
90.0	
100.0	
106.0	
98.0	
101.0	
106.0	
104.0	
106.0	
111.0	
103.0	
111.0	
119.0	
102.0	
104.0	
107.0	
107.0	
112.0	
89.0	
102.0	
105.0	
112.0	
107.0	
112.0	
113.0	
108.0	
112.0	
105.0	
122.0	
121.0	
119.0	
107.0	
109.0	
112.0	
127.0	
110.0	
107.0	
109.0	
120.0	
127.0	
122.0	
116.0	
115.0	
122.0	
102.0	
112.0	
107.0	
99.0	
104.0	
113.0	
111.0	
99.0	
107.0	
108.0	
109.0	
109.0	
117.0	
119.0	
112.0	
95.0	
112.0	
117.0	
99.0	
106.0	
102.0	
104.0	
98.0	
92.0	
105.0	
111.0	
107.0	
110.0	
112.0	
111.0	
97.0	
97.0	
106.0	
105.0	
95.0	
103.0	
100.0	
95.0	
96.0	
98.0	
110.0	
100.0	
89.0	
98.0	
95.0	
104.0	
91.0	
93.0	
105.0	
101.0	
110.0	
108.0	
94.0	
90.0	
88.0	
92.0	
82.0	
86.0	
92.0	
98.0	
96.0	
86.0	
84.0	
87.0	
83.0	
91.0	
89.0	
92.0	
88.0	
87.0	
84.0	
74.0	
81.0	
71.0	
70.0	
71.0	
73.0	
61.0	
68.0	
57.0	
53.0	
68.0	
70.0	
77.0	
83.0	
80.0	
71.0	
60.0	
62.0	
71.0	
62.0	
61.0	
65.0	
61.0	
48.0	
54.0	
61.0	
68.0	
69.0	
60.0	
47.0	
55.0	
52.0	
50.0	
62.0	
56.0	
55.0	
53.0	
52.0	
47.0	
43.0	
40.0	
22.0	
32.0	
34.0	
42.0	
42.0	
51.0	
64.0	
59.0	
42.0	
36.0	
34.0	
48.0	
38.0	
34.0	
37.0	
34.0	
38.0	
32.0	
30.0	
21.0	
25.0	
22.0	
34.0	
33.0	
23.0	
17.0	
24.0	
10.0	
12.0	
26.0	
16.0	
22.0	
24.0	
20.0	
23.0	
26.0	
12.0	
10.0	
22.0	
20.0	
27.0	
23.0	
5.0	
16.0	
18.0	
8.0	
7.0	
0.0	
-13.0	
-2.0	
8.0	
4.0	
5.0	
9.0	
14.0	
1.0	
10.0	
14.0	
6.0	
10.0	
8.0	
9.0	
-3.0	
10.0	
6.0	
14.0	
5.0	
-1.0	
1.0	
2.0	
-4.0	
7.0	
5.0	
8.0	
12.0	
6.0	
1.0	
0.0	
-2.0	
-4.0	
-6.0	
-12.0	
-8.0	
-7.0	
6.0	
0.0	
-6.0	
-17.0	
-11.0	
-9.0	
-4.0	
0.0	
-18.0	
-12.0	
-2.0	
4.0	
-6.0	
-20.0	
-17.0	
-15.0	
-3.0	
-13.0	
-1.0	
11.0	
1.0	
-8.0	
2.0	
2.0	
-10.0	
-14.0	
-4.0	
-7.0	
-4.0	
6.0	
14.0	
-4.0	
0.0	
2.0	
-4.0	
-3.0	
3.0	
2.0	
-5.0	
-17.0	
-6.0	
0.0	
9.0	
11.0	
8.0	
9.0	
17.0	
10.0	
-1.0	
-8.0	
-10.0	
0.0	
-5.0	
3.0	
6.0	
5.0	
14.0	
8.0	
-1.0	
3.0	
5.0	
15.0	
17.0	
2.0	
13.0	
17.0	
10.0	
8.0	
12.0	
14.0	
10.0	
7.0	
6.0	
12.0	
6.0	
2.0	
3.0	
-3.0	
11.0	
15.0	
19.0	
13.0	
6.0	
18.0	
30.0	
15.0	
26.0	
21.0	
12.0	
30.0	
28.0	
22.0	
7.0	
10.0	
17.0	
17.0	
18.0	
33.0	
16.0	
20.0	
30.0	
32.0	
22.0	
18.0	
17.0	
18.0	
30.0	
31.0	
17.0	
23.0	
23.0	
19.0	
28.0	
23.0	
33.0	
28.0	
30.0	
19.0	
16.0	
23.0	
25.0	
34.0	
23.0	
16.0	
39.0	
36.0	
16.0	
23.0	
32.0	
35.0	
37.0	
27.0	
30.0	
27.0	
22.0	
44.0	
45.0	
29.0	
31.0	
33.0	
46.0	
48.0	
36.0	
25.0	
39.0	
34.0	
35.0	
42.0	
49.0	
40.0	
37.0	
40.0	
38.0	
23.0	
34.0	
38.0	
40.0	
43.0	
38.0	
41.0	
43.0	
53.0	
48.0	
34.0	
50.0	
39.0	
44.0	
46.0	
53.0	
37.0	
36.0	
37.0	
30.0	
47.0	
41.0	
44.0	
47.0	
44.0	
35.0	
51.0	
56.0	
32.0	
38.0	
47.0	
48.0	
48.0	
36.0	
34.0	
54.0	
49.0	
42.0	
46.0	
49.0	
31.0	
33.0	
42.0	
38.0	
44.0	
46.0	
51.0	
59.0	
49.0	
45.0	
53.0	
61.0	
55.0	
58.0	
46.0	
54.0	
66.0	
49.0	
51.0	
40.0	
39.0	
50.0	
52.0	
48.0	
59.0	
60.0	
59.0	
51.0	
46.0	
42.0	
43.0	
54.0	
49.0	
46.0	
50.0	
53.0	
45.0	
55.0	
67.0	
62.0	
59.0	
54.0	
64.0	
62.0	
56.0	
55.0	
56.0	
57.0	
49.0	
56.0	
50.0	
56.0	
48.0	
44.0	
37.0	
48.0	
44.0	
50.0	
47.0	
38.0	
28.0	
50.0	
40.0	
41.0	
43.0	
44.0	
55.0	
55.0	
45.0	
38.0	
56.0	
48.0	
49.0	
53.0	
49.0	
34.0	
37.0	
50.0	
55.0	
40.0	
52.0	
44.0	
41.0	
34.0	
29.0	
45.0	
38.0	
42.0	
58.0	
51.0	
34.0	
46.0	
36.0	
24.0	
21.0	
26.0	
28.0	
32.0	
29.0	
27.0	
33.0	
43.0	
39.0	
35.0	
37.0	
41.0	
50.0	
41.0	
44.0	
46.0	
33.0	
32.0	
31.0	
47.0	
44.0	
35.0	
29.0	
30.0	
34.0	
27.0	
34.0	
28.0	
20.0	
34.0	
23.0	
24.0	
30.0	
33.0	
14.0	
20.0	
23.0	
10.0	
20.0	
12.0	
15.0	
26.0	
30.0	
8.0	
11.0	
13.0	
12.0	
9.0	
9.0	
12.0	
22.0	
18.0	
10.0	
15.0	
10.0	
13.0	
12.0	
7.0	
8.0	
11.0	
7.0	
15.0	
18.0	
7.0	
10.0	
27.0	
12.0	
1.0	
-1.0	
11.0	
22.0	
25.0	
25.0	
10.0	
15.0	
6.0	
-6.0	
17.0	
11.0	
-1.0	
5.0	
15.0	
3.0	
0.0	
3.0	
-3.0	
-15.0	
