28.0	
15.0	
7.0	
11.0	
8.0	
2.0	
-2.0	
0.0	
-7.0	
-3.0	
-17.0	
-17.0	
-28.0	
-30.0	
-29.0	
-13.0	
-35.0	
-45.0	
-42.0	
-39.0	
-44.0	
-43.0	
-54.0	
-64.0	
-56.0	
-63.0	
-76.0	
-73.0	
-98.0	
-97.0	
-92.0	
-102.0	
-98.0	
-95.0	
-102.0	
-108.0	
-124.0	
-114.0	
-114.0	
-121.0	
-122.0	
-131.0	
-124.0	
-118.0	
-124.0	
-140.0	
-152.0	
-137.0	
-137.0	
-154.0	
-154.0	
-152.0	
-156.0	
-163.0	
-165.0	
-174.0	
-172.0	
-171.0	
-177.0	
-179.0	
-187.0	
-174.0	
-181.0	
-184.0	
-184.0	
-194.0	
-202.0	
-201.0	
-198.0	
-209.0	
-212.0	
-228.0	
-214.0	
-224.0	
-232.0	
-226.0	
-227.0	
-231.0	
-226.0	
-238.0	
-246.0	
-240.0	
-244.0	
-243.0	
-235.0	
-236.0	
-238.0	
-264.0	
-273.0	
-258.0	
-256.0	
-252.0	
-259.0	
-255.0	
-249.0	
-269.0	
-279.0	
-268.0	
-267.0	
-265.0	
-270.0	
-278.0	
-268.0	
-273.0	
-262.0	
-273.0	
-278.0	
-267.0	
-284.0	
-287.0	
-290.0	
-294.0	
-284.0	
-288.0	
-306.0	
-292.0	
-291.0	
-304.0	
-301.0	
-292.0	
-289.0	
-296.0	
-303.0	
-303.0	
-300.0	
-311.0	
-319.0	
-310.0	
-305.0	
-307.0	
-322.0	
-302.0	
-317.0	
-318.0	
-300.0	
-304.0	
-301.0	
-303.0	
-305.0	
-304.0	
-319.0	
-314.0	
-312.0	
-303.0	
-299.0	
-324.0	
-320.0	
-318.0	
-322.0	
-318.0	
-304.0	
-303.0	
-308.0	
-315.0	
-310.0	
-318.0	
-325.0	
-317.0	
-313.0	
-314.0	
-306.0	
-308.0	
-315.0	
-325.0	
-319.0	
-319.0	
-315.0	
-309.0	
-314.0	
-308.0	
-320.0	
-321.0	
-315.0	
-317.0	
-316.0	
-315.0	
-311.0	
-309.0	
-314.0	
-308.0	
-313.0	
-300.0	
-298.0	
-299.0	
-300.0	
-284.0	
-295.0	
-296.0	
-287.0	
-284.0	
-279.0	
-284.0	
-288.0	
-289.0	
-291.0	
-286.0	
-279.0	
-275.0	
-265.0	
-274.0	
-281.0	
-272.0	
-270.0	
-261.0	
-252.0	
-262.0	
-255.0	
-264.0	
-260.0	
-240.0	
-260.0	
-259.0	
-235.0	
-257.0	
-263.0	
-236.0	
-244.0	
-233.0	
-232.0	
-233.0	
-241.0	
-227.0	
-229.0	
-240.0	
-237.0	
-222.0	
-215.0	
-221.0	
-216.0	
-201.0	
-190.0	
-194.0	
-205.0	
-210.0	
-196.0	
-186.0	
-204.0	
-187.0	
-202.0	
-201.0	
-185.0	
-188.0	
-177.0	
-168.0	
-176.0	
-163.0	
-175.0	
-170.0	
-154.0	
-158.0	
-143.0	
-149.0	
-151.0	
-157.0	
-158.0	
-149.0	
-156.0	
-141.0	
-134.0	
-140.0	
-145.0	
-133.0	
-141.0	
-127.0	
-129.0	
-134.0	
-139.0	
-124.0	
-105.0	
-99.0	
-109.0	
-105.0	
-85.0	
-83.0	
-85.0	
-85.0	
-86.0	
-80.0	
-75.0	
-89.0	
-80.0	
-71.0	
-76.0	
-79.0	
-84.0	
-69.0	
-74.0	
-66.0	
-69.0	
-71.0	
-58.0	
-56.0	
-50.0	
-43.0	
-51.0	
-54.0	
-50.0	
-35.0	
-36.0	
-45.0	
-28.0	
-28.0	
-32.0	
-26.0	
-28.0	
-24.0	
-18.0	
-18.0	
-15.0	
-17.0	
-22.0	
0.0	
-5.0	
-7.0	
1.0	
3.0	
5.0	
-1.0	
2.0	
-3.0	
6.0	
2.0	
2.0	
7.0	
17.0	
23.0	
32.0	
23.0	
17.0	
41.0	
34.0	
30.0	
33.0	
32.0	
40.0	
43.0	
48.0	
39.0	
40.0	
42.0	
45.0	
54.0	
48.0	
51.0	
60.0	
53.0	
56.0	
59.0	
54.0	
61.0	
61.0	
62.0	
72.0	
74.0	
72.0	
88.0	
85.0	
81.0	
89.0	
97.0	
96.0	
93.0	
92.0	
84.0	
92.0	
94.0	
84.0	
83.0	
89.0	
97.0	
95.0	
86.0	
98.0	
118.0	
110.0	
108.0	
123.0	
108.0	
111.0	
113.0	
97.0	
105.0	
105.0	
96.0	
97.0	
109.0	
112.0	
115.0	
119.0	
118.0	
105.0	
101.0	
116.0	
111.0	
111.0	
122.0	
104.0	
113.0	
115.0	
103.0	
117.0	
116.0	
101.0	
105.0	
108.0	
111.0	
111.0	
104.0	
110.0	
95.0	
117.0	
124.0	
115.0	
101.0	
90.0	
105.0	
100.0	
93.0	
103.0	
112.0	
101.0	
92.0	
104.0	
104.0	
93.0	
108.0	
94.0	
84.0	
95.0	
92.0	
90.0	
83.0	
86.0	
85.0	
82.0	
79.0	
84.0	
77.0	
81.0	
81.0	
79.0	
79.0	
78.0	
89.0	
74.0	
69.0	
75.0	
72.0	
74.0	
60.0	
69.0	
68.0	
70.0	
64.0	
50.0	
61.0	
73.0	
70.0	
56.0	
38.0	
43.0	
45.0	
47.0	
45.0	
46.0	
44.0	
33.0	
29.0	
22.0	
18.0	
32.0	
20.0	
15.0	
30.0	
25.0	
13.0	
26.0	
32.0	
20.0	
19.0	
9.0	
-1.0	
3.0	
5.0	
9.0	
0.0	
10.0	
4.0	
-5.0	
0.0	
-7.0	
-15.0	
-17.0	
-10.0	
-10.0	
-16.0	
-17.0	
-20.0	
-15.0	
-32.0	
-13.0	
-26.0	
-31.0	
-25.0	
-21.0	
-38.0	
-33.0	
-36.0	
-33.0	
-35.0	
-43.0	
-40.0	
-33.0	
-38.0	
-47.0	
-52.0	
-41.0	
-47.0	
-47.0	
-55.0	
-56.0	
-49.0	
-60.0	
-60.0	
-54.0	
-62.0	
-82.0	
-78.0	
-76.0	
-76.0	
-78.0	
-57.0	
-66.0	
-82.0	
-85.0	
-83.0	
-87.0	
-91.0	
-91.0	
-97.0	
-87.0	
-97.0	
-92.0	
-111.0	
-103.0	
-101.0	
-113.0	
-91.0	
-96.0	
-103.0	
-103.0	
-112.0	
-99.0	
-99.0	
-109.0	
-103.0	
-118.0	
-111.0	
-111.0	
-117.0	
-123.0	
-118.0	
-111.0	
-127.0	
-126.0	
-124.0	
-137.0	
-141.0	
-136.0	
-123.0	
-134.0	
-133.0	
-129.0	
-132.0	
-140.0	
-154.0	
-145.0	
-137.0	
-142.0	
-143.0	
-141.0	
-134.0	
-137.0	
-153.0	
-146.0	
-147.0	
-162.0	
-164.0	
-147.0	
-153.0	
-154.0	
-146.0	
-153.0	
-144.0	
-145.0	
-159.0	
-148.0	
-156.0	
-148.0	
-159.0	
-147.0	
-159.0	
-156.0	
-158.0	
-159.0	
-160.0	
-174.0	
-180.0	
-175.0	
-169.0	
-153.0	
-165.0	
-174.0	
-160.0	
-176.0	
-167.0	
-180.0	
-178.0	
-172.0	
-184.0	
-163.0	
-166.0	
-157.0	
-165.0	
-171.0	
-177.0	
-193.0	
-173.0	
-169.0	
-174.0	
-169.0	
-165.0	
-172.0	
-179.0	
-189.0	
-182.0	
-187.0	
-182.0	
-183.0	
-190.0	
-184.0	
-180.0	
-183.0	
-176.0	
-173.0	
-163.0	
-174.0	
-167.0	
-177.0	
-176.0	
-173.0	
-179.0	
-177.0	
-175.0	
-167.0	
-158.0	
-178.0	
-165.0	
-161.0	
-173.0	
-159.0	
-155.0	
-162.0	
-147.0	
-149.0	
-165.0	
-150.0	
-149.0	
-147.0	
-148.0	
-150.0	
-141.0	
-150.0	
-148.0	
-141.0	
-143.0	
-153.0	
-150.0	
-139.0	
-155.0	
-137.0	
-141.0	
-128.0	
-128.0	
-148.0	
-140.0	
-135.0	
-126.0	
-123.0	
-126.0	
-131.0	
-115.0	
-114.0	
-110.0	
-127.0	
-128.0	
-118.0	
-112.0	
-108.0	
-96.0	
-97.0	
-105.0	
-112.0	
-110.0	
-101.0	
-91.0	
-107.0	
-103.0	
-93.0	
-89.0	
-96.0	
-91.0	
-100.0	
-81.0	
-79.0	
-85.0	
-86.0	
-89.0	
-75.0	
-73.0	
-84.0	
-77.0	
-69.0	
-72.0	
-79.0	
-75.0	
-60.0	
-68.0	
-72.0	
-58.0	
-63.0	
-64.0	
-55.0	
-43.0	
-49.0	
-48.0	
-43.0	
-53.0	
-46.0	
-42.0	
-34.0	
-43.0	
-49.0	
-45.0	
-35.0	
-17.0	
-27.0	
-37.0	
-37.0	
-20.0	
-22.0	
-32.0	
-35.0	
-27.0	
-21.0	
-17.0	
-2.0	
-18.0	
-8.0	
-4.0	
2.0	
4.0	
-14.0	
-7.0	
-2.0	
0.0	
-7.0	
-4.0	
0.0	
11.0	
20.0	
14.0	
-3.0	
-4.0	
0.0	
7.0	
0.0	
14.0	
8.0	
16.0	
23.0	
16.0	
12.0	
5.0	
6.0	
10.0	
7.0	
7.0	
11.0	
27.0	
16.0	
25.0	
25.0	
25.0	
27.0	
23.0	
25.0	
12.0	
32.0	
35.0	
33.0	
35.0	
41.0	
40.0	
33.0	
43.0	
33.0	
38.0	
51.0	
43.0	
53.0	
59.0	
55.0	
63.0	
49.0	
46.0	
53.0	
52.0	
56.0	
66.0	
59.0	
51.0	
70.0	
67.0	
63.0	
66.0	
71.0	
65.0	
59.0	
59.0	
62.0	
59.0	
62.0	
58.0	
61.0	
62.0	
63.0	
62.0	
69.0	
66.0	
56.0	
66.0	
68.0	
83.0	
81.0	
68.0	
73.0	
71.0	
64.0	
59.0	
60.0	
69.0	
70.0	
59.0	
62.0	
63.0	
65.0	
63.0	
61.0	
60.0	
57.0	
48.0	
48.0	
60.0	
57.0	
60.0	
55.0	
73.0	
71.0	
54.0	
58.0	
56.0	
61.0	
55.0	
62.0	
65.0	
47.0	
55.0	
54.0	
68.0	
56.0	
52.0	
63.0	
59.0	
63.0	
47.0	
63.0	
58.0	
47.0	
53.0	
57.0	
52.0	
66.0	
56.0	
55.0	
50.0	
53.0	
40.0	
53.0	
59.0	
59.0	
58.0	
51.0	
45.0	
52.0	
40.0	
49.0	
50.0	
47.0	
50.0	
44.0	
47.0	
28.0	
42.0	
65.0	
49.0	
33.0	
37.0	
34.0	
38.0	
44.0	
49.0	
48.0	
44.0	
45.0	
46.0	
50.0	
52.0	
48.0	
45.0	
48.0	
40.0	
39.0	
30.0	
39.0	
33.0	
32.0	
25.0	
40.0	
39.0	
36.0	
34.0	
32.0	
29.0	
22.0	
25.0	
34.0	
18.0	
14.0	
22.0	
30.0	
20.0	
19.0	
27.0	
28.0	
20.0	
18.0	
14.0	
18.0	
18.0	
20.0	
22.0	
22.0	
11.0	
3.0	
-6.0	
5.0	
18.0	
9.0	
8.0	
7.0	
14.0	
11.0	
4.0	
5.0	
-1.0	
18.0	
17.0	
-2.0	
-6.0	
-4.0	
-7.0	
-6.0	
6.0	
16.0	
0.0	
-7.0	
0.0	
9.0	
9.0	
5.0	
-7.0	
-15.0	
-15.0	
-25.0	
-20.0	
-24.0	
-13.0	
-11.0	
-20.0	
-17.0	
-21.0	
-13.0	
-4.0	
-15.0	
-14.0	
-4.0	
-13.0	
-12.0	
-13.0	
-18.0	
-21.0	
-20.0	
-32.0	
-34.0	
-26.0	
-22.0	
-26.0	
-34.0	
-32.0	
-33.0	
-30.0	
-26.0	
-36.0	
-21.0	
