35.0	
17.0	
17.0	
1.0	
-22.0	
-17.0	
-24.0	
-22.0	
-35.0	
-42.0	
-53.0	
-73.0	
-88.0	
-108.0	
-105.0	
-118.0	
-131.0	
-135.0	
-147.0	
-159.0	
-175.0	
-187.0	
-182.0	
-198.0	
-217.0	
-223.0	
-220.0	
-245.0	
-271.0	
-271.0	
-288.0	
-291.0	
-306.0	
-317.0	
-314.0	
-322.0	
-336.0	
-344.0	
-358.0	
-373.0	
-376.0	
-384.0	
-398.0	
-393.0	
-410.0	
-428.0	
-439.0	
-443.0	
-447.0	
-455.0	
-471.0	
-476.0	
-480.0	
-496.0	
-510.0	
-512.0	
-515.0	
-518.0	
-530.0	
-551.0	
-562.0	
-551.0	
-566.0	
-566.0	
-571.0	
-580.0	
-590.0	
-601.0	
-602.0	
-606.0	
-605.0	
-609.0	
-611.0	
-625.0	
-628.0	
-630.0	
-626.0	
-638.0	
-653.0	
-647.0	
-645.0	
-635.0	
-646.0	
-649.0	
-650.0	
-649.0	
-654.0	
-659.0	
-657.0	
-661.0	
-655.0	
-640.0	
-649.0	
-649.0	
-630.0	
-643.0	
-646.0	
-640.0	
-629.0	
-628.0	
-627.0	
-613.0	
-618.0	
-623.0	
-624.0	
-608.0	
-601.0	
-613.0	
-597.0	
-600.0	
-583.0	
-569.0	
-579.0	
-568.0	
-560.0	
-546.0	
-539.0	
-527.0	
-516.0	
-527.0	
-515.0	
-511.0	
-503.0	
-485.0	
-470.0	
-475.0	
-453.0	
-441.0	
-440.0	
-438.0	
-430.0	
-419.0	
-405.0	
-391.0	
-383.0	
-374.0	
-349.0	
-358.0	
-357.0	
-336.0	
-316.0	
-295.0	
-289.0	
-292.0	
-276.0	
-264.0	
-237.0	
-233.0	
-225.0	
-207.0	
-207.0	
-189.0	
-182.0	
-175.0	
-150.0	
-137.0	
-115.0	
-112.0	
-98.0	
-83.0	
-82.0	
-62.0	
-51.0	
-42.0	
-33.0	
-30.0	
-28.0	
-1.0	
19.0	
15.0	
32.0	
49.0	
53.0	
67.0	
63.0	
83.0	
98.0	
118.0	
115.0	
120.0	
141.0	
148.0	
163.0	
172.0	
190.0	
192.0	
195.0	
201.0	
208.0	
206.0	
238.0	
245.0	
236.0	
253.0	
260.0	
259.0	
271.0	
285.0	
283.0	
299.0	
297.0	
301.0	
316.0	
329.0	
333.0	
338.0	
343.0	
352.0	
349.0	
339.0	
356.0	
376.0	
384.0	
380.0	
386.0	
383.0	
374.0	
385.0	
381.0	
402.0	
403.0	
392.0	
404.0	
419.0	
412.0	
408.0	
401.0	
419.0	
418.0	
420.0	
419.0	
425.0	
425.0	
432.0	
418.0	
409.0	
417.0	
417.0	
416.0	
424.0	
424.0	
423.0	
409.0	
407.0	
420.0	
424.0	
411.0	
414.0	
425.0	
410.0	
406.0	
417.0	
409.0	
402.0	
405.0	
404.0	
397.0	
408.0	
395.0	
396.0	
385.0	
389.0	
392.0	
386.0	
368.0	
365.0	
365.0	
361.0	
367.0	
358.0	
345.0	
344.0	
337.0	
347.0	
348.0	
329.0	
328.0	
336.0	
334.0	
326.0	
318.0	
304.0	
279.0	
289.0	
290.0	
286.0	
270.0	
258.0	
256.0	
252.0	
249.0	
245.0	
241.0	
244.0	
223.0	
222.0	
221.0	
206.0	
214.0	
209.0	
199.0	
194.0	
180.0	
173.0	
163.0	
162.0	
155.0	
155.0	
153.0	
146.0	
132.0	
131.0	
147.0	
124.0	
130.0	
130.0	
107.0	
103.0	
102.0	
86.0	
75.0	
65.0	
59.0	
52.0	
34.0	
35.0	
40.0	
27.0	
13.0	
11.0	
9.0	
12.0	
-6.0	
-18.0	
-18.0	
-20.0	
-23.0	
-40.0	
-38.0	
-48.0	
-42.0	
-47.0	
-66.0	
-74.0	
-73.0	
-85.0	
-99.0	
-103.0	
-98.0	
-122.0	
-120.0	
-122.0	
-129.0	
-145.0	
-152.0	
-162.0	
-164.0	
-155.0	
-155.0	
-181.0	
-173.0	
-170.0	
-176.0	
-194.0	
-195.0	
-203.0	
-207.0	
-223.0	
-226.0	
-234.0	
-244.0	
-235.0	
-252.0	
-247.0	
-242.0	
-260.0	
-271.0	
-285.0	
-276.0	
-282.0	
-293.0	
-288.0	
-296.0	
-305.0	
-298.0	
-318.0	
-317.0	
-307.0	
-299.0	
-314.0	
-331.0	
-341.0	
-342.0	
-338.0	
-339.0	
-335.0	
-341.0	
-364.0	
-362.0	
-344.0	
-343.0	
-348.0	
-350.0	
-377.0	
-374.0	
-368.0	
-380.0	
-390.0	
-393.0	
-380.0	
-397.0	
-390.0	
-405.0	
-393.0	
-393.0	
-401.0	
-394.0	
-408.0	
-405.0	
-398.0	
-397.0	
-393.0	
-410.0	
-418.0	
-419.0	
-427.0	
-420.0	
-417.0	
-408.0	
-422.0	
-416.0	
-414.0	
-417.0	
-420.0	
-421.0	
-427.0	
-415.0	
-411.0	
-417.0	
-414.0	
-412.0	
-413.0	
-415.0	
-433.0	
-423.0	
-422.0	
-419.0	
-396.0	
-414.0	
-408.0	
-413.0	
-413.0	
-406.0	
-408.0	
-410.0	
-402.0	
-405.0	
-403.0	
-394.0	
-395.0	
-391.0	
-376.0	
-387.0	
-384.0	
-386.0	
-383.0	
-378.0	
-372.0	
-369.0	
-363.0	
-368.0	
-366.0	
-360.0	
-352.0	
-337.0	
-330.0	
-326.0	
-323.0	
-331.0	
-321.0	
-317.0	
-311.0	
-314.0	
-310.0	
-295.0	
-291.0	
-292.0	
-288.0	
-283.0	
-280.0	
-270.0	
-251.0	
-259.0	
-239.0	
-248.0	
-252.0	
-234.0	
-236.0	
-236.0	
-212.0	
-222.0	
-211.0	
-208.0	
-204.0	
-196.0	
-174.0	
-175.0	
-173.0	
-155.0	
-141.0	
-139.0	
-135.0	
-132.0	
-121.0	
-114.0	
-116.0	
-110.0	
-106.0	
-88.0	
-74.0	
-69.0	
-60.0	
-55.0	
-49.0	
-32.0	
-43.0	
-17.0	
-21.0	
-24.0	
-10.0	
4.0	
-5.0	
8.0	
14.0	
18.0	
36.0	
49.0	
62.0	
62.0	
67.0	
72.0	
84.0	
82.0	
109.0	
100.0	
112.0	
123.0	
122.0	
122.0	
128.0	
139.0	
144.0	
128.0	
137.0	
151.0	
164.0	
169.0	
168.0	
181.0	
182.0	
176.0	
203.0	
203.0	
201.0	
210.0	
214.0	
220.0	
228.0	
242.0	
240.0	
249.0	
246.0	
243.0	
252.0	
256.0	
262.0	
271.0	
270.0	
272.0	
254.0	
262.0	
274.0	
272.0	
287.0	
288.0	
281.0	
294.0	
294.0	
286.0	
294.0	
301.0	
308.0	
308.0	
304.0	
310.0	
312.0	
307.0	
305.0	
300.0	
302.0	
309.0	
299.0	
300.0	
308.0	
307.0	
313.0	
301.0	
309.0	
303.0	
304.0	
303.0	
295.0	
313.0	
312.0	
305.0	
291.0	
293.0	
297.0	
289.0	
294.0	
284.0	
277.0	
274.0	
287.0	
279.0	
268.0	
269.0	
264.0	
267.0	
253.0	
251.0	
253.0	
252.0	
255.0	
243.0	
223.0	
225.0	
228.0	
215.0	
216.0	
193.0	
191.0	
182.0	
181.0	
189.0	
180.0	
174.0	
168.0	
170.0	
167.0	
155.0	
148.0	
142.0	
126.0	
129.0	
130.0	
124.0	
117.0	
105.0	
98.0	
91.0	
96.0	
102.0	
84.0	
72.0	
61.0	
59.0	
60.0	
72.0	
56.0	
52.0	
38.0	
30.0	
31.0	
21.0	
1.0	
-7.0	
-1.0	
5.0	
-7.0	
-24.0	
-17.0	
-33.0	
-32.0	
-48.0	
-59.0	
-57.0	
-66.0	
-75.0	
-81.0	
-98.0	
-109.0	
-102.0	
-109.0	
-112.0	
-118.0	
-118.0	
-120.0	
-132.0	
-148.0	
-155.0	
-156.0	
-158.0	
-154.0	
-164.0	
-171.0	
-186.0	
-175.0	
-184.0	
-182.0	
-194.0	
-183.0	
-201.0	
-205.0	
-203.0	
-204.0	
-210.0	
-225.0	
-228.0	
-231.0	
-241.0	
-254.0	
-263.0	
-252.0	
-263.0	
-264.0	
-255.0	
-269.0	
-260.0	
-251.0	
-281.0	
-292.0	
-278.0	
-282.0	
-274.0	
-280.0	
-288.0	
-290.0	
-287.0	
-282.0	
-296.0	
-307.0	
-300.0	
-305.0	
-305.0	
-305.0	
-310.0	
-305.0	
-304.0	
-303.0	
-294.0	
-298.0	
-314.0	
-305.0	
-313.0	
-319.0	
-313.0	
-312.0	
-316.0	
-322.0	
-316.0	
-315.0	
-318.0	
-316.0	
-309.0	
-320.0	
-321.0	
-311.0	
-300.0	
-303.0	
-300.0	
-312.0	
-299.0	
-297.0	
-294.0	
-294.0	
-292.0	
-286.0	
-289.0	
-292.0	
-298.0	
-302.0	
-295.0	
-281.0	
-280.0	
-291.0	
-286.0	
-281.0	
-272.0	
-264.0	
-254.0	
-267.0	
-260.0	
-257.0	
-261.0	
-241.0	
-226.0	
-238.0	
-245.0	
-233.0	
-219.0	
-221.0	
-231.0	
-221.0	
-217.0	
-218.0	
-206.0	
-198.0	
-189.0	
-200.0	
-203.0	
-205.0	
-188.0	
-172.0	
-179.0	
-187.0	
-182.0	
-177.0	
-173.0	
-157.0	
-162.0	
-167.0	
-152.0	
-142.0	
-161.0	
-139.0	
-128.0	
-117.0	
-124.0	
-119.0	
-118.0	
-107.0	
-96.0	
-106.0	
-105.0	
-104.0	
-100.0	
-102.0	
-95.0	
-77.0	
-74.0	
-79.0	
-72.0	
-61.0	
-60.0	
-60.0	
-51.0	
-52.0	
-31.0	
-32.0	
-29.0	
-22.0	
-20.0	
-20.0	
-1.0	
3.0	
-2.0	
6.0	
18.0	
6.0	
8.0	
22.0	
30.0	
21.0	
21.0	
27.0	
33.0	
38.0	
40.0	
44.0	
51.0	
45.0	
59.0	
57.0	
59.0	
67.0	
70.0	
60.0	
68.0	
82.0	
76.0	
75.0	
103.0	
93.0	
94.0	
103.0	
102.0	
96.0	
87.0	
100.0	
104.0	
105.0	
107.0	
100.0	
119.0	
120.0	
115.0	
108.0	
126.0	
129.0	
120.0	
120.0	
123.0	
124.0	
130.0	
117.0	
128.0	
134.0	
128.0	
129.0	
130.0	
130.0	
138.0	
130.0	
129.0	
135.0	
161.0	
141.0	
139.0	
137.0	
139.0	
145.0	
143.0	
134.0	
134.0	
121.0	
137.0	
136.0	
130.0	
127.0	
123.0	
117.0	
115.0	
112.0	
112.0	
102.0	
118.0	
119.0	
114.0	
115.0	
104.0	
110.0	
113.0	
110.0	
113.0	
113.0	
111.0	
110.0	
97.0	
90.0	
97.0	
86.0	
90.0	
95.0	
77.0	
85.0	
78.0	
75.0	
73.0	
80.0	
70.0	
61.0	
64.0	
56.0	
59.0	
53.0	
41.0	
44.0	
35.0	
31.0	
44.0	
39.0	
42.0	
41.0	
36.0	
27.0	
36.0	
44.0	
34.0	
15.0	
6.0	
10.0	
8.0	
7.0	
-11.0	
-1.0	
-10.0	
-20.0	
-20.0	
-10.0	
-15.0	
-25.0	
-33.0	
-36.0	
-45.0	
-38.0	
-42.0	
-41.0	
-59.0	
-67.0	
-43.0	
-42.0	
-52.0	
-63.0	
-78.0	
-74.0	
-77.0	
-75.0	
-85.0	
-93.0	
-90.0	
-96.0	
-94.0	
-93.0	
-89.0	
-89.0	
-100.0	
-108.0	
-113.0	
-118.0	
-113.0	
-113.0	
-118.0	
-121.0	
-125.0	
-115.0	
-120.0	
-129.0	
-119.0	
-115.0	
-127.0	
-142.0	
-139.0	
-124.0	
-134.0	
-137.0	
-136.0	
-145.0	
-144.0	
-144.0	
-142.0	
-138.0	
-150.0	
-139.0	
-134.0	
-132.0	
-147.0	
-136.0	
-142.0	
-160.0	
-156.0	
-158.0	
-147.0	
-145.0	
-145.0	
-163.0	
-159.0	
-155.0	
-162.0	
-175.0	
-166.0	
-150.0	
-158.0	
-166.0	
-170.0	
-160.0	
-159.0	
-151.0	
-167.0	
-150.0	
-149.0	
-157.0	
-150.0	
-139.0	
-154.0	
-148.0	
-154.0	
-153.0	
-150.0	
-170.0	
-159.0	
-146.0	
-171.0	
-162.0	
-140.0	
-146.0	
-169.0	
-146.0	
-130.0	
-136.0	
-147.0	
-142.0	
-137.0	
-146.0	
-149.0	
-134.0	
-149.0	
-144.0	
-142.0	
-149.0	
-145.0	
-134.0	
-147.0	
-154.0	
-140.0	
-156.0	
-159.0	
-153.0	
-142.0	
-147.0	
-127.0	
-136.0	
-129.0	
-131.0	
-133.0	
-129.0	
-136.0	
-134.0	
-124.0	
-130.0	
-123.0	
-124.0	
-134.0	
-114.0	
-121.0	
-112.0	
-99.0	
-107.0	
-119.0	
-112.0	
-108.0	
-109.0	
-105.0	
-105.0	
-101.0	
-100.0	
-94.0	
-96.0	
-107.0	
-102.0	
-93.0	
-102.0	
-95.0	
-91.0	
-97.0	
-95.0	
-81.0	
-84.0	
-84.0	
-80.0	
-87.0	
-68.0	
-74.0	
-85.0	
-87.0	
-70.0	
