-6.0	
-9.0	
-15.0	
1.0	
2.0	
12.0	
15.0	
22.0	
21.0	
11.0	
25.0	
33.0	
36.0	
44.0	
46.0	
47.0	
55.0	
55.0	
55.0	
57.0	
66.0	
64.0	
53.0	
72.0	
69.0	
64.0	
66.0	
82.0	
79.0	
77.0	
93.0	
104.0	
98.0	
100.0	
98.0	
110.0	
100.0	
86.0	
89.0	
116.0	
120.0	
114.0	
117.0	
121.0	
127.0	
130.0	
130.0	
120.0	
134.0	
127.0	
126.0	
134.0	
139.0	
146.0	
143.0	
151.0	
151.0	
148.0	
145.0	
153.0	
154.0	
148.0	
161.0	
173.0	
152.0	
160.0	
168.0	
168.0	
164.0	
169.0	
165.0	
164.0	
162.0	
158.0	
166.0	
169.0	
161.0	
167.0	
176.0	
176.0	
163.0	
170.0	
169.0	
157.0	
175.0	
176.0	
167.0	
150.0	
163.0	
165.0	
170.0	
178.0	
155.0	
153.0	
162.0	
158.0	
160.0	
155.0	
160.0	
153.0	
142.0	
146.0	
157.0	
146.0	
143.0	
140.0	
143.0	
140.0	
150.0	
144.0	
135.0	
128.0	
134.0	
133.0	
124.0	
115.0	
109.0	
127.0	
125.0	
121.0	
110.0	
105.0	
99.0	
102.0	
108.0	
106.0	
107.0	
84.0	
64.0	
66.0	
68.0	
77.0	
73.0	
66.0	
55.0	
62.0	
57.0	
55.0	
52.0	
49.0	
38.0	
31.0	
36.0	
24.0	
11.0	
14.0	
13.0	
9.0	
3.0	
3.0	
10.0	
0.0	
0.0	
-13.0	
-18.0	
-10.0	
-28.0	
-32.0	
-23.0	
-30.0	
-42.0	
-42.0	
-45.0	
-50.0	
-62.0	
-52.0	
-59.0	
-68.0	
-71.0	
-76.0	
-85.0	
-84.0	
-92.0	
-98.0	
-108.0	
-100.0	
-106.0	
-99.0	
-105.0	
-111.0	
-128.0	
-134.0	
-137.0	
-139.0	
-132.0	
-131.0	
-136.0	
-130.0	
-149.0	
-158.0	
-157.0	
-161.0	
-162.0	
-159.0	
-162.0	
-172.0	
-180.0	
-193.0	
-179.0	
-175.0	
-179.0	
-191.0	
-187.0	
-193.0	
-202.0	
-187.0	
-196.0	
-203.0	
-203.0	
-214.0	
-219.0	
-223.0	
-221.0	
-232.0	
-238.0	
-222.0	
-232.0	
-233.0	
-220.0	
-219.0	
-224.0	
-229.0	
-247.0	
-257.0	
-251.0	
-256.0	
-264.0	
-252.0	
-258.0	
-263.0	
-261.0	
-248.0	
-247.0	
-256.0	
-248.0	
-257.0	
-264.0	
-257.0	
-265.0	
-269.0	
-266.0	
-268.0	
-270.0	
-270.0	
-274.0	
-269.0	
-272.0	
-278.0	
-270.0	
-277.0	
-287.0	
-276.0	
-276.0	
-292.0	
-273.0	
-272.0	
-275.0	
-274.0	
-275.0	
-281.0	
-274.0	
-282.0	
-298.0	
-303.0	
-293.0	
-279.0	
-290.0	
-295.0	
-287.0	
-282.0	
-281.0	
-294.0	
-288.0	
-279.0	
-275.0	
-287.0	
-284.0	
-281.0	
-284.0	
-284.0	
-275.0	
-270.0	
-267.0	
-277.0	
-284.0	
-277.0	
-281.0	
-271.0	
-275.0	
-274.0	
-277.0	
-276.0	
-274.0	
-273.0	
-263.0	
-268.0	
-274.0	
-270.0	
-274.0	
-271.0	
-264.0	
-258.0	
-254.0	
-267.0	
-269.0	
-254.0	
-272.0	
-274.0	
-268.0	
-265.0	
-254.0	
-245.0	
-233.0	
-244.0	
-246.0	
-245.0	
-256.0	
-250.0	
-242.0	
-237.0	
-236.0	
-253.0	
-240.0	
-221.0	
-227.0	
-241.0	
-236.0	
-226.0	
-231.0	
-223.0	
-214.0	
-212.0	
-217.0	
-213.0	
-217.0	
-206.0	
-200.0	
-198.0	
-194.0	
-192.0	
-191.0	
-184.0	
-191.0	
-194.0	
-183.0	
-186.0	
-180.0	
-186.0	
-177.0	
-182.0	
-179.0	
-183.0	
-167.0	
-168.0	
-171.0	
-150.0	
-168.0	
-163.0	
-154.0	
-163.0	
-150.0	
-148.0	
-166.0	
-156.0	
-134.0	
-138.0	
-148.0	
-149.0	
-147.0	
-145.0	
-137.0	
-122.0	
-120.0	
-114.0	
-113.0	
-117.0	
-116.0	
-128.0	
-118.0	
-99.0	
-102.0	
-109.0	
-104.0	
-106.0	
-90.0	
-86.0	
-102.0	
-92.0	
-87.0	
-82.0	
-81.0	
-100.0	
-91.0	
-85.0	
-93.0	
-87.0	
-60.0	
-69.0	
-66.0	
-69.0	
-66.0	
-70.0	
-75.0	
-70.0	
-48.0	
-44.0	
-38.0	
-54.0	
-43.0	
-49.0	
-39.0	
-53.0	
-59.0	
-47.0	
-46.0	
-44.0	
-44.0	
-41.0	
-30.0	
-25.0	
-33.0	
-29.0	
-30.0	
-21.0	
-19.0	
-17.0	
-7.0	
-26.0	
-21.0	
-31.0	
-29.0	
-21.0	
-18.0	
-25.0	
-17.0	
-13.0	
-12.0	
-9.0	
-17.0	
-13.0	
-14.0	
-12.0	
7.0	
3.0	
5.0	
7.0	
16.0	
6.0	
6.0	
21.0	
20.0	
0.0	
3.0	
24.0	
11.0	
27.0	
20.0	
16.0	
15.0	
19.0	
27.0	
23.0	
30.0	
30.0	
20.0	
36.0	
41.0	
34.0	
25.0	
23.0	
31.0	
43.0	
54.0	
43.0	
51.0	
57.0	
46.0	
37.0	
37.0	
41.0	
36.0	
31.0	
30.0	
28.0	
23.0	
41.0	
51.0	
51.0	
52.0	
55.0	
51.0	
53.0	
59.0	
60.0	
52.0	
54.0	
52.0	
53.0	
68.0	
59.0	
64.0	
59.0	
59.0	
67.0	
60.0	
64.0	
63.0	
60.0	
64.0	
76.0	
78.0	
64.0	
70.0	
68.0	
58.0	
76.0	
76.0	
79.0	
67.0	
72.0	
60.0	
73.0	
78.0	
64.0	
63.0	
68.0	
59.0	
71.0	
79.0	
80.0	
81.0	
75.0	
60.0	
62.0	
76.0	
67.0	
63.0	
55.0	
55.0	
72.0	
67.0	
73.0	
65.0	
75.0	
63.0	
68.0	
76.0	
79.0	
72.0	
60.0	
58.0	
53.0	
58.0	
53.0	
56.0	
52.0	
49.0	
67.0	
52.0	
48.0	
62.0	
58.0	
56.0	
50.0	
58.0	
36.0	
32.0	
63.0	
62.0	
41.0	
43.0	
43.0	
47.0	
41.0	
34.0	
35.0	
39.0	
41.0	
35.0	
46.0	
33.0	
25.0	
35.0	
17.0	
33.0	
41.0	
37.0	
24.0	
17.0	
17.0	
27.0	
23.0	
36.0	
26.0	
16.0	
13.0	
5.0	
17.0	
25.0	
19.0	
13.0	
2.0	
-1.0	
11.0	
17.0	
11.0	
1.0	
2.0	
17.0	
8.0	
4.0	
13.0	
2.0	
-9.0	
-10.0	
-13.0	
-24.0	
-20.0	
-22.0	
-21.0	
-23.0	
-18.0	
-14.0	
-21.0	
-30.0	
-22.0	
-29.0	
-21.0	
-26.0	
-33.0	
-34.0	
-37.0	
-29.0	
-47.0	
-40.0	
-38.0	
-37.0	
-39.0	
-48.0	
-49.0	
-45.0	
-55.0	
-46.0	
-45.0	
-51.0	
-66.0	
-46.0	
-46.0	
-59.0	
-71.0	
-59.0	
-70.0	
-61.0	
-55.0	
-58.0	
-72.0	
-62.0	
-52.0	
-53.0	
-70.0	
-74.0	
-68.0	
-64.0	
-75.0	
-79.0	
-62.0	
-77.0	
-92.0	
-89.0	
-77.0	
-87.0	
-74.0	
-81.0	
-84.0	
-83.0	
-81.0	
-85.0	
-84.0	
-103.0	
-98.0	
-99.0	
-92.0	
-101.0	
-103.0	
-95.0	
-89.0	
-106.0	
-106.0	
-106.0	
-114.0	
-108.0	
-105.0	
-99.0	
-99.0	
-110.0	
-101.0	
-89.0	
-106.0	
-110.0	
-105.0	
-106.0	
-103.0	
-99.0	
-105.0	
-97.0	
-104.0	
-115.0	
-115.0	
-110.0	
-109.0	
-121.0	
-112.0	
-109.0	
-116.0	
-122.0	
-116.0	
-116.0	
-137.0	
-114.0	
-120.0	
-119.0	
-117.0	
-116.0	
-114.0	
-115.0	
-117.0	
-103.0	
-112.0	
-124.0	
-118.0	
-112.0	
-112.0	
-121.0	
-113.0	
-119.0	
-115.0	
-113.0	
-116.0	
-115.0	
-121.0	
-117.0	
-115.0	
-118.0	
-117.0	
-115.0	
-112.0	
-93.0	
-107.0	
-122.0	
-111.0	
-108.0	
-103.0	
-118.0	
-101.0	
-115.0	
-110.0	
-121.0	
-124.0	
-114.0	
-121.0	
-127.0	
-117.0	
-117.0	
-125.0	
-118.0	
-111.0	
-111.0	
-100.0	
-96.0	
-104.0	
-119.0	
-119.0	
-94.0	
-99.0	
-107.0	
-113.0	
-116.0	
-113.0	
-103.0	
-90.0	
-106.0	
-108.0	
-112.0	
-121.0	
-120.0	
-93.0	
-101.0	
-92.0	
-99.0	
-95.0	
-90.0	
-87.0	
-94.0	
-98.0	
-90.0	
-98.0	
-92.0	
-87.0	
-87.0	
-84.0	
-100.0	
-107.0	
-90.0	
-86.0	
-91.0	
-88.0	
-104.0	
-88.0	
-81.0	
-93.0	
-90.0	
-86.0	
-74.0	
-70.0	
-84.0	
-91.0	
-80.0	
-84.0	
-90.0	
-91.0	
-77.0	
-83.0	
-80.0	
-72.0	
-78.0	
-69.0	
-74.0	
-80.0	
-85.0	
-83.0	
-81.0	
-71.0	
-82.0	
-76.0	
-78.0	
-83.0	
-73.0	
-84.0	
-84.0	
-88.0	
-81.0	
-94.0	
-81.0	
-86.0	
-77.0	
-78.0	
-71.0	
-81.0	
-83.0	
-89.0	
-61.0	
-66.0	
-67.0	
-72.0	
-59.0	
-69.0	
-70.0	
-70.0	
-64.0	
-62.0	
-62.0	
-65.0	
-64.0	
-70.0	
-66.0	
-59.0	
-66.0	
-70.0	
-63.0	
-55.0	
-49.0	
-50.0	
-63.0	
-58.0	
-59.0	
-61.0	
-66.0	
-70.0	
-60.0	
-59.0	
-48.0	
-50.0	
-40.0	
-43.0	
-49.0	
-43.0	
-47.0	
-46.0	
-50.0	
-42.0	
-50.0	
-37.0	
-37.0	
-54.0	
-45.0	
-32.0	
-19.0	
-28.0	
-34.0	
-33.0	
-32.0	
-36.0	
-40.0	
-28.0	
-26.0	
-16.0	
-2.0	
-10.0	
-20.0	
-23.0	
-25.0	
-10.0	
-14.0	
-15.0	
-15.0	
-10.0	
0.0	
0.0	
-7.0	
-17.0	
5.0	
-5.0	
-17.0	
-16.0	
-2.0	
0.0	
0.0	
0.0	
3.0	
6.0	
18.0	
7.0	
15.0	
15.0	
8.0	
0.0	
10.0	
3.0	
16.0	
7.0	
12.0	
12.0	
11.0	
17.0	
22.0	
13.0	
13.0	
9.0	
13.0	
8.0	
15.0	
5.0	
20.0	
11.0	
13.0	
14.0	
18.0	
7.0	
21.0	
28.0	
20.0	
23.0	
26.0	
19.0	
12.0	
24.0	
19.0	
13.0	
12.0	
22.0	
28.0	
36.0	
19.0	
25.0	
15.0	
25.0	
24.0	
25.0	
26.0	
40.0	
35.0	
29.0	
27.0	
22.0	
27.0	
36.0	
38.0	
32.0	
30.0	
27.0	
36.0	
32.0	
27.0	
37.0	
18.0	
24.0	
29.0	
35.0	
43.0	
49.0	
25.0	
35.0	
50.0	
41.0	
30.0	
39.0	
21.0	
33.0	
39.0	
33.0	
26.0	
20.0	
24.0	
25.0	
16.0	
23.0	
20.0	
15.0	
14.0	
12.0	
10.0	
13.0	
16.0	
26.0	
18.0	
-1.0	
7.0	
18.0	
0.0	
4.0	
1.0	
-8.0	
12.0	
-3.0	
2.0	
0.0	
0.0	
-3.0	
7.0	
3.0	
-8.0	
0.0	
5.0	
5.0	
-1.0	
-1.0	
-7.0	
-8.0	
-8.0	
0.0	
7.0	
0.0	
-15.0	
-8.0	
8.0	
0.0	
-4.0	
-5.0	
-16.0	
-16.0	
-9.0	
-15.0	
-7.0	
-11.0	
-7.0	
-6.0	
-4.0	
-20.0	
-24.0	
-23.0	
-11.0	
-16.0	
-27.0	
-21.0	
-19.0	
-20.0	
-12.0	
-21.0	
-12.0	
-40.0	
-38.0	
-38.0	
-31.0	
-21.0	
-29.0	
-15.0	
-34.0	
-29.0	
-39.0	
-30.0	
-34.0	
-34.0	
-36.0	
-31.0	
-30.0	
-35.0	
-36.0	
-35.0	
-56.0	
-41.0	
-47.0	
-52.0	
-48.0	
-37.0	
-43.0	
-52.0	
-54.0	
-59.0	
-47.0	
-41.0	
-36.0	
-36.0	
-40.0	
-52.0	
-57.0	
-57.0	
-48.0	
-51.0	
-57.0	
-41.0	
-54.0	
-67.0	
-65.0	
-73.0	
-60.0	
-56.0	
-59.0	
-59.0	
-71.0	
-57.0	
-71.0	
-71.0	
-73.0	
-79.0	
-74.0	
-66.0	
-69.0	
-72.0	
-73.0	
-75.0	
-73.0	
-69.0	
-72.0	
-78.0	
-69.0	
-69.0	
-68.0	
-66.0	
-76.0	
-79.0	
-80.0	
-77.0	
-67.0	
-73.0	
-61.0	
-63.0	
-77.0	
-77.0	
-77.0	
-69.0	
-77.0	
-71.0	
-73.0	
-76.0	
-73.0	
-70.0	
-79.0	
-72.0	
-82.0	
-82.0	
-76.0	
-72.0	
-79.0	
-82.0	
-74.0	
-101.0	
-86.0	
-77.0	
-96.0	
-102.0	
-93.0	
-87.0	
-87.0	
-89.0	
-84.0	
-88.0	
-94.0	
-87.0	
-95.0	
-83.0	
-76.0	
-95.0	
-93.0	
-90.0	
-85.0	
-90.0	
-78.0	
-98.0	
-93.0	
-85.0	
-83.0	
-89.0	
-89.0	
-86.0	
-93.0	
-94.0	
-95.0	
-101.0	
-100.0	
-101.0	
-92.0	
-86.0	
-102.0	
-95.0	
-92.0	
-87.0	
-96.0	
-87.0	
-90.0	
-101.0	
-90.0	
-75.0	
-88.0	
-89.0	
-88.0	
-82.0	
-67.0	
-70.0	
-74.0	
-96.0	
-103.0	
-92.0	
-94.0	
-90.0	
-87.0	
-83.0	
-87.0	
-92.0	
-97.0	
-84.0	
-86.0	
-82.0	
-97.0	
-99.0	
-94.0	
-99.0	
-91.0	
-74.0	
-76.0	
-96.0	
-100.0	
-96.0	
-102.0	
-94.0	
-79.0	
-81.0	
-79.0	
-72.0	
-72.0	
-77.0	
-88.0	
-73.0	
-95.0	
-83.0	
-78.0	
-79.0	
-75.0	
-75.0	
-77.0	
-71.0	
-76.0	
-84.0	
-82.0	
-79.0	
-77.0	
-77.0	
-67.0	
-64.0	
-67.0	
-75.0	
-61.0	
-71.0	
-73.0	
-66.0	
-62.0	
-70.0	
-66.0	
-68.0	
-70.0	
-51.0	
-61.0	
-81.0	
-71.0	
-65.0	
-63.0	
-64.0	
-60.0	
-65.0	
-62.0	
-62.0	
-56.0	
-60.0	
-59.0	
-55.0	
-56.0	
-54.0	
-62.0	
-64.0	
-50.0	
-52.0	
-52.0	
-52.0	
-60.0	
-56.0	
-43.0	
-51.0	
-43.0	
-47.0	
-55.0	
-47.0	
-45.0	
-41.0	
-43.0	
-39.0	
-48.0	
-36.0	
-30.0	
-30.0	
-39.0	
-31.0	
-20.0	
-39.0	
-30.0	
-35.0	
-24.0	
-43.0	
-35.0	
-33.0	
-27.0	
-34.0	
-31.0	
-30.0	
-24.0	
-32.0	
-31.0	
-32.0	
-22.0	
-7.0	
-16.0	
-28.0	
-23.0	
-10.0	
-18.0	
-20.0	
-30.0	
-13.0	
-11.0	
-27.0	
-23.0	
-18.0	
-31.0	
-20.0	
-12.0	
0.0	
-9.0	
-18.0	
-7.0	
-11.0	
-35.0	
-14.0	
-3.0	
3.0	
-16.0	
-7.0	
-17.0	
-23.0	
-13.0	
-10.0	
-20.0	
-1.0	
5.0	
-14.0	
-12.0	
-10.0	
-2.0	
-14.0	
-14.0	
-3.0	
-11.0	
0.0	
-9.0	
-10.0	
0.0	
-6.0	
-2.0	
-6.0	
-13.0	
-2.0	
9.0	
1.0	
3.0	
0.0	
-7.0	
1.0	
-8.0	
-11.0	
-2.0	
-6.0	
5.0	
-4.0	
-13.0	
-11.0	
9.0	
1.0	
0.0	
13.0	
12.0	
-14.0	
-5.0	
12.0	
19.0	
-9.0	
-6.0	
4.0	
7.0	
-2.0	
-7.0	
3.0	
2.0	
-5.0	
-3.0	
3.0	
-9.0	
9.0	
7.0	
9.0	
5.0	
2.0	
6.0	
17.0	
12.0	
22.0	
22.0	
5.0	
0.0	
8.0	
7.0	
1.0	
14.0	
10.0	
14.0	
13.0	
7.0	
16.0	
15.0	
21.0	
11.0	
10.0	
8.0	
9.0	
-3.0	
-9.0	
10.0	
18.0	
13.0	
12.0	
0.0	
9.0	
0.0	
3.0	
6.0	
10.0	
0.0	
-4.0	
3.0	
10.0	
4.0	
14.0	
10.0	
5.0	
-2.0	
7.0	
6.0	
-4.0	
-3.0	
1.0	
2.0	
-5.0	
-1.0	
3.0	
6.0	
3.0	
4.0	
7.0	
18.0	
15.0	
15.0	
1.0	
14.0	
7.0	
9.0	
7.0	
12.0	
18.0	
7.0	
12.0	
6.0	
-5.0	
-4.0	
3.0	
1.0	
-12.0	
7.0	
2.0	
3.0	
15.0	
8.0	
-1.0	
13.0	
1.0	
-3.0	
-8.0	
3.0	
-6.0	
-3.0	
4.0	
0.0	
9.0	
12.0	
-6.0	
-4.0	
-3.0	
4.0	
-1.0	
-8.0	
-3.0	
-5.0	
-7.0	
-15.0	
-23.0	
-9.0	
-15.0	
-24.0	
-19.0	
-10.0	
-3.0	
-13.0	
-9.0	
-4.0	
1.0	
-15.0	
-11.0	
-24.0	
-25.0	
-11.0	
-24.0	
-17.0	
-20.0	
-16.0	
-5.0	
-6.0	
-10.0	
-29.0	
-31.0	
-13.0	
-21.0	
-26.0	
-24.0	
-24.0	
-25.0	
-24.0	
-24.0	
-18.0	
-22.0	
-32.0	
-33.0	
-37.0	
-31.0	
-26.0	
-42.0	
-31.0	
-27.0	
-24.0	
-19.0	
-24.0	
-44.0	
-42.0	
-39.0	
-37.0	
-38.0	
-32.0	
-27.0	
-43.0	
-47.0	
-45.0	
-49.0	
-41.0	
-48.0	
-49.0	
-53.0	
-40.0	
-38.0	
-36.0	
-25.0	
-38.0	
-55.0	
-37.0	
-35.0	
-43.0	
-58.0	
-54.0	
-53.0	
-51.0	
-49.0	
-42.0	
-50.0	
-60.0	
-59.0	
-48.0	
-46.0	
-44.0	
-39.0	
-61.0	
-60.0	
-56.0	
-67.0	
-63.0	
-50.0	
-56.0	
-57.0	
-57.0	
-46.0	
-37.0	
-44.0	
-55.0	
-62.0	
-61.0	
-66.0	
-54.0	
-61.0	
-68.0	
-63.0	
-54.0	
-54.0	
-51.0	
-52.0	
-61.0	
-62.0	
-58.0	
-42.0	
-51.0	
-55.0	
-46.0	
-56.0	
-47.0	
-52.0	
-53.0	
-44.0	
-55.0	
-59.0	
-49.0	
-56.0	
-68.0	
-66.0	
-53.0	
-63.0	
-57.0	
-54.0	
-58.0	
-58.0	
-62.0	
-63.0	
-53.0	
-51.0	
-49.0	
-52.0	
-42.0	
-49.0	
-59.0	
-41.0	
-58.0	
-71.0	
-55.0	
-63.0	
-53.0	
-39.0	
-47.0	
-60.0	
-56.0	
-44.0	
-58.0	
-59.0	
-53.0	
-52.0	
-51.0	
-59.0	
-56.0	
-58.0	
-57.0	
-59.0	
-55.0	
-57.0	
-46.0	
-46.0	
-63.0	
-38.0	
-37.0	
-46.0	
-42.0	
-52.0	
-48.0	
-51.0	
-45.0	
-38.0	
-32.0	
-39.0	
-51.0	
-42.0	
-40.0	
-35.0	
-32.0	
-47.0	
-45.0	
-56.0	
-50.0	
-38.0	
-34.0	
-53.0	
-60.0	
-54.0	
-51.0	
-50.0	
-50.0	
-42.0	
-33.0	
-22.0	
-30.0	
-27.0	
-33.0	
-42.0	
-35.0	
-27.0	
-22.0	
-36.0	
-34.0	
-34.0	
-24.0	
-20.0	
-24.0	
-35.0	
-33.0	
-40.0	
-27.0	
-25.0	
-22.0	
-24.0	
-13.0	
-28.0	
-20.0	
-24.0	
-33.0	
-31.0	
-15.0	
-16.0	
-22.0	
-21.0	
-30.0	
-27.0	
-23.0	
-28.0	
-37.0	
-20.0	
-17.0	
-12.0	
-31.0	
-22.0	
-13.0	
-10.0	
-29.0	
-30.0	
-16.0	
-25.0	
-26.0	
-8.0	
-6.0	
-12.0	
-15.0	
-20.0	
-15.0	
-25.0	
-20.0	
-10.0	
-16.0	
-9.0	
-10.0	
-6.0	
-5.0	
-3.0	
-5.0	
-10.0	
-13.0	
-20.0	
-14.0	
-20.0	
-16.0	
-13.0	
-12.0	
-8.0	
-6.0	
-2.0	
-5.0	
5.0	
13.0	
4.0	
-5.0	
-3.0	
-4.0	
0.0	
3.0	
-6.0	
-4.0	
3.0	
0.0	
7.0	
14.0	
5.0	
3.0	
3.0	
3.0	
5.0	
0.0	
-7.0	
-9.0	
0.0	
-1.0	
10.0	
0.0	
9.0	
7.0	
6.0	
6.0	
-7.0	
8.0	
17.0	
17.0	
9.0	
-4.0	
-7.0	
3.0	
10.0	
-12.0	
0.0	
4.0	
17.0	
12.0	
2.0	
2.0	
7.0	
2.0	
3.0	
13.0	
-5.0	
-5.0	
4.0	
1.0	
2.0	
-7.0	
-20.0	
-9.0	
-5.0	
4.0	
13.0	
7.0	
7.0	
-3.0	
-8.0	
4.0	
1.0	
-5.0	
3.0	
6.0	
2.0	
0.0	
-13.0	
-7.0	
1.0	
0.0	
-5.0	
2.0	
0.0	
0.0	
2.0	
20.0	
15.0	
11.0	
17.0	
-9.0	
7.0	
11.0	
10.0	
17.0	
15.0	
7.0	
18.0	
21.0	
-1.0	
6.0	
18.0	
0.0	
-2.0	
-13.0	
11.0	
17.0	
11.0	
0.0	
-1.0	
-7.0	
-19.0	
-24.0	
-8.0	
4.0	
-8.0	
-17.0	
-5.0	
-17.0	
-8.0	
-9.0	
-18.0	
-7.0	
-10.0	
-25.0	
-29.0	
-21.0	
-22.0	
-16.0	
-21.0	
-12.0	
-12.0	
-25.0	
-8.0	
-11.0	
-29.0	
-30.0	
-24.0	
-13.0	
-11.0	
-1.0	
-11.0	
-14.0	
-19.0	
-19.0	
-31.0	
-27.0	
-42.0	
-42.0	
-31.0	
-32.0	
-26.0	
-22.0	
-30.0	
-23.0	
-28.0	
-31.0	
-40.0	
-43.0	
-47.0	
-41.0	
-31.0	
-32.0	
-30.0	
-34.0	
-26.0	
-23.0	
-19.0	
-28.0	
-20.0	
-12.0	
-23.0	
-26.0	
-33.0	
-36.0	
-32.0	
-22.0	
-28.0	
-24.0	
-19.0	
-38.0	
-34.0	
-31.0	
-38.0	
-29.0	
-34.0	
-46.0	
-42.0	
-33.0	
-25.0	
-28.0	
-40.0	
-35.0	
-29.0	
-28.0	
-32.0	
-26.0	
-17.0	
-24.0	
-38.0	
-41.0	
-41.0	
-35.0	
-43.0	
-38.0	
-30.0	
-37.0	
-46.0	
-35.0	
-29.0	
-42.0	
-41.0	
-40.0	
-26.0	
-40.0	
-56.0	
-43.0	
-37.0	
-32.0	
-25.0	
-26.0	
-35.0	
-37.0	
-47.0	
-54.0	
-35.0	
-19.0	
-31.0	
-44.0	
-46.0	
-36.0	
-34.0	
-34.0	
-50.0	
-38.0	
-24.0	
-29.0	
-35.0	
-44.0	
-34.0	
-28.0	
-32.0	
-45.0	
-38.0	
-43.0	
-28.0	
-18.0	
-31.0	
-35.0	
-20.0	
-21.0	
-25.0	
-25.0	
-36.0	
-26.0	
-40.0	
-28.0	
-30.0	
-34.0	
-39.0	
-31.0	
-21.0	
-35.0	
-35.0	
-34.0	
-45.0	
-41.0	
-43.0	
-23.0	
-26.0	
-38.0	
-29.0	
-26.0	
-39.0	
-31.0	
-23.0	
-39.0	
-39.0	
-30.0	
-16.0	
-24.0	
-30.0	
-20.0	
-25.0	
-31.0	
-23.0	
-5.0	
-18.0	
-15.0	
-27.0	
-15.0	
-13.0	
-24.0	
-23.0	
-27.0	
-23.0	
-39.0	
-26.0	
-20.0	
-30.0	
-19.0	
-26.0	
-13.0	
-15.0	
-8.0	
-26.0	
-23.0	
-13.0	
-21.0	
-23.0	
-11.0	
-18.0	
-12.0	
-6.0	
