-67.0	
-69.0	
-76.0	
-51.0	
-48.0	
-52.0	
-55.0	
-49.0	
-47.0	
-40.0	
-25.0	
-34.0	
-29.0	
-35.0	
-24.0	
-14.0	
-19.0	
-9.0	
7.0	
6.0	
8.0	
21.0	
21.0	
14.0	
23.0	
47.0	
60.0	
38.0	
38.0	
64.0	
59.0	
67.0	
78.0	
88.0	
104.0	
98.0	
97.0	
103.0	
107.0	
108.0	
131.0	
129.0	
138.0	
151.0	
142.0	
129.0	
147.0	
155.0	
156.0	
165.0	
165.0	
170.0	
183.0	
184.0	
195.0	
216.0	
202.0	
208.0	
230.0	
228.0	
228.0	
234.0	
248.0	
244.0	
235.0	
255.0	
249.0	
259.0	
278.0	
287.0	
300.0	
296.0	
298.0	
312.0	
305.0	
305.0	
322.0	
326.0	
328.0	
332.0	
338.0	
348.0	
338.0	
342.0	
344.0	
347.0	
350.0	
363.0	
366.0	
366.0	
364.0	
381.0	
363.0	
372.0	
379.0	
384.0	
395.0	
400.0	
387.0	
389.0	
407.0	
405.0	
398.0	
389.0	
388.0	
384.0	
386.0	
400.0	
381.0	
374.0	
370.0	
376.0	
378.0	
370.0	
360.0	
356.0	
345.0	
348.0	
347.0	
340.0	
350.0	
335.0	
319.0	
335.0	
323.0	
301.0	
309.0	
294.0	
281.0	
278.0	
275.0	
273.0	
256.0	
236.0	
239.0	
245.0	
232.0	
222.0	
212.0	
211.0	
209.0	
192.0	
176.0	
176.0	
167.0	
153.0	
131.0	
129.0	
125.0	
108.0	
101.0	
96.0	
87.0	
80.0	
61.0	
52.0	
49.0	
37.0	
25.0	
20.0	
10.0	
11.0	
-3.0	
-15.0	
-32.0	
-38.0	
-45.0	
-54.0	
-65.0	
-77.0	
-87.0	
-87.0	
-101.0	
-103.0	
-109.0	
-115.0	
-120.0	
-138.0	
-146.0	
-150.0	
-152.0	
-149.0	
-155.0	
-174.0	
-178.0	
-174.0	
-203.0	
-211.0	
-209.0	
-218.0	
-223.0	
-240.0	
-258.0	
-258.0	
-253.0	
-253.0	
-277.0	
-255.0	
-268.0	
-273.0	
-275.0	
-295.0	
-290.0	
-297.0	
-317.0	
-324.0	
-318.0	
-317.0	
-317.0	
-321.0	
-324.0	
-318.0	
-333.0	
-333.0	
-330.0	
-347.0	
-349.0	
-361.0	
-361.0	
-348.0	
-344.0	
-366.0	
-364.0	
-352.0	
-363.0	
-366.0	
-373.0	
-376.0	
-374.0	
-375.0	
-375.0	
-380.0	
-387.0	
-375.0	
-370.0	
-377.0	
-373.0	
-385.0	
-374.0	
-374.0	
-392.0	
-385.0	
-376.0	
-377.0	
-383.0	
-386.0	
-377.0	
-376.0	
-388.0	
-384.0	
-383.0	
-373.0	
-380.0	
-366.0	
-359.0	
-361.0	
-359.0	
-349.0	
-359.0	
-345.0	
-344.0	
-341.0	
-336.0	
-334.0	
-328.0	
-318.0	
-309.0	
-307.0	
-308.0	
-297.0	
-296.0	
-289.0	
-274.0	
-267.0	
-269.0	
-281.0	
-270.0	
-263.0	
-267.0	
-274.0	
-264.0	
-258.0	
-252.0	
-235.0	
-223.0	
-234.0	
-213.0	
-216.0	
-207.0	
-192.0	
-191.0	
-182.0	
-183.0	
-186.0	
-173.0	
-157.0	
-149.0	
-136.0	
-122.0	
-128.0	
-116.0	
-122.0	
-116.0	
-108.0	
-95.0	
-92.0	
-85.0	
-78.0	
-83.0	
-67.0	
-58.0	
-58.0	
-46.0	
-51.0	
-38.0	
-23.0	
-34.0	
-18.0	
-3.0	
-5.0	
2.0	
16.0	
20.0	
27.0	
38.0	
38.0	
44.0	
48.0	
43.0	
52.0	
76.0	
77.0	
86.0	
91.0	
111.0	
123.0	
111.0	
128.0	
119.0	
125.0	
136.0	
139.0	
149.0	
175.0	
174.0	
164.0	
165.0	
176.0	
197.0	
201.0	
183.0	
189.0	
198.0	
209.0	
209.0	
200.0	
208.0	
211.0	
218.0	
224.0	
221.0	
217.0	
233.0	
225.0	
210.0	
232.0	
246.0	
236.0	
227.0	
235.0	
246.0	
243.0	
235.0	
236.0	
235.0	
233.0	
239.0	
243.0	
238.0	
235.0	
247.0	
247.0	
244.0	
244.0	
244.0	
256.0	
239.0	
251.0	
247.0	
240.0	
230.0	
223.0	
242.0	
235.0	
228.0	
229.0	
216.0	
219.0	
222.0	
226.0	
229.0	
225.0	
224.0	
205.0	
209.0	
207.0	
213.0	
207.0	
196.0	
208.0	
198.0	
189.0	
198.0	
183.0	
187.0	
177.0	
173.0	
174.0	
169.0	
176.0	
162.0	
152.0	
140.0	
152.0	
145.0	
132.0	
129.0	
143.0	
130.0	
120.0	
116.0	
119.0	
116.0	
106.0	
98.0	
95.0	
87.0	
75.0	
76.0	
75.0	
61.0	
60.0	
61.0	
57.0	
41.0	
41.0	
26.0	
28.0	
19.0	
14.0	
-1.0	
-5.0	
-12.0	
-12.0	
-7.0	
-8.0	
-22.0	
-34.0	
-33.0	
-31.0	
-42.0	
-37.0	
-48.0	
-38.0	
-42.0	
-58.0	
-52.0	
-43.0	
-62.0	
-58.0	
-60.0	
-71.0	
-83.0	
-96.0	
-101.0	
-89.0	
-82.0	
-84.0	
-105.0	
-101.0	
-85.0	
-95.0	
-100.0	
-90.0	
-97.0	
-106.0	
-103.0	
-94.0	
-108.0	
-103.0	
-112.0	
-120.0	
-116.0	
-124.0	
-126.0	
-127.0	
-123.0	
-113.0	
-118.0	
-123.0	
-119.0	
-126.0	
-128.0	
-132.0	
-121.0	
-115.0	
-119.0	
-120.0	
-114.0	
-122.0	
-126.0	
-124.0	
-122.0	
-126.0	
-120.0	
-104.0	
-118.0	
-120.0	
-90.0	
-107.0	
-110.0	
-113.0	
-95.0	
-105.0	
-116.0	
-107.0	
-102.0	
-114.0	
-97.0	
-83.0	
-84.0	
-104.0	
-90.0	
-94.0	
-96.0	
-82.0	
-91.0	
-81.0	
-75.0	
-80.0	
-69.0	
-81.0	
-73.0	
-62.0	
-70.0	
-55.0	
-55.0	
-52.0	
-51.0	
-48.0	
-45.0	
-53.0	
-48.0	
-45.0	
-36.0	
-45.0	
-36.0	
-29.0	
-21.0	
-28.0	
-37.0	
-27.0	
-12.0	
-17.0	
-26.0	
-10.0	
-11.0	
-13.0	
-7.0	
-2.0	
-7.0	
-7.0	
-7.0	
1.0	
1.0	
11.0	
9.0	
13.0	
14.0	
16.0	
18.0	
24.0	
22.0	
29.0	
23.0	
31.0	
30.0	
29.0	
23.0	
31.0	
38.0	
41.0	
31.0	
25.0	
51.0	
51.0	
42.0	
46.0	
50.0	
49.0	
50.0	
64.0	
53.0	
59.0	
71.0	
63.0	
69.0	
54.0	
59.0	
71.0	
67.0	
74.0	
66.0	
82.0	
75.0	
55.0	
60.0	
67.0	
77.0	
80.0	
81.0	
88.0	
71.0	
88.0	
87.0	
81.0	
81.0	
103.0	
105.0	
95.0	
91.0	
91.0	
98.0	
88.0	
87.0	
81.0	
93.0	
94.0	
92.0	
82.0	
77.0	
80.0	
87.0	
70.0	
85.0	
80.0	
91.0	
90.0	
84.0	
74.0	
78.0	
82.0	
81.0	
93.0	
81.0	
67.0	
65.0	
67.0	
64.0	
68.0	
52.0	
50.0	
50.0	
55.0	
57.0	
53.0	
51.0	
38.0	
43.0	
43.0	
43.0	
34.0	
40.0	
45.0	
42.0	
39.0	
37.0	
27.0	
33.0	
34.0	
33.0	
33.0	
26.0	
39.0	
37.0	
30.0	
30.0	
25.0	
16.0	
1.0	
13.0	
17.0	
18.0	
18.0	
13.0	
18.0	
12.0	
27.0	
1.0	
1.0	
10.0	
11.0	
3.0	
-11.0	
-3.0	
-2.0	
-11.0	
-1.0	
-2.0	
-3.0	
-10.0	
-15.0	
-11.0	
-10.0	
-17.0	
-18.0	
-36.0	
-36.0	
-21.0	
-26.0	
-30.0	
-5.0	
-1.0	
0.0	
-21.0	
-26.0	
-18.0	
-25.0	
-24.0	
-7.0	
-22.0	
-26.0	
-19.0	
-17.0	
-29.0	
-26.0	
-13.0	
-14.0	
-26.0	
-32.0	
-28.0	
-40.0	
-30.0	
-43.0	
-45.0	
-29.0	
-29.0	
-26.0	
-25.0	
-35.0	
-35.0	
-31.0	
-24.0	
-32.0	
-28.0	
-21.0	
-15.0	
-25.0	
-34.0	
-22.0	
-23.0	
-25.0	
-15.0	
-24.0	
-24.0	
-30.0	
-22.0	
-21.0	
-26.0	
-25.0	
-30.0	
-45.0	
-44.0	
-32.0	
-38.0	
-35.0	
-30.0	
-44.0	
-49.0	
-41.0	
-31.0	
-32.0	
-28.0	
-34.0	
-47.0	
-32.0	
-42.0	
-51.0	
-38.0	
-43.0	
-44.0	
-34.0	
-33.0	
-30.0	
-35.0	
-39.0	
-27.0	
-26.0	
-38.0	
-31.0	
-24.0	
-32.0	
-33.0	
-28.0	
-34.0	
-23.0	
-24.0	
-20.0	
-36.0	
-41.0	
-26.0	
-32.0	
-41.0	
-28.0	
-29.0	
-31.0	
-23.0	
-23.0	
-23.0	
-23.0	
-23.0	
-28.0	
-23.0	
-21.0	
-4.0	
-9.0	
-26.0	
-18.0	
