-39.0	
-39.0	
-42.0	
-22.0	
-15.0	
-27.0	
-6.0	
-9.0	
3.0	
19.0	
18.0	
33.0	
36.0	
47.0	
53.0	
68.0	
69.0	
68.0	
61.0	
75.0	
79.0	
72.0	
85.0	
91.0	
101.0	
111.0	
121.0	
113.0	
118.0	
131.0	
131.0	
144.0	
144.0	
148.0	
150.0	
159.0	
163.0	
173.0	
173.0	
178.0	
173.0	
180.0	
187.0	
179.0	
185.0	
192.0	
192.0	
190.0	
206.0	
216.0	
203.0	
198.0	
208.0	
223.0	
230.0	
236.0	
235.0	
237.0	
240.0	
237.0	
239.0	
254.0	
234.0	
244.0	
253.0	
260.0	
262.0	
254.0	
251.0	
260.0	
269.0	
269.0	
257.0	
275.0	
267.0	
262.0	
261.0	
258.0	
255.0	
268.0	
264.0	
269.0	
278.0	
254.0	
262.0	
255.0	
258.0	
265.0	
259.0	
252.0	
256.0	
257.0	
247.0	
259.0	
259.0	
228.0	
228.0	
234.0	
233.0	
224.0	
223.0	
231.0	
233.0	
230.0	
224.0	
226.0	
218.0	
218.0	
208.0	
194.0	
201.0	
190.0	
181.0	
195.0	
185.0	
179.0	
178.0	
170.0	
153.0	
161.0	
159.0	
161.0	
166.0	
159.0	
145.0	
139.0	
117.0	
119.0	
118.0	
98.0	
109.0	
112.0	
108.0	
104.0	
97.0	
87.0	
84.0	
99.0	
103.0	
84.0	
58.0	
48.0	
48.0	
48.0	
43.0	
27.0	
32.0	
26.0	
19.0	
10.0	
-1.0	
-21.0	
-14.0	
-21.0	
-37.0	
-42.0	
-26.0	
-21.0	
-46.0	
-53.0	
-62.0	
-64.0	
-58.0	
-59.0	
-69.0	
-72.0	
-71.0	
-82.0	
-91.0	
-98.0	
-95.0	
-106.0	
-119.0	
-122.0	
-117.0	
-110.0	
-116.0	
-125.0	
-142.0	
-145.0	
-153.0	
-150.0	
-157.0	
-156.0	
-160.0	
-145.0	
-153.0	
-153.0	
-159.0	
-159.0	
-161.0	
-178.0	
-183.0	
-184.0	
-186.0	
-198.0	
-191.0	
-189.0	
-191.0	
-194.0	
-187.0	
-188.0	
-208.0	
-196.0	
-201.0	
-207.0	
-213.0	
-206.0	
-209.0	
-208.0	
-216.0	
-217.0	
-222.0	
-221.0	
-216.0	
-220.0	
-215.0	
-221.0	
-216.0	
-214.0	
-224.0	
-236.0	
-225.0	
-219.0	
-227.0	
-219.0	
-228.0	
-235.0	
-229.0	
-235.0	
-221.0	
-211.0	
-211.0	
-200.0	
-213.0	
-218.0	
-211.0	
-216.0	
-229.0	
-220.0	
-220.0	
-212.0	
-208.0	
-206.0	
-221.0	
-215.0	
-216.0	
-207.0	
-191.0	
-197.0	
-202.0	
-194.0	
-193.0	
-191.0	
-185.0	
-190.0	
-182.0	
-173.0	
-194.0	
-188.0	
-187.0	
-193.0	
-169.0	
-166.0	
-171.0	
-167.0	
-163.0	
-144.0	
-158.0	
-153.0	
-147.0	
-137.0	
-138.0	
-160.0	
-145.0	
-137.0	
-139.0	
-126.0	
-120.0	
-111.0	
-107.0	
-103.0	
-102.0	
-105.0	
-100.0	
-89.0	
-91.0	
-97.0	
-95.0	
-92.0	
-80.0	
-72.0	
-79.0	
-86.0	
-78.0	
-74.0	
-68.0	
-67.0	
-53.0	
-51.0	
-52.0	
-45.0	
-46.0	
-56.0	
-47.0	
-38.0	
-26.0	
-33.0	
-21.0	
-27.0	
-19.0	
-15.0	
-15.0	
-9.0	
-1.0	
-15.0	
-16.0	
-1.0	
10.0	
6.0	
-3.0	
-1.0	
11.0	
9.0	
5.0	
10.0	
11.0	
7.0	
16.0	
7.0	
25.0	
36.0	
19.0	
15.0	
20.0	
29.0	
40.0	
34.0	
45.0	
47.0	
47.0	
30.0	
45.0	
43.0	
41.0	
37.0	
33.0	
41.0	
52.0	
50.0	
51.0	
49.0	
49.0	
49.0	
52.0	
49.0	
49.0	
54.0	
47.0	
52.0	
66.0	
49.0	
41.0	
58.0	
53.0	
37.0	
44.0	
47.0	
42.0	
47.0	
41.0	
47.0	
47.0	
50.0	
42.0	
44.0	
51.0	
53.0	
49.0	
42.0	
19.0	
37.0	
35.0	
40.0	
33.0	
27.0	
36.0	
36.0	
42.0	
49.0	
36.0	
30.0	
23.0	
33.0	
25.0	
25.0	
31.0	
26.0	
19.0	
19.0	
19.0	
15.0	
20.0	
14.0	
16.0	
6.0	
8.0	
11.0	
2.0	
11.0	
12.0	
9.0	
7.0	
3.0	
-3.0	
0.0	
-7.0	
-10.0	
-22.0	
-21.0	
-22.0	
-18.0	
-20.0	
-17.0	
