-35.0	
-33.0	
-50.0	
-72.0	
-69.0	
-76.0	
-96.0	
-101.0	
-117.0	
-122.0	
-130.0	
-148.0	
-138.0	
-144.0	
-161.0	
-164.0	
-178.0	
-189.0	
-180.0	
-197.0	
-190.0	
-201.0	
-210.0	
-219.0	
-225.0	
-234.0	
-232.0	
-239.0	
-251.0	
-248.0	
-268.0	
-266.0	
-265.0	
-272.0	
-271.0	
-269.0	
-259.0	
-258.0	
-265.0	
-270.0	
-265.0	
-262.0	
-265.0	
-269.0	
-262.0	
-256.0	
-261.0	
-254.0	
-246.0	
-252.0	
-245.0	
-237.0	
-234.0	
-224.0	
-217.0	
-202.0	
-177.0	
-161.0	
-152.0	
-153.0	
-140.0	
-119.0	
-118.0	
-91.0	
-87.0	
-59.0	
-35.0	
-26.0	
-14.0	
13.0	
24.0	
46.0	
67.0	
77.0	
80.0	
107.0	
128.0	
137.0	
154.0	
174.0	
201.0	
207.0	
207.0	
210.0	
240.0	
271.0	
288.0	
297.0	
294.0	
319.0	
332.0	
323.0	
346.0	
346.0	
344.0	
366.0	
375.0	
387.0	
397.0	
398.0	
412.0	
422.0	
415.0	
428.0	
434.0	
434.0	
431.0	
434.0	
442.0	
437.0	
443.0	
449.0	
437.0	
435.0	
426.0	
419.0	
410.0	
413.0	
405.0	
378.0	
374.0	
374.0	
377.0	
349.0	
322.0	
317.0	
314.0	
301.0	
287.0	
277.0	
281.0	
255.0	
236.0	
219.0	
221.0	
207.0	
184.0	
182.0	
156.0	
139.0	
140.0	
134.0	
119.0	
118.0	
102.0	
92.0	
83.0	
70.0	
73.0	
67.0	
47.0	
39.0	
29.0	
23.0	
31.0	
31.0	
22.0	
25.0	
24.0	
17.0	
23.0	
15.0	
12.0	
0.0	
0.0	
2.0	
1.0	
-3.0	
-4.0	
-2.0	
-1.0	
-1.0	
1.0	
0.0	
-8.0	
-13.0	
3.0	
21.0	
17.0	
22.0	
39.0	
35.0	
52.0	
64.0	
58.0	
54.0	
54.0	
75.0	
97.0	
113.0	
116.0	
131.0	
151.0	
152.0	
170.0	
187.0	
182.0	
187.0	
209.0	
221.0	
230.0	
234.0	
255.0	
