-43.0	
-23.0	
-20.0	
-14.0	
-2.0	
23.0	
42.0	
55.0	
80.0	
93.0	
83.0	
109.0	
134.0	
153.0	
165.0	
183.0	
189.0	
204.0	
229.0	
231.0	
247.0	
265.0	
287.0	
302.0	
313.0	
312.0	
331.0	
342.0	
370.0	
384.0	
388.0	
405.0	
428.0	
436.0	
440.0	
451.0	
481.0	
484.0	
493.0	
502.0	
514.0	
529.0	
556.0	
553.0	
566.0	
583.0	
597.0	
601.0	
607.0	
617.0	
632.0	
640.0	
650.0	
668.0	
683.0	
700.0	
709.0	
713.0	
727.0	
746.0	
754.0	
759.0	
768.0	
784.0	
788.0	
794.0	
814.0	
816.0	
816.0	
833.0	
844.0	
851.0	
850.0	
882.0	
876.0	
878.0	
888.0	
881.0	
881.0	
900.0	
890.0	
903.0	
911.0	
922.0	
921.0	
927.0	
940.0	
946.0	
950.0	
942.0	
958.0	
956.0	
954.0	
952.0	
965.0	
971.0	
973.0	
971.0	
969.0	
960.0	
962.0	
960.0	
975.0	
983.0	
979.0	
983.0	
979.0	
994.0	
987.0	
982.0	
970.0	
966.0	
975.0	
973.0	
959.0	
959.0	
956.0	
952.0	
958.0	
949.0	
946.0	
946.0	
929.0	
934.0	
929.0	
924.0	
929.0	
916.0	
909.0	
897.0	
889.0	
895.0	
888.0	
880.0	
873.0	
868.0	
857.0	
845.0	
839.0	
829.0	
824.0	
824.0	
813.0	
806.0	
804.0	
788.0	
780.0	
779.0	
766.0	
745.0	
737.0	
737.0	
728.0	
707.0	
692.0	
675.0	
665.0	
661.0	
662.0	
635.0	
627.0	
612.0	
592.0	
582.0	
594.0	
583.0	
567.0	
558.0	
550.0	
540.0	
518.0	
513.0	
480.0	
470.0	
469.0	
447.0	
428.0	
408.0	
417.0	
408.0	
375.0	
370.0	
363.0	
344.0	
333.0	
329.0	
317.0	
298.0	
290.0	
277.0	
272.0	
254.0	
249.0	
246.0	
222.0	
200.0	
199.0	
172.0	
148.0	
152.0	
142.0	
122.0	
115.0	
114.0	
98.0	
80.0	
65.0	
56.0	
44.0	
24.0	
31.0	
1.0	
-9.0	
-6.0	
-15.0	
-22.0	
-41.0	
-56.0	
-65.0	
-87.0	
-107.0	
-114.0	
-123.0	
-120.0	
-127.0	
-144.0	
-164.0	
-164.0	
-173.0	
-189.0	
-199.0	
-206.0	
-224.0	
-239.0	
-251.0	
-248.0	
-271.0	
-278.0	
-280.0	
-281.0	
-301.0	
-304.0	
-308.0	
-336.0	
-351.0	
-343.0	
-355.0	
-362.0	
-373.0	
-393.0	
-393.0	
-399.0	
-417.0	
-427.0	
-416.0	
-424.0	
-433.0	
-451.0	
-461.0	
-470.0	
-475.0	
-474.0	
-480.0	
-488.0	
-485.0	
-505.0	
-522.0	
-514.0	
-519.0	
-528.0	
-534.0	
-538.0	
-538.0	
-536.0	
-548.0	
-561.0	
-574.0	
-573.0	
-578.0	
-581.0	
-592.0	
-602.0	
-600.0	
-611.0	
-615.0	
-618.0	
-622.0	
-631.0	
-618.0	
-626.0	
-648.0	
-653.0	
-657.0	
-668.0	
-661.0	
-656.0	
-673.0	
-672.0	
-676.0	
-677.0	
-679.0	
-681.0	
-689.0	
-692.0	
-699.0	
-692.0	
-707.0	
-702.0	
-706.0	
-701.0	
-696.0	
-722.0	
-716.0	
-704.0	
-727.0	
-722.0	
-721.0	
-728.0	
-719.0	
-727.0	
-733.0	
-723.0	
-735.0	
-749.0	
-757.0	
-740.0	
-745.0	
-758.0	
-762.0	
-746.0	
-741.0	
-748.0	
-746.0	
-745.0	
-746.0	
-738.0	
-748.0	
-741.0	
-740.0	
-740.0	
-753.0	
-753.0	
-744.0	
-743.0	
-749.0	
-740.0	
-743.0	
-736.0	
-739.0	
-733.0	
-737.0	
-742.0	
-744.0	
-736.0	
-734.0	
-723.0	
-718.0	
-727.0	
-735.0	
-728.0	
-726.0	
-724.0	
-718.0	
-706.0	
-708.0	
-713.0	
-703.0	
-699.0	
-699.0	
-693.0	
-692.0	
-687.0	
-673.0	
-679.0	
-682.0	
-675.0	
-665.0	
-672.0	
-661.0	
-646.0	
-633.0	
-640.0	
-637.0	
-629.0	
-633.0	
-612.0	
-596.0	
-603.0	
-592.0	
-590.0	
-587.0	
-578.0	
-573.0	
-565.0	
-557.0	
-565.0	
-565.0	
-559.0	
-532.0	
-533.0	
-523.0	
-514.0	
-510.0	
-504.0	
-488.0	
-479.0	
-475.0	
-468.0	
-459.0	
-447.0	
-448.0	
-437.0	
-425.0	
-414.0	
-408.0	
-407.0	
-405.0	
-392.0	
-366.0	
-359.0	
-363.0	
-358.0	
-363.0	
-349.0	
-323.0	
-316.0	
-319.0	
-301.0	
-286.0	
-279.0	
-264.0	
-271.0	
-260.0	
-246.0	
-239.0	
-219.0	
-219.0	
-198.0	
-192.0	
-171.0	
-154.0	
-162.0	
-152.0	
-131.0	
-134.0	
-119.0	
-114.0	
-105.0	
-82.0	
-66.0	
-57.0	
-62.0	
-41.0	
-29.0	
-14.0	
2.0	
17.0	
20.0	
23.0	
47.0	
52.0	
50.0	
71.0	
74.0	
83.0	
106.0	
114.0	
126.0	
140.0	
147.0	
151.0	
170.0	
178.0	
179.0	
187.0	
198.0	
209.0	
227.0	
243.0	
249.0	
263.0	
271.0	
288.0	
297.0	
300.0	
306.0	
324.0	
341.0	
361.0	
363.0	
377.0	
378.0	
398.0	
403.0	
407.0	
422.0	
425.0	
437.0	
452.0	
451.0	
473.0	
472.0	
476.0	
487.0	
508.0	
516.0	
533.0	
524.0	
537.0	
539.0	
538.0	
555.0	
579.0	
577.0	
580.0	
595.0	
609.0	
604.0	
630.0	
615.0	
628.0	
637.0	
649.0	
653.0	
662.0	
671.0	
667.0	
671.0	
669.0	
693.0	
700.0	
697.0	
700.0	
711.0	
716.0	
711.0	
728.0	
726.0	
714.0	
728.0	
737.0	
726.0	
743.0	
759.0	
756.0	
748.0	
742.0	
762.0	
763.0	
754.0	
755.0	
768.0	
764.0	
769.0	
774.0	
772.0	
782.0	
775.0	
764.0	
768.0	
772.0	
785.0	
770.0	
765.0	
766.0	
758.0	
764.0	
748.0	
751.0	
756.0	
760.0	
758.0	
752.0	
750.0	
744.0	
740.0	
739.0	
748.0	
751.0	
747.0	
737.0	
730.0	
725.0	
727.0	
735.0	
726.0	
729.0	
722.0	
724.0	
711.0	
702.0	
706.0	
704.0	
686.0	
672.0	
672.0	
660.0	
661.0	
652.0	
635.0	
640.0	
653.0	
653.0	
632.0	
638.0	
645.0	
638.0	
625.0	
610.0	
609.0	
603.0	
607.0	
602.0	
583.0	
578.0	
564.0	
553.0	
558.0	
553.0	
547.0	
535.0	
543.0	
537.0	
518.0	
518.0	
513.0	
512.0	
502.0	
500.0	
482.0	
470.0	
452.0	
454.0	
445.0	
448.0	
438.0	
427.0	
414.0	
407.0	
399.0	
390.0	
385.0	
392.0	
374.0	
364.0	
361.0	
356.0	
349.0	
342.0	
343.0	
330.0	
328.0	
312.0	
318.0	
295.0	
281.0	
276.0	
270.0	
262.0	
258.0	
265.0	
257.0	
225.0	
223.0	
217.0	
206.0	
193.0	
193.0	
180.0	
169.0	
170.0	
162.0	
151.0	
137.0	
126.0	
125.0	
130.0	
127.0	
100.0	
99.0	
104.0	
88.0	
87.0	
72.0	
56.0	
54.0	
54.0	
44.0	
46.0	
39.0	
24.0	
17.0	
19.0	
2.0	
-20.0	
-3.0	
0.0	
0.0	
-6.0	
-16.0	
-18.0	
-24.0	
-29.0	
-43.0	
-46.0	
-59.0	
