47.0	
40.0	
42.0	
36.0	
32.0	
40.0	
24.0	
29.0	
33.0	
7.0	
-22.0	
-25.0	
-33.0	
-31.0	
-45.0	
-45.0	
-54.0	
-67.0	
-64.0	
-77.0	
-94.0	
-81.0	
-86.0	
-87.0	
-95.0	
-115.0	
-126.0	
-109.0	
-116.0	
-134.0	
-140.0	
-141.0	
-155.0	
-161.0	
-164.0	
-155.0	
-163.0	
-189.0	
-177.0	
-188.0	
-201.0	
-201.0	
-211.0	
-203.0	
-229.0	
-235.0	
-233.0	
-236.0	
-230.0	
-238.0	
-231.0	
-238.0	
-242.0	
-246.0	
-248.0	
-259.0	
-253.0	
-254.0	
-267.0	
-270.0	
-263.0	
-262.0	
-270.0	
-255.0	
-258.0	
-273.0	
-281.0	
-280.0	
-275.0	
-275.0	
-271.0	
-274.0	
-280.0	
-277.0	
-265.0	
-265.0	
-274.0	
-272.0	
-275.0	
-276.0	
-272.0	
-258.0	
-265.0	
-258.0	
-253.0	
-254.0	
-256.0	
-252.0	
-252.0	
-249.0	
-234.0	
-238.0	
-237.0	
-238.0	
-241.0	
-230.0	
-212.0	
-217.0	
-228.0	
-208.0	
-210.0	
-194.0	
-190.0	
-190.0	
-197.0	
-193.0	
-193.0	
-190.0	
-176.0	
-168.0	
-165.0	
-169.0	
-169.0	
-172.0	
-156.0	
-164.0	
-146.0	
-153.0	
-141.0	
-141.0	
-136.0	
-134.0	
-133.0	
-131.0	
-112.0	
-114.0	
-109.0	
-112.0	
-97.0	
-107.0	
-104.0	
-90.0	
-102.0	
-83.0	
-84.0	
-79.0	
-68.0	
-59.0	
-69.0	
-61.0	
-71.0	
-55.0	
-45.0	
-46.0	
-50.0	
-53.0	
-50.0	
-39.0	
-28.0	
-28.0	
-25.0	
-21.0	
-13.0	
-3.0	
12.0	
-3.0	
13.0	
12.0	
11.0	
15.0	
27.0	
31.0	
22.0	
26.0	
42.0	
43.0	
23.0	
33.0	
42.0	
57.0	
63.0	
52.0	
52.0	
71.0	
79.0	
72.0	
74.0	
95.0	
95.0	
102.0	
101.0	
104.0	
112.0	
110.0	
109.0	
112.0	
120.0	
130.0	
114.0	
118.0	
122.0	
128.0	
145.0	
137.0	
139.0	
147.0	
159.0	
149.0	
142.0	
152.0	
159.0	
160.0	
159.0	
169.0	
159.0	
153.0	
160.0	
158.0	
169.0	
177.0	
165.0	
162.0	
174.0	
175.0	
176.0	
160.0	
163.0	
170.0	
166.0	
159.0	
158.0	
171.0	
177.0	
168.0	
171.0	
169.0	
162.0	
170.0	
171.0	
168.0	
159.0	
169.0	
167.0	
171.0	
166.0	
162.0	
173.0	
163.0	
177.0	
151.0	
143.0	
149.0	
135.0	
123.0	
143.0	
139.0	
141.0	
135.0	
138.0	
139.0	
143.0	
138.0	
119.0	
117.0	
116.0	
126.0	
119.0	
108.0	
99.0	
96.0	
93.0	
93.0	
74.0	
83.0	
62.0	
62.0	
75.0	
77.0	
67.0	
48.0	
44.0	
57.0	
53.0	
34.0	
44.0	
36.0	
29.0	
25.0	
21.0	
8.0	
18.0	
20.0	
3.0	
0.0	
-1.0	
-10.0	
-13.0	
-11.0	
-28.0	
-35.0	
-31.0	
-31.0	
-24.0	
-33.0	
-26.0	
-37.0	
-44.0	
-45.0	
-47.0	
-53.0	
-59.0	
-64.0	
-76.0	
-86.0	
-72.0	
-80.0	
-81.0	
-74.0	
-73.0	
-79.0	
-90.0	
-92.0	
-95.0	
-91.0	
-93.0	
-100.0	
-99.0	
-118.0	
-115.0	
-112.0	
-103.0	
-108.0	
-111.0	
-117.0	
-117.0	
-125.0	
-124.0	
-136.0	
-130.0	
-116.0	
-130.0	
-127.0	
-121.0	
-131.0	
-113.0	
-123.0	
-130.0	
-139.0	
-134.0	
-125.0	
-124.0	
-133.0	
-130.0	
-131.0	
-127.0	
-125.0	
-120.0	
-126.0	
-107.0	
-127.0	
-126.0	
-123.0	
-119.0	
-112.0	
-113.0	
-124.0	
-132.0	
-126.0	
-124.0	
-113.0	
-109.0	
-129.0	
-127.0	
-118.0	
-121.0	
-110.0	
-113.0	
-126.0	
-107.0	
-109.0	
-99.0	
-87.0	
-92.0	
-88.0	
-82.0	
-84.0	
-83.0	
-87.0	
-71.0	
-63.0	
-61.0	
-71.0	
-70.0	
-75.0	
-69.0	
-77.0	
-62.0	
-50.0	
-54.0	
-59.0	
-64.0	
-56.0	
-55.0	
-57.0	
-43.0	
-46.0	
-40.0	
-29.0	
-31.0	
-23.0	
-33.0	
-33.0	
-24.0	
-27.0	
-29.0	
-13.0	
-27.0	
-19.0	
-16.0	
-16.0	
-18.0	
-15.0	
-10.0	
-10.0	
1.0	
-1.0	
-4.0	
1.0	
22.0	
4.0	
7.0	
2.0	
-3.0	
22.0	
24.0	
17.0	
19.0	
18.0	
22.0	
37.0	
20.0	
28.0	
33.0	
31.0	
38.0	
37.0	
33.0	
30.0	
44.0	
40.0	
49.0	
37.0	
40.0	
47.0	
48.0	
30.0	
56.0	
59.0	
45.0	
45.0	
46.0	
59.0	
62.0	
63.0	
53.0	
67.0	
59.0	
63.0	
69.0	
44.0	
53.0	
75.0	
68.0	
65.0	
73.0	
78.0	
80.0	
86.0	
77.0	
83.0	
81.0	
86.0	
82.0	
77.0	
86.0	
88.0	
90.0	
92.0	
92.0	
88.0	
85.0	
89.0	
95.0	
89.0	
95.0	
105.0	
99.0	
99.0	
83.0	
77.0	
91.0	
79.0	
85.0	
84.0	
89.0	
92.0	
96.0	
103.0	
88.0	
75.0	
85.0	
87.0	
86.0	
87.0	
90.0	
99.0	
88.0	
80.0	
85.0	
93.0	
83.0	
83.0	
79.0	
77.0	
87.0	
83.0	
67.0	
87.0	
77.0	
65.0	
76.0	
66.0	
78.0	
83.0	
72.0	
64.0	
62.0	
76.0	
76.0	
72.0	
69.0	
57.0	
52.0	
54.0	
62.0	
58.0	
57.0	
51.0	
52.0	
52.0	
58.0	
53.0	
50.0	
50.0	
43.0	
44.0	
44.0	
43.0	
32.0	
33.0	
25.0	
27.0	
39.0	
39.0	
25.0	
33.0	
30.0	
28.0	
21.0	
26.0	
21.0	
16.0	
25.0	
18.0	
5.0	
13.0	
17.0	
7.0	
1.0	
4.0	
15.0	
4.0	
0.0	
11.0	
8.0	
5.0	
4.0	
-12.0	
-18.0	
-13.0	
-7.0	
-14.0	
-11.0	
-1.0	
-29.0	
-26.0	
-20.0	
-21.0	
-13.0	
-15.0	
-27.0	
-34.0	
-26.0	
-33.0	
-25.0	
-33.0	
-52.0	
-38.0	
-39.0	
-30.0	
-49.0	
-52.0	
-39.0	
-40.0	
-45.0	
-38.0	
-43.0	
-34.0	
-35.0	
-42.0	
-48.0	
-55.0	
-49.0	
-65.0	
-62.0	
-59.0	
-45.0	
-56.0	
-53.0	
-50.0	
-67.0	
-59.0	
-51.0	
-74.0	
-83.0	
-62.0	
-56.0	
-61.0	
-70.0	
-66.0	
-67.0	
-51.0	
-49.0	
-55.0	
-67.0	
-64.0	
-61.0	
-71.0	
-65.0	
-70.0	
-65.0	
-48.0	
-56.0	
-54.0	
-59.0	
-72.0	
-60.0	
-78.0	
-69.0	
-68.0	
-62.0	
-65.0	
-68.0	
-62.0	
-58.0	
-50.0	
-57.0	
-64.0	
-42.0	
-49.0	
-56.0	
-50.0	
-54.0	
-64.0	
-56.0	
-63.0	
-61.0	
-57.0	
-58.0	
-56.0	
-55.0	
-58.0	
-42.0	
-42.0	
-51.0	
-54.0	
-50.0	
-39.0	
-40.0	
-46.0	
-43.0	
-38.0	
-25.0	
-50.0	
-53.0	
-32.0	
-23.0	
-42.0	
-48.0	
-35.0	
-40.0	
-34.0	
-32.0	
-37.0	
-47.0	
-34.0	
-31.0	
-28.0	
-28.0	
-26.0	
-31.0	
-29.0	
-38.0	
-27.0	
-22.0	
-19.0	
-17.0	
-5.0	
-17.0	
-23.0	
-15.0	
-16.0	
-21.0	
-20.0	
-18.0	
-12.0	
-13.0	
-20.0	
-22.0	
-6.0	
