-33.0	
-32.0	
-32.0	
-22.0	
-16.0	
-17.0	
-4.0	
0.0	
6.0	
19.0	
24.0	
30.0	
35.0	
42.0	
40.0	
39.0	
56.0	
52.0	
62.0	
76.0	
65.0	
70.0	
74.0	
76.0	
74.0	
93.0	
105.0	
101.0	
101.0	
107.0	
107.0	
112.0	
126.0	
130.0	
143.0	
143.0	
146.0	
137.0	
143.0	
150.0	
161.0	
173.0	
180.0	
196.0	
183.0	
195.0	
200.0	
200.0	
206.0	
206.0	
206.0	
207.0	
225.0	
237.0	
228.0	
232.0	
236.0	
246.0	
240.0	
261.0	
266.0	
254.0	
265.0	
264.0	
272.0	
277.0	
274.0	
283.0	
287.0	
289.0	
289.0	
301.0	
302.0	
294.0	
305.0	
316.0	
320.0	
319.0	
326.0	
320.0	
329.0	
352.0	
358.0	
355.0	
352.0	
353.0	
343.0	
341.0	
352.0	
368.0	
365.0	
369.0	
359.0	
368.0	
362.0	
381.0	
381.0	
372.0	
379.0	
375.0	
386.0	
394.0	
387.0	
398.0	
397.0	
397.0	
404.0	
398.0	
401.0	
397.0	
400.0	
398.0	
405.0	
398.0	
398.0	
409.0	
393.0	
392.0	
396.0	
404.0	
404.0	
405.0	
405.0	
422.0	
426.0	
414.0	
399.0	
403.0	
411.0	
407.0	
416.0	
407.0	
420.0	
426.0	
422.0	
426.0	
403.0	
402.0	
405.0	
410.0	
398.0	
383.0	
373.0	
382.0	
389.0	
377.0	
388.0	
390.0	
377.0	
387.0	
370.0	
370.0	
377.0	
364.0	
371.0	
366.0	
359.0	
366.0	
368.0	
361.0	
350.0	
343.0	
352.0	
337.0	
332.0	
345.0	
346.0	
327.0	
326.0	
327.0	
323.0	
329.0	
321.0	
313.0	
303.0	
296.0	
291.0	
300.0	
293.0	
296.0	
298.0	
285.0	
276.0	
271.0	
265.0	
274.0	
268.0	
266.0	
267.0	
258.0	
240.0	
232.0	
232.0	
243.0	
232.0	
225.0	
233.0	
226.0	
221.0	
222.0	
221.0	
213.0	
194.0	
205.0	
205.0	
201.0	
199.0	
176.0	
174.0	
186.0	
178.0	
182.0	
179.0	
171.0	
173.0	
164.0	
160.0	
152.0	
159.0	
149.0	
150.0	
139.0	
136.0	
122.0	
123.0	
130.0	
112.0	
112.0	
92.0	
88.0	
98.0	
87.0	
85.0	
76.0	
76.0	
84.0	
87.0	
79.0	
73.0	
63.0	
54.0	
52.0	
52.0	
51.0	
39.0	
50.0	
44.0	
51.0	
28.0	
26.0	
24.0	
16.0	
17.0	
18.0	
12.0	
23.0	
1.0	
-5.0	
5.0	
0.0	
-21.0	
-17.0	
-3.0	
-21.0	
-36.0	
-19.0	
-50.0	
-37.0	
-39.0	
-43.0	
-44.0	
-40.0	
-45.0	
-58.0	
-45.0	
-53.0	
-60.0	
-62.0	
-71.0	
-77.0	
-78.0	
-65.0	
-84.0	
-88.0	
-89.0	
-83.0	
-91.0	
-86.0	
-94.0	
-108.0	
-107.0	
-93.0	
-116.0	
-121.0	
-110.0	
-119.0	
-120.0	
-114.0	
-112.0	
-116.0	
-115.0	
-123.0	
-133.0	
-127.0	
-122.0	
-143.0	
-150.0	
-145.0	
-141.0	
-144.0	
-151.0	
-149.0	
-150.0	
-132.0	
-137.0	
-166.0	
-181.0	
-156.0	
-155.0	
-159.0	
-161.0	
-147.0	
-159.0	
-170.0	
-167.0	
-152.0	
-167.0	
-178.0	
-174.0	
-163.0	
-174.0	
-165.0	
-174.0	
-180.0	
-172.0	
-190.0	
-185.0	
-169.0	
-177.0	
-182.0	
-178.0	
-182.0	
-192.0	
-189.0	
-187.0	
-197.0	
-180.0	
-182.0	
-198.0	
-189.0	
-184.0	
-196.0	
-184.0	
-196.0	
-195.0	
-193.0	
-196.0	
-192.0	
-187.0	
-195.0	
-205.0	
-197.0	
-193.0	
-192.0	
-203.0	
-199.0	
-205.0	
-207.0	
-198.0	
-201.0	
-206.0	
-200.0	
-198.0	
-195.0	
-197.0	
-192.0	
-190.0	
-199.0	
-193.0	
-183.0	
-187.0	
-191.0	
-189.0	
-206.0	
-193.0	
-189.0	
-193.0	
-184.0	
-188.0	
-184.0	
-200.0	
-200.0	
-186.0	
-178.0	
-192.0	
-200.0	
-192.0	
-183.0	
-180.0	
-184.0	
-188.0	
-182.0	
-171.0	
-179.0	
-181.0	
-163.0	
-175.0	
-174.0	
-156.0	
-155.0	
-164.0	
-171.0	
-162.0	
-159.0	
-164.0	
-140.0	
-130.0	
-144.0	
-138.0	
-148.0	
-143.0	
-140.0	
-141.0	
-138.0	
-144.0	
-157.0	
-136.0	
-148.0	
-134.0	
-128.0	
-137.0	
-133.0	
-121.0	
-126.0	
-125.0	
-130.0	
-127.0	
-121.0	
-119.0	
-114.0	
-126.0	
-102.0	
-97.0	
-106.0	
-108.0	
-109.0	
-93.0	
-96.0	
-88.0	
-83.0	
-88.0	
-81.0	
-82.0	
-74.0	
-74.0	
-72.0	
-79.0	
-76.0	
-79.0	
-78.0	
-67.0	
-69.0	
-61.0	
-53.0	
-64.0	
-65.0	
-51.0	
-42.0	
-38.0	
-40.0	
-42.0	
-44.0	
-30.0	
-29.0	
-31.0	
-30.0	
-27.0	
-29.0	
-27.0	
-19.0	
-8.0	
-19.0	
-13.0	
-3.0	
-5.0	
-2.0	
0.0	
0.0	
3.0	
3.0	
12.0	
11.0	
7.0	
25.0	
38.0	
27.0	
31.0	
32.0	
35.0	
44.0	
29.0	
35.0	
44.0	
52.0	
51.0	
54.0	
72.0	
66.0	
58.0	
50.0	
62.0	
59.0	
76.0	
73.0	
54.0	
77.0	
82.0	
83.0	
79.0	
86.0	
100.0	
97.0	
94.0	
99.0	
100.0	
98.0	
104.0	
110.0	
104.0	
102.0	
103.0	
95.0	
104.0	
100.0	
98.0	
107.0	
122.0	
112.0	
112.0	
124.0	
126.0	
128.0	
130.0	
123.0	
119.0	
125.0	
127.0	
118.0	
129.0	
139.0	
137.0	
140.0	
140.0	
132.0	
135.0	
143.0	
142.0	
133.0	
135.0	
144.0	
149.0	
155.0	
150.0	
141.0	
150.0	
156.0	
139.0	
150.0	
148.0	
162.0	
156.0	
153.0	
164.0	
163.0	
161.0	
155.0	
166.0	
168.0	
160.0	
152.0	
160.0	
170.0	
159.0	
159.0	
151.0	
152.0	
165.0	
157.0	
150.0	
155.0	
171.0	
172.0	
159.0	
168.0	
162.0	
151.0	
161.0	
154.0	
164.0	
163.0	
158.0	
159.0	
149.0	
142.0	
152.0	
154.0	
151.0	
148.0	
154.0	
143.0	
145.0	
145.0	
147.0	
155.0	
149.0	
147.0	
150.0	
153.0	
162.0	
162.0	
152.0	
137.0	
132.0	
150.0	
158.0	
136.0	
138.0	
138.0	
144.0	
144.0	
143.0	
157.0	
136.0	
133.0	
126.0	
129.0	
120.0	
132.0	
126.0	
125.0	
125.0	
136.0	
127.0	
130.0	
131.0	
127.0	
109.0	
116.0	
109.0	
114.0	
120.0	
114.0	
106.0	
121.0	
117.0	
104.0	
109.0	
104.0	
90.0	
102.0	
117.0	
102.0	
86.0	
88.0	
88.0	
79.0	
106.0	
86.0	
85.0	
76.0	
82.0	
91.0	
85.0	
80.0	
70.0	
74.0	
87.0	
83.0	
73.0	
76.0	
67.0	
61.0	
64.0	
73.0	
69.0	
65.0	
63.0	
56.0	
62.0	
66.0	
69.0	
58.0	
48.0	
64.0	
53.0	
53.0	
52.0	
46.0	
50.0	
44.0	
51.0	
40.0	
42.0	
49.0	
34.0	
41.0	
27.0	
26.0	
31.0	
35.0	
45.0	
40.0	
32.0	
34.0	
23.0	
20.0	
24.0	
29.0	
23.0	
19.0	
11.0	
25.0	
30.0	
14.0	
16.0	
17.0	
15.0	
11.0	
11.0	
3.0	
0.0	
6.0	
0.0	
-3.0	
-9.0	
-18.0	
-1.0	
-11.0	
-17.0	
-14.0	
-20.0	
-19.0	
-23.0	
-3.0	
-14.0	
-21.0	
-27.0	
-16.0	
-23.0	
-51.0	
-48.0	
-29.0	
-27.0	
-26.0	
-32.0	
-31.0	
-38.0	
-34.0	
-31.0	
-30.0	
-40.0	
-46.0	
-34.0	
-39.0	
-49.0	
-45.0	
-56.0	
-47.0	
-49.0	
-47.0	
-53.0	
-48.0	
-43.0	
-49.0	
-56.0	
-51.0	
-54.0	
-53.0	
-61.0	
-74.0	
-73.0	
-55.0	
-59.0	
-58.0	
-57.0	
-74.0	
-74.0	
-57.0	
-73.0	
-70.0	
-76.0	
-72.0	
-77.0	
-64.0	
-70.0	
-87.0	
-78.0	
-84.0	
-83.0	
-73.0	
-78.0	
-77.0	
-82.0	
-74.0	
-81.0	
-94.0	
-89.0	
-88.0	
-93.0	
-78.0	
-92.0	
-90.0	
-84.0	
-87.0	
-92.0	
-86.0	
-94.0	
-89.0	
-90.0	
-88.0	
-89.0	
-87.0	
-93.0	
-99.0	
-94.0	
-105.0	
-95.0	
-96.0	
-94.0	
-86.0	
-105.0	
-108.0	
-91.0	
-102.0	
-97.0	
-88.0	
-93.0	
-93.0	
-95.0	
-86.0	
-83.0	
-81.0	
-75.0	
-92.0	
-91.0	
-77.0	
-89.0	
-105.0	
-87.0	
-90.0	
-90.0	
-74.0	
-75.0	
-81.0	
-81.0	
-75.0	
-83.0	
-93.0	
-88.0	
-78.0	
-71.0	
-70.0	
-75.0	
-60.0	
-66.0	
-75.0	
-68.0	
-77.0	
-66.0	
-60.0	
-62.0	
-56.0	
-59.0	
-55.0	
-58.0	
-56.0	
-57.0	
-66.0	
-67.0	
-61.0	
-46.0	
-69.0	
-73.0	
