63.0	
59.0	
51.0	
68.0	
82.0	
70.0	
86.0	
114.0	
101.0	
99.0	
108.0	
119.0	
118.0	
125.0	
123.0	
140.0	
139.0	
138.0	
145.0	
160.0	
158.0	
157.0	
150.0	
163.0	
171.0	
176.0	
173.0	
163.0	
174.0	
173.0	
167.0	
165.0	
168.0	
171.0	
180.0	
182.0	
187.0	
184.0	
176.0	
173.0	
179.0	
197.0	
193.0	
193.0	
193.0	
200.0	
202.0	
209.0	
203.0	
207.0	
201.0	
202.0	
204.0	
199.0	
202.0	
207.0	
200.0	
193.0	
191.0	
186.0	
177.0	
184.0	
192.0	
196.0	
192.0	
192.0	
202.0	
203.0	
207.0	
205.0	
203.0	
206.0	
202.0	
193.0	
185.0	
182.0	
191.0	
190.0	
194.0	
196.0	
191.0	
182.0	
183.0	
179.0	
175.0	
177.0	
175.0	
176.0	
184.0	
177.0	
181.0	
189.0	
182.0	
177.0	
159.0	
154.0	
149.0	
151.0	
158.0	
151.0	
153.0	
154.0	
149.0	
149.0	
144.0	
152.0	
157.0	
146.0	
142.0	
132.0	
135.0	
137.0	
150.0	
135.0	
126.0	
129.0	
130.0	
120.0	
128.0	
135.0	
120.0	
108.0	
102.0	
97.0	
88.0	
92.0	
95.0	
85.0	
84.0	
84.0	
79.0	
81.0	
76.0	
79.0	
77.0	
60.0	
60.0	
57.0	
41.0	
42.0	
54.0	
47.0	
36.0	
30.0	
21.0	
25.0	
29.0	
28.0	
19.0	
6.0	
15.0	
12.0	
9.0	
13.0	
3.0	
-3.0	
-15.0	
-15.0	
-11.0	
-7.0	
-25.0	
-32.0	
-24.0	
-25.0	
-24.0	
-36.0	
-42.0	
-46.0	
-44.0	
-53.0	
-56.0	
-65.0	
-69.0	
-79.0	
-69.0	
-86.0	
-82.0	
-83.0	
-84.0	
-87.0	
-91.0	
-84.0	
-98.0	
-93.0	
-95.0	
-97.0	
-93.0	
-109.0	
-104.0	
-115.0	
-107.0	
-98.0	
-97.0	
-106.0	
-110.0	
-106.0	
-104.0	
-108.0	
-104.0	
-119.0	
-123.0	
-128.0	
-121.0	
-111.0	
-125.0	
-130.0	
-131.0	
-132.0	
-131.0	
-129.0	
-133.0	
-137.0	
-132.0	
-129.0	
-135.0	
-134.0	
-146.0	
-147.0	
-130.0	
-133.0	
-144.0	
-146.0	
-138.0	
-137.0	
-151.0	
-152.0	
-149.0	
-145.0	
-141.0	
-140.0	
-131.0	
-141.0	
-144.0	
-134.0	
-153.0	
-152.0	
-147.0	
-135.0	
-145.0	
-150.0	
-148.0	
-156.0	
-149.0	
-156.0	
-155.0	
-143.0	
-146.0	
-142.0	
-150.0	
-141.0	
-137.0	
-153.0	
-146.0	
-148.0	
-138.0	
-145.0	
-140.0	
-143.0	
-139.0	
-143.0	
-134.0	
-145.0	
-141.0	
-139.0	
-143.0	
-145.0	
-143.0	
-139.0	
-135.0	
-123.0	
-121.0	
-122.0	
-114.0	
-107.0	
-118.0	
-119.0	
-115.0	
-106.0	
-103.0	
-111.0	
-105.0	
-87.0	
-98.0	
-108.0	
-102.0	
-107.0	
-94.0	
-89.0	
-93.0	
-89.0	
-94.0	
-96.0	
-91.0	
-87.0	
-90.0	
-100.0	
-83.0	
-74.0	
-75.0	
-65.0	
-46.0	
-62.0	
-71.0	
-63.0	
-63.0	
-78.0	
-60.0	
-47.0	
-55.0	
-46.0	
-51.0	
-55.0	
-46.0	
-40.0	
-31.0	
-28.0	
-25.0	
-23.0	
-24.0	
-17.0	
-15.0	
6.0	
4.0	
-7.0	
-7.0	
-11.0	
0.0	
11.0	
1.0	
15.0	
19.0	
20.0	
23.0	
24.0	
25.0	
33.0	
35.0	
53.0	
44.0	
47.0	
42.0	
37.0	
59.0	
56.0	
68.0	
62.0	
53.0	
61.0	
53.0	
59.0	
68.0	
54.0	
69.0	
91.0	
82.0	
73.0	
90.0	
83.0	
90.0	
101.0	
99.0	
111.0	
98.0	
91.0	
97.0	
99.0	
94.0	
107.0	
118.0	
99.0	
101.0	
108.0	
117.0	
117.0	
126.0	
127.0	
118.0	
100.0	
102.0	
116.0	
114.0	
124.0	
133.0	
121.0	
129.0	
134.0	
125.0	
122.0	
119.0	
131.0	
130.0	
131.0	
150.0	
141.0	
143.0	
146.0	
140.0	
161.0	
160.0	
138.0	
152.0	
155.0	
142.0	
144.0	
137.0	
145.0	
139.0	
131.0	
143.0	
153.0	
136.0	
136.0	
145.0	
139.0	
137.0	
141.0	
147.0	
143.0	
141.0	
140.0	
135.0	
135.0	
130.0	
126.0	
143.0	
140.0	
147.0	
146.0	
143.0	
145.0	
143.0	
135.0	
136.0	
138.0	
134.0	
124.0	
124.0	
129.0	
118.0	
111.0	
124.0	
122.0	
125.0	
131.0	
121.0	
124.0	
136.0	
118.0	
123.0	
131.0	
112.0	
114.0	
118.0	
114.0	
103.0	
116.0	
116.0	
114.0	
116.0	
117.0	
113.0	
106.0	
104.0	
88.0	
111.0	
101.0	
103.0	
103.0	
99.0	
98.0	
91.0	
99.0	
98.0	
87.0	
81.0	
88.0	
87.0	
91.0	
81.0	
84.0	
81.0	
80.0	
81.0	
78.0	
69.0	
69.0	
68.0	
70.0	
61.0	
55.0	
61.0	
62.0	
62.0	
55.0	
61.0	
51.0	
35.0	
50.0	
43.0	
45.0	
49.0	
38.0	
39.0	
56.0	
53.0	
38.0	
37.0	
29.0	
34.0	
42.0	
39.0	
23.0	
19.0	
13.0	
