92.0	
86.0	
93.0	
113.0	
114.0	
102.0	
101.0	
117.0	
112.0	
119.0	
134.0	
139.0	
133.0	
131.0	
150.0	
151.0	
153.0	
158.0	
161.0	
172.0	
162.0	
158.0	
171.0	
175.0	
178.0	
185.0	
181.0	
194.0	
201.0	
197.0	
208.0	
200.0	
206.0	
221.0	
228.0	
221.0	
239.0	
241.0	
242.0	
254.0	
253.0	
249.0	
254.0	
255.0	
267.0	
265.0	
278.0	
285.0	
278.0	
278.0	
293.0	
293.0	
299.0	
304.0	
299.0	
309.0	
309.0	
315.0	
324.0	
330.0	
329.0	
335.0	
349.0	
349.0	
357.0	
365.0	
370.0	
369.0	
370.0	
379.0	
377.0	
392.0	
393.0	
396.0	
395.0	
419.0	
420.0	
423.0	
423.0	
433.0	
426.0	
437.0	
447.0	
443.0	
447.0	
446.0	
459.0	
453.0	
469.0	
478.0	
473.0	
480.0	
487.0	
472.0	
492.0	
503.0	
503.0	
506.0	
500.0	
503.0	
511.0	
513.0	
513.0	
514.0	
517.0	
517.0	
518.0	
513.0	
514.0	
515.0	
525.0	
521.0	
526.0	
535.0	
538.0	
539.0	
537.0	
540.0	
545.0	
551.0	
553.0	
536.0	
543.0	
562.0	
549.0	
544.0	
535.0	
543.0	
549.0	
539.0	
523.0	
521.0	
522.0	
523.0	
535.0	
525.0	
533.0	
532.0	
539.0	
534.0	
533.0	
529.0	
525.0	
506.0	
508.0	
514.0	
516.0	
511.0	
524.0	
528.0	
513.0	
521.0	
516.0	
499.0	
501.0	
506.0	
501.0	
514.0	
514.0	
492.0	
479.0	
482.0	
496.0	
500.0	
492.0	
481.0	
475.0	
473.0	
468.0	
471.0	
458.0	
452.0	
448.0	
443.0	
442.0	
444.0	
433.0	
436.0	
424.0	
433.0	
431.0	
429.0	
431.0	
431.0	
403.0	
419.0	
422.0	
415.0	
429.0	
430.0	
425.0	
415.0	
414.0	
402.0	
400.0	
386.0	
387.0	
382.0	
385.0	
360.0	
355.0	
365.0	
343.0	
341.0	
340.0	
339.0	
333.0	
313.0	
321.0	
327.0	
325.0	
322.0	
318.0	
328.0	
327.0	
324.0	
305.0	
305.0	
297.0	
294.0	
298.0	
278.0	
274.0	
280.0	
275.0	
258.0	
252.0	
256.0	
244.0	
242.0	
241.0	
230.0	
230.0	
230.0	
237.0	
226.0	
218.0	
218.0	
215.0	
202.0	
212.0	
213.0	
200.0	
187.0	
168.0	
176.0	
160.0	
164.0	
150.0	
149.0	
142.0	
120.0	
126.0	
112.0	
109.0	
105.0	
93.0	
98.0	
110.0	
94.0	
89.0	
80.0	
73.0	
74.0	
67.0	
54.0	
46.0	
55.0	
51.0	
34.0	
39.0	
30.0	
17.0	
18.0	
11.0	
15.0	
-1.0	
-5.0	
-2.0	
-14.0	
-6.0	
-14.0	
-20.0	
-26.0	
-42.0	
-42.0	
-46.0	
-46.0	
-41.0	
-50.0	
-57.0	
-73.0	
-74.0	
-71.0	
-68.0	
-69.0	
-86.0	
-99.0	
-97.0	
-96.0	
-98.0	
-102.0	
-105.0	
-110.0	
-131.0	
-128.0	
-120.0	
-145.0	
-147.0	
-139.0	
-143.0	
-139.0	
-155.0	
-161.0	
-161.0	
-162.0	
-151.0	
-157.0	
-179.0	
-189.0	
-167.0	
-171.0	
-177.0	
-182.0	
-191.0	
-189.0	
-171.0	
-176.0	
-192.0	
-192.0	
-192.0	
-197.0	
-203.0	
-210.0	
-187.0	
-198.0	
-204.0	
-202.0	
-211.0	
-216.0	
-217.0	
-208.0	
-208.0	
-203.0	
-205.0	
-212.0	
-211.0	
-214.0	
-207.0	
-204.0	
-214.0	
-220.0	
-213.0	
-220.0	
-216.0	
-219.0	
-222.0	
-222.0	
-229.0	
-247.0	
-242.0	
-235.0	
-226.0	
-235.0	
-222.0	
-209.0	
-234.0	
-246.0	
-235.0	
-227.0	
-217.0	
-227.0	
-232.0	
-228.0	
-224.0	
-220.0	
-236.0	
-245.0	
-243.0	
-240.0	
-236.0	
-244.0	
-247.0	
-224.0	
-220.0	
-224.0	
-224.0	
-227.0	
-247.0	
-242.0	
-230.0	
-224.0	
-222.0	
-215.0	
-245.0	
-252.0	
-232.0	
-209.0	
-230.0	
-225.0	
-234.0	
-233.0	
-231.0	
-225.0	
-235.0	
-236.0	
-224.0	
-233.0	
-242.0	
-231.0	
-233.0	
-237.0	
-220.0	
-218.0	
-229.0	
-231.0	
-213.0	
-232.0	
-224.0	
-219.0	
-232.0	
-222.0	
-215.0	
-219.0	
-208.0	
-213.0	
-210.0	
-202.0	
-206.0	
-205.0	
-199.0	
-199.0	
-206.0	
-207.0	
-211.0	
-202.0	
-193.0	
-209.0	
-203.0	
-196.0	
-203.0	
-199.0	
-191.0	
-196.0	
-196.0	
-191.0	
-183.0	
-183.0	
-182.0	
-190.0	
-195.0	
-193.0	
-189.0	
-184.0	
-191.0	
-177.0	
-192.0	
-192.0	
-182.0	
-167.0	
-171.0	
-175.0	
-164.0	
-166.0	
-185.0	
-170.0	
-165.0	
-164.0	
-172.0	
-160.0	
-154.0	
-159.0	
-166.0	
-147.0	
-145.0	
-144.0	
-147.0	
-156.0	
-139.0	
-140.0	
-133.0	
-136.0	
-142.0	
-128.0	
-132.0	
-155.0	
-152.0	
-136.0	
-131.0	
-131.0	
-145.0	
-135.0	
-137.0	
-127.0	
-129.0	
-121.0	
-126.0	
-135.0	
-127.0	
-116.0	
-124.0	
-115.0	
-111.0	
-120.0	
-106.0	
-109.0	
-112.0	
-112.0	
-97.0	
-103.0	
-104.0	
-103.0	
-98.0	
-106.0	
-111.0	
-102.0	
-105.0	
-104.0	
-92.0	
-85.0	
-75.0	
-67.0	
-75.0	
-81.0	
-81.0	
-83.0	
-80.0	
-71.0	
-76.0	
-77.0	
-78.0	
-78.0	
-69.0	
-67.0	
-72.0	
-72.0	
-57.0	
-69.0	
-56.0	
-33.0	
-43.0	
-38.0	
-65.0	
-66.0	
-50.0	
-51.0	
-57.0	
-51.0	
-50.0	
-51.0	
-37.0	
-47.0	
-48.0	
-40.0	
-38.0	
-30.0	
-27.0	
-24.0	
-32.0	
-33.0	
-41.0	
-36.0	
-24.0	
-23.0	
-37.0	
-33.0	
-24.0	
-27.0	
-11.0	
-8.0	
-11.0	
-8.0	
-4.0	
-3.0	
-3.0	
-17.0	
-15.0	
1.0	
4.0	
-3.0	
5.0	
12.0	
24.0	
10.0	
10.0	
22.0	
26.0	
22.0	
18.0	
16.0	
30.0	
26.0	
29.0	
19.0	
30.0	
40.0	
33.0	
43.0	
48.0	
52.0	
57.0	
50.0	
52.0	
53.0	
54.0	
51.0	
64.0	
70.0	
70.0	
71.0	
59.0	
66.0	
63.0	
80.0	
76.0	
73.0	
85.0	
82.0	
87.0	
99.0	
101.0	
104.0	
96.0	
99.0	
119.0	
122.0	
117.0	
110.0	
125.0	
103.0	
110.0	
136.0	
131.0	
127.0	
126.0	
130.0	
133.0	
143.0	
153.0	
154.0	
142.0	
138.0	
159.0	
171.0	
161.0	
162.0	
159.0	
158.0	
164.0	
155.0	
165.0	
171.0	
172.0	
165.0	
172.0	
178.0	
181.0	
176.0	
181.0	
191.0	
191.0	
177.0	
173.0	
180.0	
189.0	
196.0	
194.0	
185.0	
199.0	
196.0	
190.0	
185.0	
196.0	
196.0	
203.0	
206.0	
210.0	
210.0	
211.0	
216.0	
202.0	
208.0	
201.0	
220.0	
217.0	
214.0	
214.0	
222.0	
225.0	
209.0	
208.0	
216.0	
212.0	
212.0	
208.0	
221.0	
215.0	
228.0	
216.0	
214.0	
218.0	
206.0	
201.0	
211.0	
216.0	
209.0	
205.0	
213.0	
216.0	
217.0	
216.0	
216.0	
216.0	
213.0	
202.0	
213.0	
211.0	
204.0	
213.0	
218.0	
221.0	
220.0	
200.0	
217.0	
204.0	
194.0	
197.0	
183.0	
192.0	
204.0	
194.0	
198.0	
186.0	
196.0	
191.0	
189.0	
188.0	
197.0	
202.0	
192.0	
189.0	
178.0	
173.0	
169.0	
172.0	
167.0	
157.0	
175.0	
179.0	
163.0	
158.0	
170.0	
177.0	
185.0	
173.0	
145.0	
147.0	
160.0	
160.0	
151.0	
153.0	
157.0	
143.0	
145.0	
141.0	
133.0	
136.0	
128.0	
127.0	
135.0	
129.0	
119.0	
123.0	
121.0	
104.0	
111.0	
114.0	
103.0	
106.0	
116.0	
100.0	
97.0	
99.0	
99.0	
106.0	
102.0	
94.0	
91.0	
92.0	
85.0	
91.0	
94.0	
74.0	
78.0	
70.0	
63.0	
65.0	
72.0	
69.0	
61.0	
68.0	
63.0	
56.0	
57.0	
63.0	
62.0	
61.0	
58.0	
54.0	
50.0	
45.0	
36.0	
35.0	
31.0	
38.0	
30.0	
24.0	
27.0	
22.0	
17.0	
23.0	
18.0	
16.0	
28.0	
12.0	
10.0	
11.0	
9.0	
0.0	
16.0	
13.0	
10.0	
12.0	
4.0	
5.0	
0.0	
-4.0	
-11.0	
-2.0	
-13.0	
-16.0	
-12.0	
-20.0	
-22.0	
-30.0	
-19.0	
-20.0	
-41.0	
-38.0	
-22.0	
-32.0	
-27.0	
-40.0	
-35.0	
-34.0	
-41.0	
-52.0	
-63.0	
-57.0	
-64.0	
-57.0	
-50.0	
-56.0	
-67.0	
-67.0	
-64.0	
-59.0	
-63.0	
-67.0	
-61.0	
-71.0	
-76.0	
-72.0	
-89.0	
-95.0	
-81.0	
-85.0	
-99.0	
-89.0	
-90.0	
-99.0	
-97.0	
-107.0	
-102.0	
-101.0	
-121.0	
-118.0	
-100.0	
-117.0	
-123.0	
-105.0	
-118.0	
-117.0	
-117.0	
-112.0	
-130.0	
-137.0	
-145.0	
-134.0	
-124.0	
-139.0	
-145.0	
-151.0	
-143.0	
-123.0	
-130.0	
-151.0	
-151.0	
-145.0	
-146.0	
-146.0	
-144.0	
-129.0	
-147.0	
-138.0	
-143.0	
-154.0	
-155.0	
-169.0	
-155.0	
-153.0	
-149.0	
-172.0	
-174.0	
-163.0	
-171.0	
-179.0	
-175.0	
-169.0	
-167.0	
-164.0	
-170.0	
-172.0	
-159.0	
-168.0	
-166.0	
-170.0	
-163.0	
-153.0	
-168.0	
-190.0	
-160.0	
-170.0	
-168.0	
-162.0	
-160.0	
-161.0	
-167.0	
-177.0	
-177.0	
-175.0	
-176.0	
-174.0	
-170.0	
-171.0	
-182.0	
-182.0	
-164.0	
-176.0	
-173.0	
-161.0	
-164.0	
-168.0	
-167.0	
-167.0	
-179.0	
-168.0	
-171.0	
-170.0	
-175.0	
-178.0	
-175.0	
-168.0	
-161.0	
-169.0	
-166.0	
-172.0	
-166.0	
-158.0	
-163.0	
-155.0	
-138.0	
-149.0	
-153.0	
-159.0	
-158.0	
-153.0	
-160.0	
-138.0	
-146.0	
-151.0	
-149.0	
-147.0	
-144.0	
-144.0	
-158.0	
-142.0	
-147.0	
-125.0	
-129.0	
-144.0	
-133.0	
-140.0	
-140.0	
-146.0	
-145.0	
-125.0	
-144.0	
-141.0	
-124.0	
-124.0	
-122.0	
-129.0	
-133.0	
-114.0	
-120.0	
-112.0	
-120.0	
-123.0	
-128.0	
-122.0	
-132.0	
-113.0	
-101.0	
-109.0	
-108.0	
-102.0	
-102.0	
-106.0	
-101.0	
-116.0	
-110.0	
-92.0	
-105.0	
-107.0	
-98.0	
-108.0	
-103.0	
-91.0	
-99.0	
-90.0	
-96.0	
-93.0	
-83.0	
-86.0	
-98.0	
-98.0	
-84.0	
-86.0	
-80.0	
-83.0	
-74.0	
-73.0	
-82.0	
-92.0	
-80.0	
-74.0	
-84.0	
-74.0	
-67.0	
-65.0	
-69.0	
-58.0	
-61.0	
-73.0	
-69.0	
-71.0	
-66.0	
-51.0	
-45.0	
-50.0	
-56.0	
-43.0	
-45.0	
-48.0	
-40.0	
-44.0	
-55.0	
-45.0	
-46.0	
-55.0	
-48.0	
-39.0	
-40.0	
-34.0	
-37.0	
-31.0	
-30.0	
-44.0	
-45.0	
-33.0	
-35.0	
-33.0	
-42.0	
-42.0	
-39.0	
-27.0	
-19.0	
-28.0	
-41.0	
-37.0	
-14.0	
-9.0	
-16.0	
-14.0	
-14.0	
-21.0	
-14.0	
-8.0	
-15.0	
-12.0	
10.0	
2.0	
-3.0	
6.0	
8.0	
7.0	
12.0	
10.0	
15.0	
14.0	
27.0	
35.0	
23.0	
15.0	
24.0	
14.0	
14.0	
15.0	
30.0	
27.0	
31.0	
19.0	
22.0	
43.0	
44.0	
31.0	
30.0	
34.0	
38.0	
33.0	
30.0	
33.0	
36.0	
49.0	
40.0	
42.0	
47.0	
51.0	
43.0	
52.0	
62.0	
67.0	
69.0	
64.0	
63.0	
65.0	
73.0	
72.0	
72.0	
71.0	
78.0	
61.0	
48.0	
75.0	
70.0	
68.0	
88.0	
95.0	
80.0	
83.0	
84.0	
68.0	
65.0	
78.0	
88.0	
83.0	
86.0	
88.0	
84.0	
83.0	
91.0	
90.0	
100.0	
99.0	
92.0	
104.0	
105.0	
97.0	
95.0	
104.0	
101.0	
96.0	
100.0	
100.0	
109.0	
106.0	
113.0	
113.0	
112.0	
121.0	
108.0	
121.0	
119.0	
120.0	
115.0	
115.0	
109.0	
110.0	
112.0	
123.0	
124.0	
131.0	
118.0	
123.0	
116.0	
123.0	
119.0	
122.0	
124.0	
111.0	
124.0	
126.0	
123.0	
119.0	
111.0	
129.0	
138.0	
131.0	
144.0	
135.0	
120.0	
136.0	
134.0	
121.0	
114.0	
116.0	
119.0	
127.0	
138.0	
123.0	
132.0	
130.0	
127.0	
118.0	
112.0	
121.0	
127.0	
136.0	
121.0	
121.0	
101.0	
114.0	
124.0	
127.0	
136.0	
124.0	
121.0	
123.0	
119.0	
124.0	
114.0	
120.0	
125.0	
114.0	
117.0	
119.0	
117.0	
117.0	
118.0	
113.0	
116.0	
123.0	
112.0	
120.0	
123.0	
111.0	
101.0	
111.0	
115.0	
102.0	
94.0	
120.0	
110.0	
109.0	
112.0	
114.0	
115.0	
103.0	
109.0	
109.0	
104.0	
98.0	
99.0	
115.0	
101.0	
93.0	
108.0	
111.0	
120.0	
99.0	
103.0	
105.0	
105.0	
98.0	
96.0	
102.0	
97.0	
93.0	
101.0	
85.0	
105.0	
104.0	
98.0	
94.0	
106.0	
99.0	
89.0	
87.0	
83.0	
82.0	
81.0	
81.0	
87.0	
83.0	
74.0	
69.0	
