-107.0	
-117.0	
-95.0	
-98.0	
-93.0	
-91.0	
-99.0	
-81.0	
-69.0	
-85.0	
-87.0	
-67.0	
-72.0	
-78.0	
-72.0	
-83.0	
-66.0	
-50.0	
-61.0	
-53.0	
-51.0	
-38.0	
-25.0	
-19.0	
-27.0	
-25.0	
-21.0	
-12.0	
-1.0	
-4.0	
-3.0	
6.0	
14.0	
19.0	
16.0	
26.0	
32.0	
47.0	
43.0	
45.0	
67.0	
85.0	
77.0	
87.0	
100.0	
102.0	
108.0	
125.0	
131.0	
121.0	
132.0	
141.0	
146.0	
164.0	
159.0	
168.0	
191.0	
205.0	
210.0	
218.0	
207.0	
206.0	
221.0	
235.0	
233.0	
244.0	
264.0	
272.0	
254.0	
272.0	
282.0	
275.0	
298.0	
306.0	
318.0	
324.0	
334.0	
336.0	
345.0	
347.0	
350.0	
371.0	
366.0	
369.0	
385.0	
390.0	
400.0	
401.0	
410.0	
417.0	
438.0	
436.0	
435.0	
433.0	
432.0	
444.0	
452.0	
457.0	
461.0	
472.0	
477.0	
477.0	
471.0	
491.0	
483.0	
500.0	
493.0	
493.0	
505.0	
504.0	
506.0	
511.0	
525.0	
522.0	
526.0	
513.0	
530.0	
541.0	
528.0	
528.0	
536.0	
532.0	
535.0	
537.0	
543.0	
546.0	
540.0	
542.0	
533.0	
540.0	
534.0	
541.0	
544.0	
546.0	
547.0	
539.0	
530.0	
522.0	
522.0	
534.0	
525.0	
511.0	
513.0	
508.0	
516.0	
523.0	
520.0	
513.0	
514.0	
509.0	
511.0	
499.0	
502.0	
487.0	
484.0	
488.0	
462.0	
465.0	
460.0	
461.0	
451.0	
456.0	
452.0	
440.0	
443.0	
435.0	
430.0	
412.0	
407.0	
406.0	
398.0	
413.0	
391.0	
382.0	
384.0	
376.0	
367.0	
374.0	
375.0	
352.0	
339.0	
333.0	
332.0	
332.0	
328.0	
327.0	
311.0	
298.0	
291.0	
283.0	
270.0	
272.0	
250.0	
253.0	
228.0	
227.0	
245.0	
231.0	
196.0	
203.0	
199.0	
197.0	
199.0	
189.0	
183.0	
174.0	
164.0	
145.0	
128.0	
129.0	
124.0	
107.0	
115.0	
103.0	
87.0	
81.0	
83.0	
75.0	
63.0	
50.0	
36.0	
33.0	
24.0	
19.0	
15.0	
19.0	
-1.0	
-11.0	
-7.0	
-6.0	
-26.0	
-30.0	
-34.0	
-35.0	
-46.0	
-71.0	
-71.0	
-74.0	
-62.0	
-81.0	
-91.0	
-88.0	
-107.0	
-116.0	
-111.0	
-122.0	
-128.0	
-141.0	
-151.0	
-154.0	
-164.0	
-167.0	
-174.0	
-179.0	
-193.0	
-202.0	
-202.0	
-203.0	
-214.0	
-217.0	
-232.0	
-235.0	
-224.0	
-249.0	
-262.0	
-276.0	
-256.0	
-256.0	
-277.0	
-278.0	
-278.0	
-283.0	
-298.0	
-295.0	
-290.0	
-291.0	
-312.0	
-316.0	
-325.0	
-330.0	
-322.0	
-335.0	
-341.0	
-340.0	
-346.0	
-354.0	
-357.0	
-349.0	
-351.0	
-365.0	
-364.0	
-374.0	
-386.0	
-390.0	
-375.0	
-378.0	
-386.0	
-382.0	
-384.0	
-415.0	
-407.0	
-406.0	
-411.0	
-410.0	
-412.0	
-427.0	
-419.0	
-416.0	
-427.0	
-434.0	
-428.0	
-428.0	
-419.0	
-419.0	
-431.0	
-435.0	
-439.0	
-431.0	
-424.0	
-421.0	
-431.0	
-434.0	
-434.0	
-436.0	
-440.0	
-451.0	
-465.0	
-456.0	
-436.0	
-440.0	
-452.0	
-436.0	
-445.0	
-444.0	
-432.0	
-436.0	
-434.0	
-444.0	
-433.0	
-434.0	
-432.0	
-425.0	
-419.0	
-419.0	
-422.0	
-417.0	
-411.0	
-408.0	
-424.0	
-423.0	
-412.0	
-414.0	
-394.0	
-392.0	
-404.0	
-399.0	
-405.0	
-401.0	
-392.0	
-399.0	
-402.0	
-399.0	
-397.0	
-369.0	
-363.0	
-375.0	
-366.0	
-350.0	
-361.0	
-353.0	
-336.0	
-341.0	
-346.0	
-337.0	
-323.0	
-313.0	
-314.0	
-308.0	
-311.0	
-293.0	
-285.0	
-290.0	
-280.0	
-267.0	
-271.0	
-277.0	
-273.0	
-280.0	
-272.0	
-266.0	
-251.0	
-243.0	
-245.0	
-237.0	
-222.0	
-228.0	
-230.0	
-216.0	
-197.0	
-193.0	
-189.0	
-177.0	
-178.0	
-174.0	
-160.0	
-156.0	
-159.0	
-134.0	
-138.0	
-148.0	
-134.0	
-117.0	
-123.0	
-120.0	
-117.0	
-92.0	
-102.0	
-93.0	
-84.0	
-71.0	
-69.0	
-74.0	
-62.0	
-48.0	
-50.0	
-43.0	
-33.0	
-31.0	
-27.0	
-29.0	
-25.0	
4.0	
18.0	
16.0	
21.0	
13.0	
-7.0	
10.0	
24.0	
24.0	
39.0	
46.0	
54.0	
61.0	
64.0	
80.0	
81.0	
75.0	
84.0	
90.0	
88.0	
94.0	
93.0	
107.0	
102.0	
120.0	
122.0	
124.0	
128.0	
138.0	
144.0	
148.0	
138.0	
149.0	
152.0	
149.0	
167.0	
175.0	
157.0	
159.0	
179.0	
189.0	
175.0	
191.0	
204.0	
197.0	
202.0	
198.0	
217.0	
214.0	
212.0	
210.0	
222.0	
217.0	
225.0	
224.0	
228.0	
225.0	
227.0	
225.0	
220.0	
224.0	
229.0	
244.0	
257.0	
263.0	
251.0	
253.0	
253.0	
236.0	
253.0	
241.0	
257.0	
247.0	
244.0	
257.0	
243.0	
258.0	
253.0	
258.0	
250.0	
251.0	
261.0	
267.0	
269.0	
254.0	
262.0	
265.0	
264.0	
262.0	
260.0	
262.0	
260.0	
253.0	
261.0	
254.0	
247.0	
258.0	
247.0	
237.0	
250.0	
268.0	
250.0	
239.0	
244.0	
245.0	
249.0	
247.0	
242.0	
244.0	
235.0	
233.0	
233.0	
236.0	
215.0	
222.0	
239.0	
222.0	
235.0	
225.0	
224.0	
232.0	
223.0	
215.0	
218.0	
220.0	
222.0	
203.0	
202.0	
208.0	
224.0	
215.0	
207.0	
202.0	
197.0	
186.0	
183.0	
186.0	
184.0	
167.0	
161.0	
178.0	
174.0	
166.0	
167.0	
161.0	
148.0	
149.0	
164.0	
136.0	
132.0	
134.0	
139.0	
140.0	
143.0	
137.0	
133.0	
108.0	
136.0	
121.0	
111.0	
105.0	
106.0	
97.0	
90.0	
86.0	
82.0	
89.0	
94.0	
78.0	
72.0	
73.0	
68.0	
72.0	
63.0	
53.0	
54.0	
55.0	
45.0	
30.0	
47.0	
39.0	
33.0	
34.0	
29.0	
31.0	
31.0	
20.0	
16.0	
17.0	
25.0	
18.0	
-1.0	
3.0	
15.0	
