93.0	
84.0	
107.0	
110.0	
101.0	
108.0	
114.0	
123.0	
149.0	
135.0	
133.0	
151.0	
147.0	
169.0	
173.0	
168.0	
176.0	
183.0	
176.0	
177.0	
171.0	
170.0	
187.0	
183.0	
183.0	
179.0	
189.0	
197.0	
192.0	
206.0	
195.0	
202.0	
202.0	
196.0	
190.0	
202.0	
209.0	
213.0	
211.0	
209.0	
212.0	
191.0	
167.0	
176.0	
190.0	
190.0	
180.0	
194.0	
208.0	
194.0	
197.0	
193.0	
201.0	
208.0	
196.0	
191.0	
195.0	
176.0	
174.0	
172.0	
156.0	
154.0	
157.0	
155.0	
138.0	
145.0	
147.0	
138.0	
125.0	
115.0	
128.0	
130.0	
123.0	
120.0	
103.0	
87.0	
98.0	
97.0	
88.0	
91.0	
86.0	
90.0	
80.0	
63.0	
84.0	
75.0	
60.0	
63.0	
64.0	
69.0	
50.0	
34.0	
44.0	
43.0	
34.0	
31.0	
39.0	
52.0	
45.0	
38.0	
43.0	
34.0	
22.0	
25.0	
10.0	
10.0	
11.0	
16.0	
11.0	
6.0	
10.0	
2.0	
-3.0	
8.0	
0.0	
-7.0	
-14.0	
-22.0	
-32.0	
-32.0	
-26.0	
-34.0	
-46.0	
-35.0	
-31.0	
-31.0	
-44.0	
-44.0	
-51.0	
-55.0	
-43.0	
-62.0	
-76.0	
-71.0	
-71.0	
-73.0	
-86.0	
-82.0	
-78.0	
-78.0	
-84.0	
-92.0	
-99.0	
-108.0	
-105.0	
-115.0	
-123.0	
-128.0	
-122.0	
-117.0	
-112.0	
-128.0	
-137.0	
-114.0	
-125.0	
-137.0	
-158.0	
-146.0	
-141.0	
-145.0	
-144.0	
-147.0	
-153.0	
-157.0	
-146.0	
-166.0	
-178.0	
-177.0	
-172.0	
-177.0	
-184.0	
-188.0	
-191.0	
-187.0	
-183.0	
-201.0	
-216.0	
-211.0	
-209.0	
-224.0	
-213.0	
-214.0	
-223.0	
-208.0	
-215.0	
-219.0	
-223.0	
-222.0	
-222.0	
-217.0	
-211.0	
-215.0	
-216.0	
-214.0	
-207.0	
-224.0	
-219.0	
-194.0	
-217.0	
-205.0	
-210.0	
-220.0	
-208.0	
-206.0	
-187.0	
-177.0	
-190.0	
-196.0	
-186.0	
-187.0	
-182.0	
-176.0	
-163.0	
-160.0	
-163.0	
-170.0	
-163.0	
-154.0	
-151.0	
-151.0	
-137.0	
-136.0	
-126.0	
-117.0	
-121.0	
-105.0	
-108.0	
-122.0	
-109.0	
-98.0	
-100.0	
-85.0	
-71.0	
-63.0	
-65.0	
-65.0	
-58.0	
-56.0	
-47.0	
-46.0	
-42.0	
-26.0	
-26.0	
-16.0	
-3.0	
1.0	
0.0	
-5.0	
22.0	
26.0	
20.0	
23.0	
34.0	
52.0	
46.0	
39.0	
38.0	
36.0	
42.0	
55.0	
70.0	
68.0	
70.0	
69.0	
73.0	
95.0	
91.0	
89.0	
92.0	
106.0	
95.0	
85.0	
92.0	
98.0	
97.0	
102.0	
104.0	
104.0	
124.0	
122.0	
116.0	
113.0	
126.0	
115.0	
118.0	
117.0	
123.0	
134.0	
128.0	
114.0	
111.0	
120.0	
112.0	
121.0	
129.0	
129.0	
122.0	
116.0	
117.0	
112.0	
115.0	
109.0	
110.0	
108.0	
113.0	
112.0	
108.0	
110.0	
118.0	
111.0	
116.0	
114.0	
108.0	
105.0	
119.0	
122.0	
122.0	
105.0	
112.0	
108.0	
111.0	
109.0	
108.0	
102.0	
102.0	
107.0	
109.0	
126.0	
120.0	
116.0	
124.0	
116.0	
100.0	
108.0	
107.0	
110.0	
108.0	
108.0	
111.0	
105.0	
105.0	
99.0	
89.0	
96.0	
101.0	
90.0	
92.0	
91.0	
94.0	
86.0	
85.0	
81.0	
75.0	
78.0	
78.0	
75.0	
79.0	
