-133.0	
-106.0	
-91.0	
-84.0	
-59.0	
-51.0	
-16.0	
0.0	
10.0	
26.0	
50.0	
74.0	
100.0	
111.0	
122.0	
158.0	
151.0	
193.0	
197.0	
213.0	
239.0	
252.0	
274.0	
303.0	
320.0	
338.0	
351.0	
373.0	
387.0	
410.0	
424.0	
428.0	
463.0	
481.0	
493.0	
510.0	
534.0	
559.0	
577.0	
592.0	
598.0	
622.0	
637.0	
660.0	
666.0	
665.0	
705.0	
724.0	
728.0	
755.0	
765.0	
780.0	
787.0	
806.0	
845.0	
846.0	
850.0	
859.0	
873.0	
903.0	
913.0	
930.0	
943.0	
948.0	
958.0	
990.0	
1005.0	
1008.0	
1015.0	
1017.0	
1038.0	
1048.0	
1060.0	
1074.0	
1075.0	
1079.0	
1095.0	
1107.0	
1123.0	
1132.0	
1142.0	
1162.0	
1177.0	
1173.0	
1170.0	
1172.0	
1183.0	
1182.0	
1180.0	
1199.0	
1215.0	
1209.0	
1205.0	
1221.0	
1230.0	
1245.0	
1235.0	
1241.0	
1246.0	
1244.0	
1250.0	
1261.0	
1264.0	
1258.0	
1260.0	
1284.0	
1262.0	
1268.0	
1276.0	
1279.0	
1274.0	
1279.0	
1284.0	
1285.0	
1291.0	
1278.0	
1265.0	
1264.0	
1270.0	
1275.0	
1268.0	
1260.0	
1253.0	
1266.0	
1260.0	
1239.0	
1233.0	
1234.0	
1226.0	
1220.0	
1220.0	
1208.0	
1212.0	
1205.0	
1198.0	
1199.0	
1176.0	
1179.0	
1170.0	
1158.0	
1170.0	
1155.0	
1139.0	
1148.0	
1135.0	
1118.0	
1119.0	
1111.0	
1097.0	
1080.0	
1063.0	
1057.0	
1053.0	
1029.0	
1018.0	
1020.0	
995.0	
987.0	
975.0	
965.0	
957.0	
942.0	
924.0	
916.0	
911.0	
900.0	
891.0	
869.0	
854.0	
841.0	
824.0	
813.0	
812.0	
803.0	
780.0	
762.0	
747.0	
735.0	
711.0	
700.0	
704.0	
687.0	
663.0	
650.0	
635.0	
615.0	
604.0	
586.0	
576.0	
571.0	
535.0	
518.0	
508.0	
496.0	
476.0	
456.0	
439.0	
421.0	
417.0	
398.0	
385.0	
351.0	
345.0	
342.0	
307.0	
286.0	
292.0	
270.0	
234.0	
215.0	
201.0	
190.0	
180.0	
137.0	
121.0	
127.0	
107.0	
94.0	
67.0	
50.0	
38.0	
15.0	
16.0	
-7.0	
-32.0	
-34.0	
-60.0	
-72.0	
-77.0	
-107.0	
-131.0	
-130.0	
-149.0	
-175.0	
-185.0	
-198.0	
-207.0	
-230.0	
-248.0	
-268.0	
-285.0	
-302.0	
-307.0	
-316.0	
-351.0	
-362.0	
-375.0	
-387.0	
-397.0	
-410.0	
-415.0	
-429.0	
-460.0	
-466.0	
-481.0	
-484.0	
-512.0	
-530.0	
-541.0	
-565.0	
-583.0	
-583.0	
-584.0	
-595.0	
-621.0	
-628.0	
-631.0	
-650.0	
-654.0	
-679.0	
-693.0	
-693.0	
-708.0	
-723.0	
-730.0	
-754.0	
-760.0	
-780.0	
-788.0	
-792.0	
-801.0	
-809.0	
-830.0	
-831.0	
-828.0	
-839.0	
-852.0	
-854.0	
-861.0	
-874.0	
-886.0	
-889.0	
-890.0	
-897.0	
-911.0	
-914.0	
-941.0	
-959.0	
-943.0	
-951.0	
-965.0	
-970.0	
-972.0	
-980.0	
-982.0	
-996.0	
-1001.0	
-1003.0	
-1005.0	
-1000.0	
-1017.0	
-1031.0	
-1039.0	
-1037.0	
-1036.0	
-1035.0	
-1054.0	
-1049.0	
-1048.0	
-1061.0	
-1069.0	
-1054.0	
-1037.0	
-1055.0	
-1046.0	
-1055.0	
-1057.0	
-1065.0	
-1061.0	
-1054.0	
-1059.0	
-1082.0	
-1070.0	
-1083.0	
-1088.0	
-1088.0	
-1085.0	
-1088.0	
-1085.0	
-1083.0	
-1078.0	
-1074.0	
-1082.0	
-1081.0	
-1077.0	
-1070.0	
-1074.0	
-1070.0	
-1069.0	
-1066.0	
-1066.0	
-1061.0	
-1056.0	
-1062.0	
-1065.0	
-1057.0	
-1056.0	
-1032.0	
-1036.0	
-1050.0	
-1033.0	
-1034.0	
-1038.0	
-1025.0	
-1023.0	
-1026.0	
-1031.0	
-1016.0	
-1000.0	
-991.0	
-995.0	
-988.0	
-969.0	
-985.0	
-968.0	
-958.0	
-949.0	
-943.0	
-950.0	
-942.0	
-916.0	
-916.0	
-900.0	
-907.0	
-900.0	
-886.0	
-869.0	
-882.0	
-881.0	
-863.0	
-837.0	
-855.0	
-826.0	
-815.0	
-817.0	
-808.0	
-795.0	
-789.0	
-796.0	
-776.0	
-781.0	
-766.0	
-743.0	
-737.0	
-730.0	
-721.0	
-712.0	
-710.0	
-706.0	
-674.0	
-664.0	
-654.0	
-635.0	
-621.0	
-610.0	
-605.0	
-592.0	
-581.0	
-576.0	
-555.0	
-553.0	
-545.0	
-535.0	
-517.0	
-517.0	
-496.0	
-487.0	
-480.0	
-459.0	
-442.0	
-425.0	
-409.0	
-405.0	
-390.0	
-383.0	
-371.0	
-354.0	
-342.0	
-331.0	
-310.0	
-308.0	
-290.0	
-282.0	
-268.0	
-253.0	
-246.0	
-231.0	
-202.0	
-199.0	
-189.0	
-179.0	
-162.0	
-153.0	
-140.0	
-126.0	
-118.0	
-103.0	
-75.0	
-61.0	
-57.0	
-38.0	
-31.0	
-16.0	
0.0	
14.0	
28.0	
54.0	
76.0	
69.0	
78.0	
94.0	
111.0	
117.0	
131.0	
141.0	
167.0	
169.0	
185.0	
194.0	
203.0	
222.0	
251.0	
253.0	
255.0	
267.0	
283.0	
298.0	
318.0	
337.0	
353.0	
368.0	
360.0	
367.0	
392.0	
401.0	
408.0	
426.0	
439.0	
452.0	
470.0	
474.0	
476.0	
497.0	
513.0	
512.0	
527.0	
517.0	
525.0	
548.0	
549.0	
565.0	
570.0	
583.0	
592.0	
597.0	
611.0	
623.0	
623.0	
629.0	
633.0	
655.0	
661.0	
675.0	
693.0	
691.0	
691.0	
701.0	
701.0	
715.0	
710.0	
729.0	
731.0	
733.0	
749.0	
755.0	
752.0	
766.0	
763.0	
767.0	
782.0	
778.0	
786.0	
791.0	
794.0	
789.0	
789.0	
803.0	
802.0	
797.0	
804.0	
815.0	
823.0	
818.0	
819.0	
828.0	
843.0	
834.0	
843.0	
851.0	
854.0	
856.0	
846.0	
847.0	
854.0	
860.0	
844.0	
836.0	
850.0	
847.0	
845.0	
855.0	
852.0	
845.0	
845.0	
849.0	
850.0	
834.0	
845.0	
843.0	
836.0	
838.0	
823.0	
833.0	
827.0	
827.0	
831.0	
831.0	
826.0	
813.0	
817.0	
811.0	
811.0	
806.0	
794.0	
792.0	
791.0	
778.0	
775.0	
771.0	
776.0	
775.0	
776.0	
773.0	
763.0	
760.0	
739.0	
740.0	
735.0	
718.0	
703.0	
707.0	
721.0	
724.0	
703.0	
700.0	
684.0	
697.0	
688.0	
689.0	
676.0	
649.0	
647.0	
644.0	
655.0	
648.0	
634.0	
611.0	
614.0	
617.0	
600.0	
593.0	
580.0	
581.0	
572.0	
563.0	
574.0	
560.0	
555.0	
543.0	
535.0	
519.0	
499.0	
494.0	
500.0	
501.0	
485.0	
471.0	
458.0	
449.0	
454.0	
450.0	
444.0	
435.0	
435.0	
415.0	
404.0	
398.0	
400.0	
387.0	
375.0	
373.0	
356.0	
356.0	
334.0	
332.0	
332.0	
312.0	
317.0	
316.0	
305.0	
298.0	
280.0	
285.0	
273.0	
274.0	
263.0	
247.0	
229.0	
241.0	
239.0	
232.0	
232.0	
223.0	
219.0	
214.0	
199.0	
197.0	
192.0	
168.0	
160.0	
165.0	
149.0	
145.0	
151.0	
147.0	
138.0	
133.0	
124.0	
120.0	
120.0	
106.0	
113.0	
97.0	
90.0	
102.0	
90.0	
85.0	
76.0	
58.0	
62.0	
51.0	
40.0	
58.0	
48.0	
46.0	
36.0	
33.0	
31.0	
