283.0	
278.0	
270.0	
247.0	
246.0	
238.0	
214.0	
197.0	
179.0	
177.0	
169.0	
143.0	
148.0	
137.0	
123.0	
101.0	
98.0	
81.0	
73.0	
66.0	
52.0	
50.0	
33.0	
16.0	
21.0	
14.0	
15.0	
5.0	
2.0	
13.0	
1.0	
-13.0	
-13.0	
-8.0	
-4.0	
-1.0	
-4.0	
-2.0	
8.0	
4.0	
9.0	
17.0	
23.0	
26.0	
37.0	
39.0	
48.0	
68.0	
75.0	
83.0	
106.0	
99.0	
115.0	
139.0	
143.0	
155.0	
181.0	
186.0	
187.0	
212.0	
215.0	
234.0	
251.0	
278.0	
283.0	
294.0	
313.0	
327.0	
345.0	
353.0	
367.0	
385.0	
386.0	
396.0	
425.0	
440.0	
448.0	
456.0	
474.0	
490.0	
489.0	
492.0	
498.0	
521.0	
532.0	
532.0	
539.0	
555.0	
563.0	
569.0	
570.0	
578.0	
580.0	
594.0	
596.0	
590.0	
591.0	
591.0	
593.0	
593.0	
610.0	
594.0	
583.0	
580.0	
595.0	
588.0	
572.0	
561.0	
554.0	
554.0	
535.0	
535.0	
523.0	
514.0	
515.0	
492.0	
486.0	
478.0	
471.0	
474.0	
450.0	
441.0	
437.0	
418.0	
401.0	
394.0	
372.0	
355.0	
352.0	
337.0	
331.0	
322.0	
307.0	
283.0	
283.0	
278.0	
268.0	
260.0	
242.0	
231.0	
210.0	
201.0	
204.0	
198.0	
183.0	
178.0	
182.0	
183.0	
169.0	
166.0	
168.0	
161.0	
168.0	
159.0	
149.0	
143.0	
153.0	
156.0	
150.0	
152.0	
153.0	
162.0	
162.0	
158.0	
174.0	
173.0	
183.0	
195.0	
189.0	
188.0	
201.0	
193.0	
210.0	
212.0	
205.0	
203.0	
218.0	
234.0	
240.0	
239.0	
246.0	
260.0	
276.0	
278.0	
284.0	
284.0	
297.0	
298.0	
