366.0	
365.0	
369.0	
380.0	
380.0	
388.0	
374.0	
379.0	
381.0	
391.0	
390.0	
400.0	
397.0	
394.0	
404.0	
421.0	
417.0	
424.0	
426.0	
432.0	
432.0	
423.0	
420.0	
431.0	
432.0	
431.0	
435.0	
439.0	
448.0	
439.0	
437.0	
450.0	
463.0	
449.0	
449.0	
461.0	
466.0	
451.0	
451.0	
465.0	
463.0	
462.0	
455.0	
460.0	
468.0	
461.0	
459.0	
473.0	
451.0	
443.0	
457.0	
466.0	
466.0	
464.0	
460.0	
456.0	
457.0	
464.0	
461.0	
452.0	
456.0	
452.0	
460.0	
456.0	
458.0	
447.0	
447.0	
455.0	
456.0	
462.0	
447.0	
446.0	
425.0	
427.0	
434.0	
438.0	
441.0	
425.0	
436.0	
438.0	
434.0	
415.0	
418.0	
421.0	
418.0	
410.0	
409.0	
412.0	
417.0	
402.0	
404.0	
411.0	
406.0	
383.0	
394.0	
385.0	
382.0	
394.0	
385.0	
379.0	
377.0	
375.0	
371.0	
374.0	
365.0	
360.0	
360.0	
366.0	
367.0	
359.0	
355.0	
340.0	
345.0	
331.0	
345.0	
336.0	
327.0	
326.0	
318.0	
309.0	
306.0	
306.0	
301.0	
300.0	
298.0	
291.0	
276.0	
299.0	
286.0	
274.0	
275.0	
275.0	
256.0	
242.0	
246.0	
245.0	
254.0	
241.0	
245.0	
241.0	
222.0	
212.0	
223.0	
223.0	
212.0	
193.0	
188.0	
187.0	
185.0	
187.0	
182.0	
190.0	
188.0	
168.0	
155.0	
156.0	
141.0	
145.0	
151.0	
145.0	
140.0	
127.0	
123.0	
122.0	
120.0	
120.0	
116.0	
111.0	
99.0	
104.0	
109.0	
103.0	
86.0	
89.0	
82.0	
76.0	
64.0	
46.0	
60.0	
65.0	
44.0	
41.0	
46.0	
58.0	
47.0	
33.0	
31.0	
33.0	
14.0	
14.0	
14.0	
12.0	
7.0	
0.0	
2.0	
9.0	
-10.0	
-8.0	
-12.0	
-12.0	
-33.0	
-35.0	
-25.0	
-42.0	
-44.0	
-57.0	
-55.0	
-51.0	
-52.0	
-53.0	
-68.0	
-70.0	
-67.0	
-76.0	
-70.0	
-62.0	
-77.0	
-79.0	
-68.0	
-76.0	
-92.0	
-101.0	
-102.0	
-96.0	
-103.0	
-105.0	
-109.0	
-111.0	
-107.0	
-125.0	
-135.0	
-127.0	
-130.0	
-122.0	
-125.0	
-140.0	
-135.0	
-143.0	
-139.0	
-139.0	
-141.0	
-137.0	
-144.0	
-134.0	
-130.0	
-138.0	
-155.0	
-170.0	
-151.0	
-142.0	
-153.0	
-166.0	
-172.0	
-157.0	
-156.0	
-163.0	
-167.0	
-167.0	
-162.0	
-171.0	
-185.0	
-187.0	
-180.0	
-190.0	
-184.0	
-194.0	
-193.0	
-181.0	
-187.0	
-197.0	
-198.0	
-191.0	
-186.0	
-179.0	
-199.0	
-196.0	
-205.0	
-192.0	
-198.0	
-192.0	
-199.0	
-200.0	
-204.0	
-208.0	
-195.0	
-197.0	
-201.0	
-203.0	
-212.0	
-213.0	
-205.0	
-208.0	
-211.0	
-208.0	
-212.0	
-199.0	
-210.0	
-216.0	
-223.0	
-209.0	
-204.0	
-215.0	
-219.0	
-215.0	
-206.0	
-210.0	
-206.0	
-215.0	
-209.0	
-202.0	
-203.0	
-206.0	
-216.0	
-207.0	
-204.0	
-217.0	
-224.0	
-220.0	
-209.0	
-203.0	
-213.0	
-218.0	
-229.0	
-209.0	
-209.0	
-208.0	
-210.0	
-210.0	
-201.0	
-205.0	
-206.0	
-208.0	
-217.0	
-222.0	
-222.0	
-211.0	
-217.0	
-211.0	
-221.0	
-218.0	
-208.0	
-205.0	
-201.0	
-196.0	
-192.0	
-195.0	
-194.0	
-196.0	
-190.0	
-190.0	
-194.0	
-191.0	
-205.0	
-206.0	
-178.0	
-181.0	
-178.0	
-186.0	
-182.0	
-165.0	
-169.0	
-173.0	
-170.0	
-178.0	
-175.0	
-178.0	
-167.0	
-154.0	
-151.0	
-150.0	
-146.0	
-149.0	
-161.0	
-155.0	
-147.0	
-141.0	
-140.0	
-151.0	
-146.0	
-142.0	
-133.0	
-143.0	
-122.0	
-114.0	
-120.0	
-117.0	
-105.0	
-111.0	
-110.0	
-115.0	
-100.0	
-103.0	
-98.0	
-88.0	
-82.0	
-85.0	
-81.0	
-68.0	
-73.0	
-73.0	
-59.0	
-71.0	
-78.0	
-67.0	
-48.0	
-55.0	
-58.0	
-54.0	
-35.0	
-43.0	
-58.0	
-53.0	
-43.0	
-25.0	
-31.0	
-19.0	
-32.0	
-21.0	
-21.0	
-27.0	
-5.0	
-6.0	
1.0	
2.0	
8.0	
13.0	
13.0	
6.0	
7.0	
19.0	
21.0	
33.0	
44.0	
40.0	
39.0	
37.0	
44.0	
50.0	
42.0	
57.0	
57.0	
55.0	
64.0	
71.0	
80.0	
80.0	
88.0	
79.0	
89.0	
94.0	
93.0	
97.0	
99.0	
95.0	
103.0	
98.0	
98.0	
107.0	
108.0	
114.0	
117.0	
127.0	
121.0	
119.0	
137.0	
146.0	
150.0	
146.0	
155.0	
163.0	
158.0	
149.0	
165.0	
168.0	
162.0	
156.0	
160.0	
167.0	
170.0	
182.0	
174.0	
184.0	
195.0	
204.0	
203.0	
214.0	
206.0	
206.0	
197.0	
202.0	
213.0	
223.0	
229.0	
231.0	
226.0	
227.0	
226.0	
209.0	
223.0	
244.0	
235.0	
231.0	
228.0	
240.0	
243.0	
252.0	
252.0	
249.0	
245.0	
249.0	
252.0	
253.0	
258.0	
259.0	
273.0	
268.0	
262.0	
277.0	
259.0	
262.0	
274.0	
272.0	
276.0	
274.0	
292.0	
285.0	
287.0	
293.0	
287.0	
275.0	
293.0	
283.0	
287.0	
283.0	
271.0	
285.0	
283.0	
293.0	
292.0	
291.0	
295.0	
279.0	
287.0	
294.0	
297.0	
298.0	
301.0	
297.0	
301.0	
307.0	
295.0	
309.0	
294.0	
307.0	
297.0	
294.0	
302.0	
288.0	
295.0	
308.0	
311.0	
295.0	
288.0	
290.0	
299.0	
289.0	
283.0	
294.0	
297.0	
306.0	
303.0	
303.0	
296.0	
299.0	
284.0	
284.0	
293.0	
277.0	
281.0	
284.0	
293.0	
284.0	
280.0	
287.0	
289.0	
286.0	
281.0	
277.0	
291.0	
297.0	
297.0	
297.0	
288.0	
277.0	
273.0	
276.0	
262.0	
259.0	
266.0	
259.0	
257.0	
262.0	
256.0	
260.0	
268.0	
268.0	
264.0	
253.0	
247.0	
246.0	
248.0	
242.0	
229.0	
234.0	
251.0	
236.0	
237.0	
235.0	
226.0	
213.0	
228.0	
228.0	
225.0	
225.0	
217.0	
226.0	
223.0	
212.0	
218.0	
219.0	
221.0	
214.0	
219.0	
223.0	
212.0	
206.0	
209.0	
210.0	
192.0	
194.0	
212.0	
201.0	
185.0	
193.0	
189.0	
194.0	
199.0	
189.0	
178.0	
170.0	
176.0	
170.0	
165.0	
176.0	
171.0	
161.0	
160.0	
151.0	
154.0	
153.0	
161.0	
158.0	
160.0	
167.0	
157.0	
155.0	
141.0	
130.0	
141.0	
148.0	
145.0	
135.0	
132.0	
126.0	
128.0	
124.0	
123.0	
119.0	
126.0	
118.0	
103.0	
110.0	
110.0	
104.0	
104.0	
108.0	
98.0	
106.0	
106.0	
85.0	
101.0	
95.0	
74.0	
71.0	
74.0	
81.0	
83.0	
68.0	
76.0	
66.0	
58.0	
69.0	
62.0	
57.0	
62.0	
58.0	
52.0	
60.0	
60.0	
53.0	
43.0	
39.0	
47.0	
46.0	
46.0	
41.0	
31.0	
26.0	
32.0	
34.0	
28.0	
17.0	
31.0	
31.0	
21.0	
4.0	
7.0	
15.0	
14.0	
11.0	
5.0	
-1.0	
-8.0	
-11.0	
-12.0	
-8.0	
2.0	
-4.0	
0.0	
-9.0	
-19.0	
-22.0	
-15.0	
-17.0	
-9.0	
-19.0	
-20.0	
-38.0	
-30.0	
-33.0	
-34.0	
-34.0	
-38.0	
-35.0	
-39.0	
-28.0	
-30.0	
-33.0	
-42.0	
-41.0	
-36.0	
-36.0	
-38.0	
-39.0	
-48.0	
-45.0	
-37.0	
-41.0	
-49.0	
-50.0	
-55.0	
-63.0	
-66.0	
-58.0	
-59.0	
-70.0	
-64.0	
-59.0	
-69.0	
-52.0	
-56.0	
-66.0	
-56.0	
-67.0	
-82.0	
-78.0	
-71.0	
-92.0	
-75.0	
-69.0	
-64.0	
-72.0	
-68.0	
-81.0	
-66.0	
-64.0	
-67.0	
-86.0	
-82.0	
-74.0	
-92.0	
-88.0	
-88.0	
-87.0	
-87.0	
-87.0	
-90.0	
-82.0	
-83.0	
-88.0	
-81.0	
-87.0	
-87.0	
-82.0	
-80.0	
-74.0	
-76.0	
-82.0	
-91.0	
-89.0	
-102.0	
-95.0	
-93.0	
-96.0	
-100.0	
-92.0	
-94.0	
-97.0	
-106.0	
-105.0	
-95.0	
-103.0	
-96.0	
-92.0	
-94.0	
-76.0	
-106.0	
-100.0	
-75.0	
-92.0	
-85.0	
-85.0	
-93.0	
-99.0	
-101.0	
-92.0	
-99.0	
-98.0	
-89.0	
-81.0	
-96.0	
-98.0	
-94.0	
-94.0	
-92.0	
-101.0	
-101.0	
-97.0	
-92.0	
-85.0	
-80.0	
-96.0	
-93.0	
-99.0	
-102.0	
-83.0	
-79.0	
-83.0	
-86.0	
-82.0	
-77.0	
-70.0	
-71.0	
-69.0	
-78.0	
-84.0	
-84.0	
-78.0	
-91.0	
-79.0	
-87.0	
-87.0	
-81.0	
-75.0	
-71.0	
-69.0	
-61.0	
-73.0	
-73.0	
-64.0	
-68.0	
-71.0	
-61.0	
-74.0	
-88.0	
-69.0	
-74.0	
-66.0	
-60.0	
-62.0	
-59.0	
-51.0	
-51.0	
-66.0	
-55.0	
-40.0	
-57.0	
-65.0	
-54.0	
-64.0	
-61.0	
-65.0	
-39.0	
-29.0	
-37.0	
-33.0	
-44.0	
-48.0	
-47.0	
-42.0	
-34.0	
-24.0	
-29.0	
-16.0	
-24.0	
-28.0	
-22.0	
-41.0	
-32.0	
-36.0	
-39.0	
-37.0	
-22.0	
-20.0	
-11.0	
-23.0	
-26.0	
-8.0	
-23.0	
-18.0	
-8.0	
-16.0	
-28.0	
-14.0	
-18.0	
-9.0	
-13.0	
-33.0	
-9.0	
-3.0	
-14.0	
-9.0	
-4.0	
-2.0	
-1.0	
-3.0	
3.0	
3.0	
7.0	
11.0	
1.0	
4.0	
13.0	
18.0	
12.0	
15.0	
24.0	
19.0	
13.0	
16.0	
27.0	
33.0	
41.0	
38.0	
28.0	
34.0	
28.0	
25.0	
27.0	
16.0	
29.0	
43.0	
43.0	
46.0	
42.0	
34.0	
42.0	
