-7.0	
7.0	
19.0	
23.0	
25.0	
31.0	
30.0	
35.0	
43.0	
41.0	
43.0	
57.0	
48.0	
69.0	
75.0	
72.0	
70.0	
78.0	
98.0	
87.0	
96.0	
100.0	
114.0	
110.0	
112.0	
124.0	
143.0	
138.0	
139.0	
147.0	
149.0	
139.0	
147.0	
160.0	
159.0	
157.0	
166.0	
173.0	
166.0	
177.0	
184.0	
200.0	
190.0	
186.0	
194.0	
201.0	
212.0	
219.0	
223.0	
230.0	
217.0	
233.0	
248.0	
240.0	
245.0	
247.0	
250.0	
270.0	
268.0	
273.0	
277.0	
284.0	
288.0	
289.0	
298.0	
314.0	
309.0	
306.0	
313.0	
326.0	
327.0	
327.0	
337.0	
340.0	
341.0	
339.0	
348.0	
354.0	
356.0	
362.0	
377.0	
375.0	
374.0	
378.0	
387.0	
399.0	
404.0	
403.0	
410.0	
419.0	
421.0	
427.0	
429.0	
424.0	
431.0	
426.0	
436.0	
440.0	
434.0	
442.0	
459.0	
461.0	
441.0	
450.0	
456.0	
451.0	
449.0	
460.0	
465.0	
455.0	
462.0	
463.0	
464.0	
459.0	
460.0	
465.0	
466.0	
454.0	
443.0	
455.0	
460.0	
447.0	
451.0	
444.0	
448.0	
443.0	
450.0	
446.0	
432.0	
426.0	
427.0	
418.0	
427.0	
428.0	
411.0	
422.0	
410.0	
402.0	
394.0	
390.0	
380.0	
379.0	
365.0	
363.0	
376.0	
378.0	
362.0	
332.0	
335.0	
346.0	
332.0	
312.0	
302.0	
308.0	
293.0	
283.0	
277.0	
267.0	
257.0	
244.0	
224.0	
223.0	
214.0	
214.0	
187.0	
183.0	
168.0	
167.0	
143.0	
133.0	
132.0	
117.0	
114.0	
111.0	
91.0	
73.0	
67.0	
63.0	
41.0	
32.0	
16.0	
22.0	
17.0	
3.0	
-6.0	
-23.0	
-26.0	
-45.0	
-64.0	
-67.0	
-78.0	
-89.0	
-93.0	
-108.0	
-124.0	
-129.0	
-123.0	
-144.0	
-157.0	
-150.0	
-176.0	
-194.0	
-202.0	
-219.0	
-229.0	
-220.0	
-227.0	
-237.0	
-238.0	
-261.0	
-263.0	
-271.0	
-277.0	
-285.0	
-286.0	
-287.0	
-305.0	
-318.0	
-325.0	
-322.0	
-334.0	
-325.0	
-336.0	
-343.0	
-346.0	
-359.0	
-366.0	
-352.0	
-360.0	
-355.0	
-363.0	
-372.0	
-376.0	
-377.0	
-379.0	
-376.0	
-388.0	
-399.0	
-393.0	
-374.0	
-380.0	
-379.0	
-388.0	
-396.0	
-400.0	
-392.0	
-399.0	
-404.0	
-391.0	
-393.0	
-390.0	
-394.0	
-389.0	
-394.0	
-389.0	
-376.0	
-385.0	
-379.0	
-383.0	
-377.0	
-370.0	
-369.0	
-372.0	
-367.0	
-376.0	
-366.0	
-364.0	
-356.0	
-361.0	
-356.0	
-349.0	
-344.0	
-341.0	
-343.0	
-338.0	
-328.0	
-318.0	
-310.0	
-310.0	
-306.0	
-307.0	
-287.0	
-289.0	
-283.0	
-282.0	
-292.0	
-268.0	
-260.0	
-277.0	
-264.0	
-247.0	
-245.0	
-250.0	
-250.0	
-230.0	
-223.0	
-227.0	
-233.0	
-218.0	
-211.0	
-197.0	
-195.0	
-191.0	
-193.0	
-190.0	
-182.0	
-160.0	
-167.0	
-142.0	
-140.0	
-153.0	
-142.0	
-134.0	
-123.0	
-127.0	
-113.0	
-101.0	
-95.0	
-84.0	
-79.0	
-75.0	
-68.0	
-73.0	
-61.0	
-49.0	
-46.0	
-50.0	
-55.0	
-40.0	
-28.0	
-23.0	
-14.0	
-11.0	
-18.0	
-5.0	
11.0	
6.0	
6.0	
24.0	
35.0	
49.0	
45.0	
46.0	
44.0	
38.0	
48.0	
55.0	
68.0	
77.0	
79.0	
89.0	
99.0	
104.0	
109.0	
114.0	
111.0	
135.0	
142.0	
133.0	
128.0	
141.0	
156.0	
168.0	
169.0	
161.0	
165.0	
168.0	
168.0	
181.0	
182.0	
177.0	
185.0	
189.0	
186.0	
191.0	
210.0	
203.0	
195.0	
206.0	
221.0	
229.0	
242.0	
254.0	
263.0	
252.0	
243.0	
261.0	
270.0	
259.0	
262.0	
268.0	
287.0	
277.0	
290.0	
288.0	
292.0	
310.0	
302.0	
292.0	
296.0	
306.0	
311.0	
316.0	
311.0	
313.0	
316.0	
322.0	
343.0	
337.0	
329.0	
342.0	
341.0	
353.0	
341.0	
328.0	
338.0	
349.0	
346.0	
354.0	
369.0	
359.0	
362.0	
361.0	
366.0	
367.0	
373.0	
384.0	
385.0	
381.0	
374.0	
376.0	
372.0	
372.0	
365.0	
375.0	
369.0	
371.0	
379.0	
384.0	
387.0	
378.0	
382.0	
384.0	
368.0	
365.0	
383.0	
381.0	
372.0	
370.0	
372.0	
370.0	
386.0	
380.0	
369.0	
374.0	
377.0	
371.0	
364.0	
371.0	
372.0	
363.0	
350.0	
360.0	
370.0	
350.0	
340.0	
338.0	
351.0	
343.0	
347.0	
349.0	
337.0	
337.0	
342.0	
334.0	
328.0	
335.0	
336.0	
324.0	
318.0	
312.0	
319.0	
308.0	
300.0	
298.0	
304.0	
310.0	
294.0	
296.0	
278.0	
294.0	
290.0	
284.0	
273.0	
266.0	
274.0	
267.0	
258.0	
254.0	
246.0	
237.0	
242.0	
236.0	
221.0	
237.0	
233.0	
220.0	
216.0	
223.0	
231.0	
221.0	
224.0	
203.0	
198.0	
197.0	
204.0	
187.0	
173.0	
177.0	
184.0	
175.0	
163.0	
169.0	
150.0	
158.0	
179.0	
165.0	
146.0	
156.0	
153.0	
133.0	
135.0	
137.0	
134.0	
125.0	
128.0	
119.0	
111.0	
109.0	
103.0	
107.0	
110.0	
94.0	
105.0	
97.0	
95.0	
100.0	
83.0	
84.0	
77.0	
75.0	
78.0	
67.0	
76.0	
63.0	
45.0	
51.0	
56.0	
48.0	
45.0	
36.0	
33.0	
25.0	
32.0	
35.0	
27.0	
25.0	
28.0	
11.0	
28.0	
15.0	
