-230.0	
-216.0	
-180.0	
-149.0	
-144.0	
-132.0	
-107.0	
-78.0	
-60.0	
-49.0	
-20.0	
12.0	
42.0	
69.0	
76.0	
110.0	
146.0	
165.0	
171.0	
175.0	
193.0	
211.0	
231.0	
243.0	
237.0	
238.0	
263.0	
262.0	
252.0	
272.0	
280.0	
286.0	
298.0	
299.0	
297.0	
307.0	
305.0	
307.0	
306.0	
302.0	
295.0	
287.0	
279.0	
284.0	
277.0	
268.0	
252.0	
240.0	
216.0	
230.0	
224.0	
214.0	
191.0	
181.0	
174.0	
154.0	
133.0	
118.0	
115.0	
110.0	
79.0	
64.0	
60.0	
55.0	
41.0	
40.0	
18.0	
13.0	
-5.0	
-21.0	
-23.0	
-23.0	
-33.0	
-62.0	
-68.0	
-67.0	
-66.0	
-88.0	
-95.0	
-107.0	
-114.0	
-124.0	
-143.0	
-151.0	
-143.0	
-161.0	
-172.0	
-172.0	
-179.0	
-182.0	
-176.0	
-180.0	
-174.0	
-186.0	
-187.0	
-197.0	
-211.0	
-209.0	
-216.0	
-226.0	
-209.0	
-209.0	
-224.0	
-224.0	
-228.0	
-232.0	
-226.0	
-228.0	
-241.0	
-244.0	
-232.0	
-246.0	
-246.0	
-250.0	
-259.0	
-249.0	
-253.0	
-256.0	
-255.0	
-259.0	
-264.0	
-248.0	
-266.0	
-271.0	
-264.0	
-276.0	
-274.0	
-283.0	
-265.0	
-257.0	
-262.0	
-274.0	
-276.0	
-277.0	
-272.0	
-268.0	
-268.0	
-264.0	
-265.0	
-271.0	
-252.0	
-253.0	
-259.0	
-261.0	
-244.0	
-234.0	
-251.0	
-246.0	
-225.0	
-222.0	
-219.0	
-206.0	
-184.0	
-181.0	
-192.0	
-183.0	
-180.0	
-175.0	
-164.0	
-165.0	
-162.0	
-149.0	
-139.0	
-131.0	
-124.0	
-126.0	
-113.0	
-101.0	
-83.0	
-80.0	
-78.0	
-64.0	
-75.0	
-63.0	
-48.0	
-52.0	
-38.0	
-32.0	
-18.0	
-15.0	
-15.0	
0.0	
0.0	
0.0	
1.0	
22.0	
26.0	
27.0	
35.0	
38.0	
48.0	
52.0	
59.0	
60.0	
72.0	
77.0	
77.0	
76.0	
82.0	
84.0	
80.0	
97.0	
96.0	
99.0	
114.0	
120.0	
130.0	
107.0	
111.0	
115.0	
117.0	
128.0	
138.0	
135.0	
142.0	
148.0	
151.0	
147.0	
162.0	
173.0	
164.0	
174.0	
180.0	
175.0	
178.0	
176.0	
183.0	
180.0	
184.0	
209.0	
204.0	
202.0	
200.0	
195.0	
214.0	
208.0	
205.0	
205.0	
205.0	
208.0	
201.0	
196.0	
202.0	
205.0	
201.0	
202.0	
209.0	
218.0	
208.0	
208.0	
224.0	
211.0	
210.0	
196.0	
206.0	
205.0	
187.0	
197.0	
203.0	
195.0	
207.0	
193.0	
187.0	
188.0	
192.0	
171.0	
179.0	
184.0	
168.0	
175.0	
175.0	
164.0	
155.0	
163.0	
145.0	
155.0	
155.0	
152.0	
145.0	
148.0	
141.0	
132.0	
128.0	
126.0	
129.0	
126.0	
115.0	
