265.0	
297.0	
302.0	
303.0	
309.0	
299.0	
305.0	
305.0	
317.0	
313.0	
299.0	
314.0	
302.0	
288.0	
285.0	
294.0	
296.0	
294.0	
293.0	
289.0	
272.0	
274.0	
269.0	
260.0	
252.0	
247.0	
226.0	
204.0	
206.0	
195.0	
181.0	
157.0	
150.0	
136.0	
116.0	
102.0	
88.0	
72.0	
60.0	
63.0	
45.0	
33.0	
19.0	
2.0	
-13.0	
-31.0	
-32.0	
-30.0	
-36.0	
-56.0	
-52.0	
-65.0	
-84.0	
-82.0	
-73.0	
-81.0	
-81.0	
-95.0	
-103.0	
-100.0	
-101.0	
-107.0	
-99.0	
-91.0	
-108.0	
-104.0	
-112.0	
-109.0	
-110.0	
-115.0	
-113.0	
-121.0	
-122.0	
-127.0	
-129.0	
-113.0	
-117.0	
-127.0	
-133.0	
-131.0	
-121.0	
-136.0	
-149.0	
-135.0	
-127.0	
-130.0	
-140.0	
-139.0	
-136.0	
-143.0	
-142.0	
-134.0	
-146.0	
-146.0	
-135.0	
-143.0	
-150.0	
-160.0	
-164.0	
-152.0	
-133.0	
-130.0	
-136.0	
-129.0	
-132.0	
-133.0	
-123.0	
-127.0	
-126.0	
-124.0	
-119.0	
-112.0	
-101.0	
-91.0	
-91.0	
-97.0	
-86.0	
-90.0	
-77.0	
-74.0	
-69.0	
-58.0	
-53.0	
-52.0	
-39.0	
-33.0	
-23.0	
-21.0	
-15.0	
-14.0	
4.0	
12.0	
4.0	
22.0	
19.0	
16.0	
22.0	
23.0	
37.0	
29.0	
24.0	
28.0	
42.0	
37.0	
43.0	
47.0	
38.0	
39.0	
53.0	
73.0	
59.0	
46.0	
39.0	
49.0	
50.0	
46.0	
40.0	
32.0	
24.0	
20.0	
17.0	
17.0	
24.0	
32.0	
25.0	
22.0	
22.0	
29.0	
14.0	
19.0	
18.0	
20.0	
5.0	
3.0	
1.0	
-18.0	
-10.0	
10.0	
-8.0	
-18.0	
-12.0	
-20.0	
-32.0	
-35.0	
-30.0	
-29.0	
-27.0	
-29.0	
-23.0	
-31.0	
-41.0	
-39.0	
-31.0	
-32.0	
-49.0	
-36.0	
