-4.0	
-21.0	
-16.0	
-11.0	
-5.0	
-10.0	
0.0	
1.0	
-8.0	
3.0	
8.0	
9.0	
11.0	
12.0	
23.0	
28.0	
37.0	
25.0	
23.0	
35.0	
21.0	
35.0	
53.0	
49.0	
45.0	
46.0	
44.0	
65.0	
75.0	
64.0	
61.0	
68.0	
75.0	
93.0	
97.0	
84.0	
97.0	
99.0	
117.0	
123.0	
134.0	
137.0	
128.0	
134.0	
146.0	
142.0	
150.0	
144.0	
142.0	
144.0	
169.0	
184.0	
174.0	
181.0	
184.0	
191.0	
198.0	
200.0	
204.0	
202.0	
216.0	
232.0	
231.0	
235.0	
233.0	
244.0	
244.0	
246.0	
246.0	
247.0	
241.0	
252.0	
256.0	
259.0	
271.0	
273.0	
276.0	
259.0	
268.0	
273.0	
268.0	
279.0	
277.0	
266.0	
261.0	
262.0	
267.0	
279.0	
272.0	
256.0	
277.0	
272.0	
259.0	
266.0	
272.0	
289.0	
265.0	
247.0	
248.0	
251.0	
241.0	
238.0	
236.0	
246.0	
239.0	
238.0	
218.0	
221.0	
231.0	
242.0	
235.0	
231.0	
219.0	
213.0	
222.0	
203.0	
188.0	
187.0	
194.0	
193.0	
186.0	
186.0	
184.0	
179.0	
178.0	
180.0	
155.0	
153.0	
161.0	
154.0	
159.0	
159.0	
148.0	
144.0	
150.0	
119.0	
124.0	
133.0	
118.0	
122.0	
132.0	
118.0	
111.0	
102.0	
117.0	
120.0	
101.0	
97.0	
91.0	
84.0	
79.0	
98.0	
81.0	
72.0	
73.0	
66.0	
72.0	
58.0	
66.0	
44.0	
39.0	
45.0	
46.0	
45.0	
24.0	
24.0	
29.0	
14.0	
14.0	
3.0	
1.0	
14.0	
6.0	
-12.0	
-8.0	
2.0	
-24.0	
-17.0	
-18.0	
-32.0	
-34.0	
-15.0	
-19.0	
-36.0	
-40.0	
-45.0	
-36.0	
-39.0	
-42.0	
-37.0	
-35.0	
-34.0	
-40.0	
-40.0	
-63.0	
-61.0	
-36.0	
-46.0	
-50.0	
-53.0	
-67.0	
-64.0	
-75.0	
-73.0	
-72.0	
-86.0	
-61.0	
-70.0	
-75.0	
-73.0	
-77.0	
-81.0	
-86.0	
-77.0	
-83.0	
-89.0	
-91.0	
-100.0	
-111.0	
-107.0	
-111.0	
-105.0	
-112.0	
-107.0	
-109.0	
-117.0	
-133.0	
-127.0	
-126.0	
-118.0	
-121.0	
-123.0	
-126.0	
-119.0	
-132.0	
-140.0	
-143.0	
-145.0	
-154.0	
-149.0	
-154.0	
-155.0	
-157.0	
-154.0	
-161.0	
-167.0	
-178.0	
-182.0	
-181.0	
-189.0	
-203.0	
-196.0	
-180.0	
-190.0	
-199.0	
-194.0	
-204.0	
-211.0	
-208.0	
-224.0	
-209.0	
-204.0	
-225.0	
-221.0	
-226.0	
-233.0	
-223.0	
-219.0	
-224.0	
-214.0	
-220.0	
-228.0	
-232.0	
-229.0	
-229.0	
-230.0	
-225.0	
-233.0	
-228.0	
-211.0	
-211.0	
-232.0	
-231.0	
-218.0	
-205.0	
-213.0	
-221.0	
-214.0	
-210.0	
-203.0	
-205.0	
-201.0	
-200.0	
-205.0	
-195.0	
-190.0	
-186.0	
-193.0	
-192.0	
-181.0	
-177.0	
-175.0	
-177.0	
-169.0	
-153.0	
-145.0	
-147.0	
-143.0	
-135.0	
-150.0	
-137.0	
-133.0	
-137.0	
-136.0	
-126.0	
-122.0	
-98.0	
-95.0	
-97.0	
-102.0	
-99.0	
-107.0	
-85.0	
-59.0	
-63.0	
-67.0	
-73.0	
-70.0	
-67.0	
-55.0	
-53.0	
-38.0	
-19.0	
-14.0	
-32.0	
-9.0	
-14.0	
-12.0	
4.0	
9.0	
0.0	
7.0	
12.0	
18.0	
24.0	
30.0	
38.0	
33.0	
44.0	
50.0	
47.0	
54.0	
56.0	
52.0	
60.0	
69.0	
67.0	
59.0	
85.0	
91.0	
87.0	
88.0	
95.0	
87.0	
89.0	
98.0	
105.0	
100.0	
105.0	
96.0	
87.0	
103.0	
101.0	
98.0	
102.0	
116.0	
110.0	
109.0	
115.0	
111.0	
116.0	
127.0	
121.0	
119.0	
108.0	
103.0	
113.0	
138.0	
128.0	
108.0	
103.0	
121.0	
115.0	
118.0	
132.0	
119.0	
114.0	
116.0	
130.0	
127.0	
122.0	
132.0	
112.0	
111.0	
124.0	
130.0	
122.0	
123.0	
138.0	
128.0	
115.0	
113.0	
101.0	
105.0	
115.0	
105.0	
106.0	
111.0	
99.0	
100.0	
101.0	
106.0	
107.0	
100.0	
96.0	
104.0	
88.0	
88.0	
106.0	
90.0	
88.0	
91.0	
91.0	
87.0	
85.0	
83.0	
80.0	
82.0	
83.0	
75.0	
74.0	
81.0	
88.0	
69.0	
72.0	
76.0	
64.0	
56.0	
56.0	
58.0	
62.0	
68.0	
53.0	
52.0	
44.0	
36.0	
21.0	
39.0	
37.0	
45.0	
41.0	
39.0	
35.0	
30.0	
18.0	
21.0	
35.0	
26.0	
17.0	
25.0	
24.0	
17.0	
7.0	
15.0	
21.0	
15.0	
23.0	
15.0	
2.0	
2.0	
16.0	
20.0	
7.0	
9.0	
6.0	
1.0	
12.0	
0.0	
0.0	
9.0	
7.0	
0.0	
-11.0	
-7.0	
6.0	
-2.0	
-8.0	
-10.0	
-22.0	
-24.0	
-17.0	
-9.0	
-3.0	
-13.0	
-27.0	
-17.0	
-33.0	
-32.0	
-35.0	
-27.0	
-12.0	
-27.0	
-34.0	
-40.0	
-47.0	
-49.0	
-43.0	
-32.0	
-37.0	
-38.0	
-19.0	
-31.0	
-32.0	
-39.0	
-43.0	
-40.0	
-25.0	
-38.0	
-54.0	
-45.0	
-49.0	
-48.0	
-45.0	
-45.0	
-30.0	
-47.0	
-45.0	
-38.0	
-42.0	
-47.0	
-49.0	
-41.0	
-45.0	
-51.0	
-51.0	
-41.0	
-46.0	
-37.0	
-34.0	
-31.0	
-34.0	
-51.0	
-52.0	
-42.0	
-56.0	
-42.0	
-49.0	
-50.0	
-38.0	
-52.0	
-33.0	
-37.0	
-41.0	
-27.0	
-42.0	
-49.0	
-44.0	
-30.0	
-30.0	
-35.0	
-41.0	
-43.0	
-46.0	
-49.0	
-40.0	
-39.0	
-35.0	
-35.0	
-28.0	
-22.0	
