-57.0	
-32.0	
-15.0	
-14.0	
10.0	
22.0	
36.0	
61.0	
79.0	
100.0	
111.0	
130.0	
145.0	
161.0	
171.0	
195.0	
203.0	
219.0	
238.0	
254.0	
280.0	
295.0	
302.0	
318.0	
327.0	
358.0	
371.0	
371.0	
390.0	
417.0	
431.0	
450.0	
470.0	
489.0	
496.0	
510.0	
522.0	
546.0	
555.0	
567.0	
578.0	
605.0	
623.0	
639.0	
642.0	
660.0	
669.0	
687.0	
695.0	
717.0	
723.0	
727.0	
745.0	
762.0	
773.0	
791.0	
795.0	
812.0	
815.0	
821.0	
834.0	
842.0	
859.0	
878.0	
898.0	
906.0	
904.0	
913.0	
933.0	
949.0	
947.0	
966.0	
968.0	
962.0	
976.0	
997.0	
999.0	
1006.0	
1020.0	
1025.0	
1032.0	
1034.0	
1040.0	
1035.0	
1053.0	
1084.0	
1069.0	
1074.0	
1073.0	
1073.0	
1093.0	
1098.0	
1095.0	
1106.0	
1100.0	
1102.0	
1101.0	
1124.0	
1117.0	
1101.0	
1127.0	
1133.0	
1130.0	
1127.0	
1118.0	
1126.0	
1124.0	
1127.0	
1131.0	
1142.0	
1142.0	
1135.0	
1128.0	
1128.0	
1129.0	
1117.0	
1123.0	
1120.0	
1115.0	
1113.0	
1108.0	
1126.0	
1108.0	
1104.0	
1083.0	
1096.0	
1080.0	
1069.0	
1076.0	
1087.0	
1074.0	
1063.0	
1050.0	
1050.0	
1041.0	
1028.0	
1020.0	
1016.0	
1011.0	
1000.0	
986.0	
980.0	
977.0	
964.0	
957.0	
956.0	
941.0	
920.0	
910.0	
919.0	
915.0	
888.0	
883.0	
860.0	
837.0	
831.0	
822.0	
804.0	
803.0	
799.0	
775.0	
773.0	
761.0	
752.0	
742.0	
709.0	
715.0	
696.0	
677.0	
675.0	
655.0	
634.0	
614.0	
608.0	
604.0	
585.0	
560.0	
555.0	
560.0	
517.0	
503.0	
495.0	
489.0	
461.0	
453.0	
444.0	
426.0	
408.0	
392.0	
373.0	
369.0	
344.0	
334.0	
311.0	
301.0	
296.0	
281.0	
270.0	
257.0	
240.0	
220.0	
198.0	
183.0	
160.0	
155.0	
141.0	
115.0	
104.0	
103.0	
76.0	
60.0	
40.0	
16.0	
8.0	
-3.0	
-23.0	
-36.0	
-49.0	
-48.0	
-70.0	
-99.0	
-117.0	
-122.0	
-130.0	
-146.0	
-150.0	
-163.0	
-184.0	
-201.0	
-221.0	
-230.0	
-236.0	
-241.0	
-267.0	
-292.0	
-292.0	
-315.0	
-332.0	
-337.0	
-353.0	
-363.0	
-358.0	
-393.0	
-402.0	
-421.0	
-416.0	
-430.0	
-457.0	
-460.0	
-460.0	
-475.0	
-487.0	
-513.0	
-524.0	
-531.0	
-539.0	
-547.0	
-553.0	
-567.0	
-581.0	
-591.0	
-596.0	
-602.0	
-603.0	
-605.0	
-624.0	
-645.0	
-654.0	
-652.0	
-655.0	
-660.0	
-677.0	
-690.0	
-704.0	
-704.0	
-720.0	
-722.0	
-726.0	
-734.0	
-743.0	
-748.0	
-758.0	
-771.0	
-772.0	
-767.0	
-773.0	
-783.0	
-784.0	
-790.0	
-796.0	
-814.0	
-819.0	
-827.0	
-828.0	
-830.0	
-831.0	
-840.0	
-865.0	
-849.0	
-852.0	
-843.0	
-869.0	
-882.0	
-876.0	
-869.0	
-868.0	
-881.0	
-880.0	
-874.0	
-882.0	
-882.0	
-885.0	
-896.0	
-887.0	
-881.0	
-892.0	
-899.0	
-884.0	
-891.0	
-904.0	
-903.0	
-912.0	
-901.0	
-892.0	
-903.0	
-923.0	
-919.0	
-906.0	
-914.0	
-921.0	
-917.0	
-904.0	
-915.0	
-915.0	
-912.0	
-905.0	
-889.0	
-902.0	
-907.0	
-911.0	
-907.0	
-902.0	
-891.0	
-892.0	
-890.0	
-900.0	
-887.0	
-883.0	
-902.0	
-896.0	
-879.0	
-873.0	
-881.0	
-887.0	
-881.0	
-880.0	
-873.0	
-868.0	
-859.0	
-865.0	
-864.0	
-857.0	
-855.0	
-854.0	
-850.0	
-842.0	
-835.0	
-825.0	
-827.0	
-828.0	
-818.0	
-818.0	
-816.0	
-796.0	
-792.0	
-792.0	
-790.0	
-781.0	
-775.0	
-750.0	
-742.0	
-734.0	
-731.0	
-727.0	
-718.0	
-726.0	
-710.0	
-703.0	
-699.0	
-698.0	
-691.0	
-678.0	
-678.0	
-665.0	
-656.0	
-635.0	
-632.0	
-628.0	
-622.0	
-615.0	
-608.0	
-601.0	
-592.0	
-579.0	
-569.0	
-563.0	
-550.0	
-539.0	
-538.0	
-515.0	
-521.0	
-503.0	
-492.0	
-485.0	
-473.0	
-463.0	
-452.0	
-448.0	
-435.0	
-436.0	
-425.0	
-396.0	
-383.0	
-387.0	
-374.0	
-366.0	
-351.0	
-343.0	
-340.0	
-337.0	
-324.0	
-310.0	
-289.0	
-280.0	
-278.0	
-274.0	
-256.0	
-245.0	
-239.0	
-218.0	
-216.0	
-201.0	
-188.0	
-175.0	
-151.0	
-143.0	
-131.0	
-121.0	
-110.0	
-106.0	
-87.0	
-81.0	
-64.0	
-50.0	
-42.0	
-39.0	
-22.0	
-10.0	
-3.0	
13.0	
28.0	
32.0	
53.0	
68.0	
70.0	
81.0	
103.0	
106.0	
110.0	
126.0	
126.0	
148.0	
167.0	
161.0	
183.0	
197.0	
200.0	
213.0	
227.0	
240.0	
253.0	
275.0	
272.0	
280.0	
295.0	
315.0	
329.0	
328.0	
328.0	
351.0	
346.0	
358.0	
389.0	
389.0	
403.0	
429.0	
426.0	
441.0	
444.0	
445.0	
466.0	
483.0	
494.0	
498.0	
513.0	
524.0	
520.0	
522.0	
537.0	
555.0	
573.0	
569.0	
572.0	
581.0	
595.0	
597.0	
615.0	
621.0	
620.0	
634.0	
644.0	
644.0	
657.0	
661.0	
663.0	
680.0	
683.0	
676.0	
685.0	
708.0	
709.0	
705.0	
714.0	
709.0	
720.0	
729.0	
742.0	
755.0	
759.0	
757.0	
763.0	
765.0	
768.0	
764.0	
760.0	
772.0	
787.0	
799.0	
793.0	
800.0	
795.0	
796.0	
797.0	
795.0	
815.0	
817.0	
818.0	
813.0	
811.0	
824.0	
827.0	
817.0	
821.0	
821.0	
828.0	
836.0	
820.0	
819.0	
823.0	
841.0	
832.0	
827.0	
826.0	
824.0	
815.0	
824.0	
821.0	
818.0	
823.0	
810.0	
819.0	
819.0	
816.0	
804.0	
801.0	
808.0	
798.0	
814.0	
801.0	
799.0	
793.0	
793.0	
778.0	
764.0	
771.0	
772.0	
774.0	
776.0	
768.0	
761.0	
763.0	
757.0	
748.0	
747.0	
754.0	
735.0	
737.0	
725.0	
718.0	
720.0	
705.0	
699.0	
699.0	
688.0	
683.0	
690.0	
686.0	
668.0	
668.0	
654.0	
642.0	
630.0	
626.0	
620.0	
620.0	
613.0	
621.0	
594.0	
585.0	
594.0	
590.0	
584.0	
580.0	
565.0	
551.0	
541.0	
539.0	
543.0	
538.0	
524.0	
512.0	
507.0	
497.0	
482.0	
483.0	
479.0	
473.0	
455.0	
441.0	
442.0	
431.0	
424.0	
420.0	
416.0	
412.0	
405.0	
385.0	
376.0	
387.0	
372.0	
357.0	
352.0	
352.0	
352.0	
328.0	
327.0	
333.0	
298.0	
288.0	
279.0	
284.0	
287.0	
262.0	
263.0	
258.0	
254.0	
242.0	
233.0	
218.0	
213.0	
217.0	
213.0	
200.0	
178.0	
192.0	
171.0	
149.0	
151.0	
155.0	
144.0	
135.0	
133.0	
123.0	
133.0	
117.0	
98.0	
102.0	
102.0	
102.0	
89.0	
85.0	
74.0	
73.0	
65.0	
54.0	
55.0	
61.0	
55.0	
47.0	
27.0	
38.0	
34.0	
33.0	
29.0	
23.0	
17.0	
-1.0	
6.0	
0.0	
-5.0	
-24.0	
-34.0	
-28.0	
-33.0	
-29.0	
-40.0	
-34.0	
-45.0	
-53.0	
-51.0	
-43.0	
-49.0	
-56.0	
-59.0	
-70.0	
