49.0	
65.0	
60.0	
59.0	
50.0	
37.0	
54.0	
59.0	
74.0	
69.0	
68.0	
74.0	
88.0	
79.0	
69.0	
79.0	
81.0	
78.0	
85.0	
92.0	
89.0	
99.0	
89.0	
93.0	
105.0	
112.0	
114.0	
128.0	
124.0	
123.0	
111.0	
110.0	
138.0	
133.0	
130.0	
137.0	
146.0	
133.0	
139.0	
144.0	
152.0	
167.0	
165.0	
152.0	
160.0	
174.0	
168.0	
167.0	
173.0	
187.0	
194.0	
193.0	
185.0	
189.0	
198.0	
210.0	
211.0	
221.0	
219.0	
229.0	
220.0	
226.0	
236.0	
238.0	
241.0	
229.0	
225.0	
235.0	
238.0	
234.0	
221.0	
243.0	
248.0	
245.0	
236.0	
244.0	
236.0	
237.0	
236.0	
233.0	
254.0	
244.0	
238.0	
224.0	
233.0	
229.0	
236.0	
238.0	
226.0	
231.0	
218.0	
226.0	
223.0	
207.0	
215.0	
213.0	
210.0	
204.0	
205.0	
200.0	
203.0	
199.0	
188.0	
181.0	
189.0	
176.0	
169.0	
162.0	
167.0	
166.0	
161.0	
149.0	
143.0	
152.0	
147.0	
137.0	
141.0	
137.0	
137.0	
126.0	
113.0	
121.0	
100.0	
93.0	
83.0	
89.0	
83.0	
83.0	
77.0	
60.0	
64.0	
65.0	
61.0	
60.0	
41.0	
35.0	
34.0	
19.0	
10.0	
4.0	
1.0	
19.0	
21.0	
-16.0	
-20.0	
-17.0	
-12.0	
-25.0	
-25.0	
-35.0	
-52.0	
-49.0	
-62.0	
-57.0	
-64.0	
-77.0	
-66.0	
-58.0	
-69.0	
-82.0	
-75.0	
-71.0	
-84.0	
-92.0	
-95.0	
-103.0	
-103.0	
-109.0	
-130.0	
-127.0	
-125.0	
-131.0	
-137.0	
-156.0	
-152.0	
-137.0	
-134.0	
-140.0	
-148.0	
-146.0	
-163.0	
-155.0	
-157.0	
-181.0	
-185.0	
-179.0	
-175.0	
-174.0	
-190.0	
-192.0	
-191.0	
-191.0	
-197.0	
-207.0	
-198.0	
-204.0	
-200.0	
-196.0	
-203.0	
-200.0	
-196.0	
-217.0	
-221.0	
-215.0	
-209.0	
-215.0	
-219.0	
-215.0	
-223.0	
-222.0	
-221.0	
-225.0	
-235.0	
-238.0	
-228.0	
-236.0	
-234.0	
-225.0	
-232.0	
-225.0	
-229.0	
-230.0	
-219.0	
-222.0	
-218.0	
-219.0	
-235.0	
-232.0	
-236.0	
-232.0	
-221.0	
-219.0	
-233.0	
-234.0	
-234.0	
-236.0	
-241.0	
-238.0	
-235.0	
-238.0	
-232.0	
-230.0	
-219.0	
-216.0	
-236.0	
-243.0	
-225.0	
-211.0	
-217.0	
-213.0	
-208.0	
-210.0	
-203.0	
-201.0	
-195.0	
-198.0	
-184.0	
-180.0	
-183.0	
-182.0	
-181.0	
-178.0	
-179.0	
-174.0	
-167.0	
-165.0	
-158.0	
-149.0	
-160.0	
-143.0	
-145.0	
-146.0	
-132.0	
-131.0	
-129.0	
-115.0	
-124.0	
-112.0	
-107.0	
-106.0	
-103.0	
-102.0	
-92.0	
-77.0	
-95.0	
-85.0	
-88.0	
-91.0	
-75.0	
-71.0	
-69.0	
-63.0	
-58.0	
-61.0	
-43.0	
-53.0	
-36.0	
-28.0	
-28.0	
-38.0	
-30.0	
-13.0	
-1.0	
3.0	
8.0	
2.0	
-11.0	
5.0	
0.0	
1.0	
6.0	
11.0	
10.0	
22.0	
19.0	
28.0	
25.0	
31.0	
48.0	
48.0	
53.0	
56.0	
46.0	
65.0	
81.0	
61.0	
58.0	
64.0	
69.0	
83.0	
76.0	
75.0	
74.0	
81.0	
72.0	
74.0	
77.0	
86.0	
100.0	
92.0	
97.0	
100.0	
97.0	
94.0	
94.0	
91.0	
93.0	
95.0	
86.0	
105.0	
107.0	
89.0	
101.0	
91.0	
97.0	
97.0	
105.0	
90.0	
104.0	
107.0	
108.0	
112.0	
117.0	
116.0	
101.0	
121.0	
110.0	
105.0	
112.0	
116.0	
104.0	
110.0	
116.0	
109.0	
107.0	
109.0	
118.0	
125.0	
120.0	
105.0	
94.0	
92.0	
100.0	
101.0	
99.0	
98.0	
87.0	
95.0	
99.0	
93.0	
92.0	
97.0	
92.0	
85.0	
83.0	
81.0	
98.0	
84.0	
96.0	
107.0	
92.0	
92.0	
95.0	
79.0	
75.0	
83.0	
70.0	
76.0	
81.0	
80.0	
80.0	
93.0	
95.0	
72.0	
74.0	
77.0	
83.0	
83.0	
81.0	
75.0	
71.0	
70.0	
73.0	
80.0	
90.0	
82.0	
62.0	
57.0	
72.0	
61.0	
76.0	
74.0	
62.0	
76.0	
78.0	
75.0	
72.0	
53.0	
70.0	
78.0	
85.0	
88.0	
85.0	
84.0	
70.0	
70.0	
71.0	
72.0	
81.0	
74.0	
72.0	
84.0	
76.0	
69.0	
78.0	
79.0	
80.0	
63.0	
77.0	
73.0	
67.0	
59.0	
55.0	
54.0	
55.0	
57.0	
67.0	
62.0	
59.0	
50.0	
46.0	
55.0	
47.0	
62.0	
57.0	
43.0	
60.0	
59.0	
52.0	
46.0	
49.0	
43.0	
47.0	
32.0	
37.0	
32.0	
43.0	
33.0	
18.0	
20.0	
22.0	
9.0	
18.0	
19.0	
18.0	
19.0	
18.0	
25.0	
28.0	
17.0	
13.0	
1.0	
-1.0	
11.0	
22.0	
10.0	
6.0	
5.0	
6.0	
8.0	
7.0	
-2.0	
3.0	
8.0	
1.0	
-5.0	
5.0	
6.0	
8.0	
-4.0	
1.0	
-5.0	
-7.0	
1.0	
-12.0	
-7.0	
-20.0	
-6.0	
-5.0	
-6.0	
-15.0	
-23.0	
-19.0	
-31.0	
-27.0	
-33.0	
-29.0	
-32.0	
-37.0	
-8.0	
-21.0	
-25.0	
-19.0	
-39.0	
-38.0	
-28.0	
-42.0	
-40.0	
-25.0	
-31.0	
-40.0	
-38.0	
-44.0	
-50.0	
-45.0	
-51.0	
-54.0	
-59.0	
-28.0	
-47.0	
-44.0	
-48.0	
-57.0	
-60.0	
-49.0	
-44.0	
-49.0	
-46.0	
-48.0	
-55.0	
-54.0	
-56.0	
-62.0	
-61.0	
-56.0	
-58.0	
-61.0	
-65.0	
-63.0	
-67.0	
-54.0	
-74.0	
-79.0	
-64.0	
-70.0	
-73.0	
-65.0	
-61.0	
-72.0	
-66.0	
-75.0	
-81.0	
-80.0	
-77.0	
-67.0	
-85.0	
-82.0	
-82.0	
-86.0	
-71.0	
-74.0	
-69.0	
-74.0	
-80.0	
-86.0	
-91.0	
-73.0	
-76.0	
-76.0	
-88.0	
-98.0	
-92.0	
-88.0	
-92.0	
-88.0	
-81.0	
-82.0	
-91.0	
-105.0	
-100.0	
-78.0	
-83.0	
-85.0	
-87.0	
-101.0	
-85.0	
-88.0	
-89.0	
-90.0	
-105.0	
-100.0	
-87.0	
-80.0	
-97.0	
-90.0	
-97.0	
-94.0	
-83.0	
-80.0	
-84.0	
-77.0	
-82.0	
-76.0	
-77.0	
-86.0	
-80.0	
-83.0	
-93.0	
-80.0	
-82.0	
-75.0	
-82.0	
-88.0	
-77.0	
-53.0	
-67.0	
-62.0	
-61.0	
-58.0	
-61.0	
-59.0	
-49.0	
-61.0	
-70.0	
-57.0	
-44.0	
-57.0	
-50.0	
-50.0	
-56.0	
-49.0	
-58.0	
-59.0	
-44.0	
-31.0	
-44.0	
-43.0	
-42.0	
-44.0	
-48.0	
-43.0	
-47.0	
-45.0	
-36.0	
-38.0	
-29.0	
-29.0	
-31.0	
-28.0	
-19.0	
-26.0	
-8.0	
-7.0	
-24.0	
-19.0	
-13.0	
-5.0	
-10.0	
-6.0	
-15.0	
-17.0	
-13.0	
-3.0	
3.0	
-7.0	
1.0	
-1.0	
4.0	
5.0	
3.0	
2.0	
9.0	
18.0	
15.0	
5.0	
14.0	
19.0	
26.0	
28.0	
18.0	
21.0	
35.0	
24.0	
22.0	
36.0	
39.0	
40.0	
47.0	
45.0	
33.0	
30.0	
31.0	
44.0	
33.0	
21.0	
37.0	
35.0	
33.0	
32.0	
43.0	
45.0	
39.0	
40.0	
54.0	
59.0	
55.0	
57.0	
70.0	
72.0	
54.0	
50.0	
58.0	
61.0	
61.0	
58.0	
74.0	
76.0	
67.0	
75.0	
73.0	
68.0	
65.0	
67.0	
66.0	
56.0	
70.0	
80.0	
71.0	
74.0	
69.0	
75.0	
70.0	
82.0	
80.0	
70.0	
67.0	
77.0	
74.0	
74.0	
83.0	
71.0	
70.0	
76.0	
82.0	
90.0	
77.0	
67.0	
75.0	
70.0	
72.0	
80.0	
67.0	
55.0	
71.0	
74.0	
75.0	
58.0	
61.0	
63.0	
59.0	
78.0	
78.0	
64.0	
63.0	
66.0	
83.0	
65.0	
65.0	
63.0	
67.0	
72.0	
60.0	
57.0	
57.0	
57.0	
66.0	
70.0	
78.0	
69.0	
65.0	
55.0	
60.0	
58.0	
67.0	
60.0	
58.0	
61.0	
52.0	
55.0	
55.0	
47.0	
46.0	
49.0	
46.0	
68.0	
51.0	
54.0	
63.0	
54.0	
47.0	
46.0	
42.0	
45.0	
56.0	
46.0	
29.0	
34.0	
22.0	
25.0	
34.0	
37.0	
30.0	
25.0	
32.0	
23.0	
23.0	
39.0	
50.0	
40.0	
9.0	
29.0	
30.0	
12.0	
32.0	
30.0	
14.0	
16.0	
8.0	
1.0	
11.0	
22.0	
11.0	
6.0	
-2.0	
5.0	
1.0	
1.0	
-5.0	
0.0	
11.0	
16.0	
10.0	
5.0	
6.0	
9.0	
0.0	
1.0	
7.0	
-5.0	
-2.0	
0.0	
-5.0	
-18.0	
-6.0	
-2.0	
-13.0	
-19.0	
-18.0	
-14.0	
-5.0	
-12.0	
-20.0	
-34.0	
-13.0	
-22.0	
-26.0	
-23.0	
-32.0	
-23.0	
-21.0	
-20.0	
-17.0	
-6.0	
-19.0	
-24.0	
-36.0	
-27.0	
-25.0	
-22.0	
-25.0	
-27.0	
-25.0	
-27.0	
-28.0	
-34.0	
-37.0	
-35.0	
-30.0	
-29.0	
-36.0	
-38.0	
-40.0	
-32.0	
-29.0	
-49.0	
-46.0	
-46.0	
-44.0	
-55.0	
-48.0	
-29.0	
-34.0	
-42.0	
-49.0	
-31.0	
-45.0	
-46.0	
-31.0	
-38.0	
-44.0	
-40.0	
-51.0	
-49.0	
-48.0	
-36.0	
-28.0	
-39.0	
-31.0	
-41.0	
-57.0	
-48.0	
-37.0	
-45.0	
-36.0	
-38.0	
-44.0	
-48.0	
-31.0	
-29.0	
-36.0	
-48.0	
-45.0	
-45.0	
-44.0	
-49.0	
-63.0	
-49.0	
-63.0	
-65.0	
-49.0	
-56.0	
-44.0	
-41.0	
-55.0	
-44.0	
-38.0	
-37.0	
-43.0	
-38.0	
-42.0	
-58.0	
-53.0	
-43.0	
-42.0	
-43.0	
-40.0	
-40.0	
-50.0	
-47.0	
-39.0	
-47.0	
-57.0	
-60.0	
-49.0	
-55.0	
-45.0	
-47.0	
-40.0	
-22.0	
-31.0	
-32.0	
-38.0	
-44.0	
-54.0	
-44.0	
-37.0	
-46.0	
-49.0	
-48.0	
-53.0	
-37.0	
-33.0	
-37.0	
-47.0	
-33.0	
-36.0	
-43.0	
-37.0	
-27.0	
-35.0	
-41.0	
-31.0	
-29.0	
-38.0	
-33.0	
-42.0	
-39.0	
-47.0	
-47.0	
-40.0	
-30.0	
-32.0	
-29.0	
-26.0	
-23.0	
-24.0	
-23.0	
-24.0	
-25.0	
-25.0	
-17.0	
-26.0	
-21.0	
-11.0	
-22.0	
-18.0	
-23.0	
-30.0	
-34.0	
-17.0	
-11.0	
-9.0	
-14.0	
-8.0	
-21.0	
-15.0	
-20.0	
-26.0	
-15.0	
-24.0	
-18.0	
-8.0	
-3.0	
-18.0	
-10.0	
-8.0	
-4.0	
-3.0	
1.0	
0.0	
5.0	
17.0	
19.0	
-2.0	
0.0	
-4.0	
-3.0	
-3.0	
14.0	
8.0	
15.0	
11.0	
-6.0	
10.0	
6.0	
-3.0	
4.0	
5.0	
13.0	
9.0	
-4.0	
0.0	
-9.0	
2.0	
10.0	
7.0	
24.0	
15.0	
10.0	
8.0	
20.0	
23.0	
19.0	
20.0	
2.0	
7.0	
7.0	
-10.0	
1.0	
5.0	
