-96.0	
-87.0	
-92.0	
-98.0	
-94.0	
-80.0	
-82.0	
-84.0	
-77.0	
-77.0	
-71.0	
-68.0	
-60.0	
-75.0	
-92.0	
-75.0	
-58.0	
-64.0	
-54.0	
-60.0	
-62.0	
-50.0	
-62.0	
-59.0	
-47.0	
-52.0	
-39.0	
-24.0	
-49.0	
-52.0	
-35.0	
-41.0	
-30.0	
-30.0	
-25.0	
-26.0	
-17.0	
-7.0	
-12.0	
-18.0	
-6.0	
3.0	
0.0	
-11.0	
5.0	
3.0	
2.0	
6.0	
20.0	
7.0	
8.0	
13.0	
22.0	
42.0	
43.0	
28.0	
44.0	
38.0	
41.0	
43.0	
37.0	
42.0	
45.0	
57.0	
71.0	
73.0	
70.0	
69.0	
57.0	
65.0	
70.0	
86.0	
78.0	
92.0	
97.0	
88.0	
80.0	
73.0	
86.0	
102.0	
90.0	
87.0	
93.0	
106.0	
96.0	
111.0	
111.0	
126.0	
122.0	
110.0	
117.0	
120.0	
115.0	
117.0	
131.0	
130.0	
119.0	
122.0	
127.0	
135.0	
133.0	
127.0	
143.0	
136.0	
145.0	
136.0	
130.0	
134.0	
126.0	
134.0	
152.0	
142.0	
136.0	
138.0	
130.0	
137.0	
131.0	
131.0	
139.0	
150.0	
149.0	
151.0	
144.0	
145.0	
146.0	
143.0	
151.0	
148.0	
143.0	
139.0	
138.0	
145.0	
143.0	
127.0	
126.0	
121.0	
126.0	
125.0	
118.0	
123.0	
120.0	
117.0	
108.0	
97.0	
113.0	
109.0	
97.0	
102.0	
100.0	
91.0	
90.0	
96.0	
93.0	
92.0	
92.0	
84.0	
87.0	
84.0	
78.0	
83.0	
89.0	
81.0	
69.0	
74.0	
70.0	
50.0	
51.0	
52.0	
51.0	
52.0	
42.0	
38.0	
43.0	
44.0	
37.0	
36.0	
47.0	
33.0	
13.0	
15.0	
25.0	
26.0	
24.0	
16.0	
5.0	
-5.0	
0.0	
-9.0	
-13.0	
-1.0	
-8.0	
-19.0	
-14.0	
-14.0	
-20.0	
-32.0	
-35.0	
-39.0	
-59.0	
-47.0	
-49.0	
-66.0	
-61.0	
-45.0	
-66.0	
-69.0	
-61.0	
-71.0	
-84.0	
-79.0	
-68.0	
-82.0	
-100.0	
-99.0	
-101.0	
-108.0	
-111.0	
-104.0	
-124.0	
-125.0	
-131.0	
-130.0	
-122.0	
-143.0	
-137.0	
-143.0	
-154.0	
-143.0	
-146.0	
-156.0	
-155.0	
-152.0	
-160.0	
-173.0	
-161.0	
-165.0	
-156.0	
-164.0	
-182.0	
-175.0	
-176.0	
-177.0	
-176.0	
-183.0	
-196.0	
-201.0	
-196.0	
-198.0	
-194.0	
-200.0	
-195.0	
-218.0	
-237.0	
-231.0	
-232.0	
-225.0	
-228.0	
-242.0	
-240.0	
-246.0	
-246.0	
-257.0	
-252.0	
-254.0	
-262.0	
-246.0	
-240.0	
-260.0	
-254.0	
-244.0	
-260.0	
-271.0	
-264.0	
-257.0	
-263.0	
-276.0	
-280.0	
-277.0	
-273.0	
-262.0	
-267.0	
-273.0	
-268.0	
-276.0	
-286.0	
-280.0	
-272.0	
-281.0	
-289.0	
-288.0	
-274.0	
-274.0	
-290.0	
-282.0	
-287.0	
-291.0	
-291.0	
-294.0	
-291.0	
-284.0	
-288.0	
-293.0	
-290.0	
-299.0	
-310.0	
-302.0	
-290.0	
-297.0	
-289.0	
-293.0	
-299.0	
-301.0	
-292.0	
-286.0	
-282.0	
-292.0	
-294.0	
-294.0	
-286.0	
-295.0	
-297.0	
-290.0	
-287.0	
-288.0	
-289.0	
-287.0	
-276.0	
-283.0	
-288.0	
-291.0	
-276.0	
-271.0	
-261.0	
-269.0	
-277.0	
-275.0	
-273.0	
-268.0	
-273.0	
-287.0	
-288.0	
-280.0	
-272.0	
-273.0	
-284.0	
-284.0	
-276.0	
-272.0	
-265.0	
-284.0	
-270.0	
-277.0	
-278.0	
-277.0	
-267.0	
-265.0	
-270.0	
-266.0	
-272.0	
-272.0	
-266.0	
-253.0	
-243.0	
-239.0	
-248.0	
-250.0	
-241.0	
-248.0	
-253.0	
-238.0	
-245.0	
-234.0	
-233.0	
-224.0	
-228.0	
-232.0	
-235.0	
-235.0	
-220.0	
-215.0	
-215.0	
-218.0	
-221.0	
-226.0	
-229.0	
-217.0	
-219.0	
-215.0	
-223.0	
-209.0	
-210.0	
-217.0	
-210.0	
-199.0	
-209.0	
-208.0	
-209.0	
-217.0	
-205.0	
-190.0	
-187.0	
-182.0	
-195.0	
-187.0	
-184.0	
-191.0	
-180.0	
-172.0	
-177.0	
-178.0	
-170.0	
-168.0	
-179.0	
-174.0	
-168.0	
-163.0	
-160.0	
-169.0	
-179.0	
-153.0	
-148.0	
-160.0	
-147.0	
-146.0	
-153.0	
-153.0	
-140.0	
-142.0	
-138.0	
-128.0	
-105.0	
-120.0	
-122.0	
-115.0	
-123.0	
-123.0	
-128.0	
-120.0	
-103.0	
-99.0	
-109.0	
-114.0	
-97.0	
-93.0	
-110.0	
-97.0	
-98.0	
-89.0	
-91.0	
-87.0	
-81.0	
-73.0	
-75.0	
-91.0	
-76.0	
-78.0	
-60.0	
-62.0	
-65.0	
-68.0	
-68.0	
-52.0	
-48.0	
-56.0	
-62.0	
-48.0	
-46.0	
-56.0	
-44.0	
-39.0	
-41.0	
-36.0	
-32.0	
-40.0	
-43.0	
-26.0	
-27.0	
-32.0	
-32.0	
-32.0	
-27.0	
-3.0	
-14.0	
-17.0	
-13.0	
-11.0	
-4.0	
-15.0	
-8.0	
3.0	
8.0	
0.0	
2.0	
9.0	
4.0	
5.0	
-1.0	
3.0	
14.0	
3.0	
9.0	
7.0	
0.0	
10.0	
19.0	
10.0	
9.0	
20.0	
37.0	
30.0	
20.0	
5.0	
18.0	
27.0	
26.0	
28.0	
37.0	
22.0	
19.0	
32.0	
17.0	
19.0	
23.0	
15.0	
30.0	
36.0	
35.0	
27.0	
37.0	
41.0	
40.0	
41.0	
46.0	
61.0	
53.0	
44.0	
28.0	
29.0	
40.0	
42.0	
38.0	
36.0	
53.0	
41.0	
33.0	
41.0	
41.0	
41.0	
37.0	
34.0	
42.0	
47.0	
46.0	
42.0	
43.0	
46.0	
45.0	
44.0	
39.0	
47.0	
48.0	
36.0	
48.0	
48.0	
40.0	
29.0	
29.0	
56.0	
29.0	
26.0	
44.0	
48.0	
37.0	
51.0	
46.0	
32.0	
46.0	
32.0	
10.0	
35.0	
35.0	
27.0	
24.0	
30.0	
26.0	
23.0	
35.0	
30.0	
30.0	
25.0	
20.0	
9.0	
29.0	
14.0	
12.0	
24.0	
24.0	
9.0	
0.0	
28.0	
26.0	
-3.0	
7.0	
14.0	
0.0	
14.0	
20.0	
10.0	
12.0	
17.0	
-6.0	
0.0	
4.0	
8.0	
11.0	
1.0	
-10.0	
-3.0	
-22.0	
-23.0	
-9.0	
-18.0	
-20.0	
-8.0	
-15.0	
-20.0	
-20.0	
-13.0	
-9.0	
-8.0	
-6.0	
-19.0	
-29.0	
-33.0	
-32.0	
-26.0	
-17.0	
-21.0	
-36.0	
-39.0	
-27.0	
-24.0	
