11.0	
11.0	
24.0	
31.0	
28.0	
32.0	
25.0	
26.0	
24.0	
21.0	
19.0	
17.0	
23.0	
31.0	
16.0	
8.0	
30.0	
22.0	
20.0	
22.0	
15.0	
40.0	
27.0	
41.0	
27.0	
38.0	
31.0	
27.0	
33.0	
36.0	
44.0	
28.0	
29.0	
36.0	
38.0	
33.0	
34.0	
33.0	
25.0	
35.0	
60.0	
58.0	
37.0	
38.0	
53.0	
37.0	
42.0	
47.0	
61.0	
54.0	
42.0	
39.0	
42.0	
39.0	
46.0	
47.0	
44.0	
34.0	
40.0	
47.0	
53.0	
47.0	
51.0	
54.0	
44.0	
37.0	
42.0	
47.0	
58.0	
52.0	
57.0	
53.0	
47.0	
49.0	
48.0	
39.0	
50.0	
42.0	
35.0	
44.0	
46.0	
56.0	
70.0	
37.0	
36.0	
41.0	
37.0	
44.0	
43.0	
32.0	
34.0	
27.0	
41.0	
38.0	
35.0	
37.0	
32.0	
32.0	
29.0	
35.0	
36.0	
32.0	
39.0	
22.0	
40.0	
33.0	
34.0	
52.0	
30.0	
34.0	
36.0	
24.0	
24.0	
38.0	
33.0	
20.0	
20.0	
15.0	
18.0	
21.0	
33.0	
25.0	
23.0	
26.0	
24.0	
12.0	
7.0	
7.0	
21.0	
20.0	
27.0	
23.0	
14.0	
1.0	
3.0	
19.0	
13.0	
21.0	
11.0	
5.0	
6.0	
3.0	
21.0	
5.0	
5.0	
-2.0	
7.0	
6.0	
4.0	
15.0	
19.0	
10.0	
1.0	
-1.0	
-2.0	
-4.0	
7.0	
-4.0	
-12.0	
-7.0	
-7.0	
-24.0	
-9.0	
-8.0	
-8.0	
-12.0	
-19.0	
-26.0	
-14.0	
-18.0	
-11.0	
-19.0	
-15.0	
-4.0	
-17.0	
-23.0	
-21.0	
-15.0	
-23.0	
-10.0	
-15.0	
-23.0	
-22.0	
-33.0	
-25.0	
-24.0	
-26.0	
-24.0	
-29.0	
-19.0	
-26.0	
-28.0	
-25.0	
-20.0	
-20.0	
-27.0	
-33.0	
-28.0	
-15.0	
-24.0	
-22.0	
-32.0	
-27.0	
-31.0	
-24.0	
-27.0	
-29.0	
-23.0	
-22.0	
-30.0	
-25.0	
-27.0	
-38.0	
-38.0	
-23.0	
-9.0	
-16.0	
-5.0	
-11.0	
-20.0	
-22.0	
-20.0	
-18.0	
-21.0	
-34.0	
-18.0	
-24.0	
-35.0	
-23.0	
-27.0	
-24.0	
-28.0	
-48.0	
-51.0	
-33.0	
-31.0	
-36.0	
-38.0	
-34.0	
-40.0	
-38.0	
-37.0	
-30.0	
-23.0	
-31.0	
-36.0	
-31.0	
-27.0	
-20.0	
-35.0	
-33.0	
-33.0	
-23.0	
-20.0	
-9.0	
-18.0	
-30.0	
-25.0	
-15.0	
-14.0	
-12.0	
-15.0	
-7.0	
-11.0	
-11.0	
-19.0	
-26.0	
-10.0	
-1.0	
-18.0	
-21.0	
-16.0	
-19.0	
-26.0	
-18.0	
-13.0	
-15.0	
-15.0	
-16.0	
-12.0	
-5.0	
-4.0	
-10.0	
-22.0	
-9.0	
-4.0	
-6.0	
4.0	
5.0	
3.0	
-5.0	
-14.0	
-12.0	
3.0	
-9.0	
-3.0	
3.0	
-3.0	
-13.0	
-18.0	
11.0	
7.0	
-2.0	
5.0	
3.0	
-8.0	
-1.0	
4.0	
1.0	
2.0	
6.0	
12.0	
5.0	
10.0	
7.0	
2.0	
4.0	
10.0	
11.0	
9.0	
2.0	
-9.0	
1.0	
-1.0	
0.0	
6.0	
-2.0	
5.0	
8.0	
9.0	
8.0	
0.0	
6.0	
8.0	
4.0	
-2.0	
0.0	
-3.0	
5.0	
8.0	
8.0	
-6.0	
0.0	
11.0	
14.0	
4.0	
11.0	
14.0	
19.0	
0.0	
9.0	
21.0	
4.0	
4.0	
15.0	
14.0	
13.0	
0.0	
7.0	
3.0	
14.0	
1.0	
-6.0	
0.0	
-9.0	
-5.0	
-8.0	
-1.0	
2.0	
-8.0	
4.0	
6.0	
-2.0	
-2.0	
-7.0	
-2.0	
-5.0	
-8.0	
-12.0	
-5.0	
11.0	
2.0	
1.0	
-2.0	
-11.0	
-7.0	
-12.0	
-13.0	
-12.0	
-1.0	
-5.0	
-13.0	
-26.0	
-16.0	
0.0	
-5.0	
-25.0	
-11.0	
-8.0	
-21.0	
-17.0	
-23.0	
-12.0	
-18.0	
-24.0	
-12.0	
-7.0	
-17.0	
-10.0	
-20.0	
-36.0	
-29.0	
-34.0	
-26.0	
-25.0	
-16.0	
-26.0	
-15.0	
-11.0	
-25.0	
-22.0	
