69.0	
58.0	
61.0	
59.0	
57.0	
55.0	
51.0	
62.0	
67.0	
58.0	
56.0	
43.0	
44.0	
42.0	
34.0	
40.0	
38.0	
34.0	
43.0	
45.0	
37.0	
37.0	
20.0	
27.0	
32.0	
31.0	
41.0	
29.0	
25.0	
26.0	
16.0	
32.0	
29.0	
15.0	
22.0	
21.0	
17.0	
16.0	
8.0	
10.0	
23.0	
10.0	
5.0	
-2.0	
-13.0	
6.0	
10.0	
-2.0	
0.0	
11.0	
-7.0	
-7.0	
-4.0	
-11.0	
-4.0	
-21.0	
-23.0	
-10.0	
-14.0	
-17.0	
-14.0	
-24.0	
-23.0	
-16.0	
-26.0	
-39.0	
-37.0	
-22.0	
-38.0	
-26.0	
-20.0	
-28.0	
-28.0	
-24.0	
-17.0	
-25.0	
-28.0	
-38.0	
-46.0	
-43.0	
-34.0	
-40.0	
-38.0	
-45.0	
-38.0	
-35.0	
-39.0	
-30.0	
-42.0	
-47.0	
-49.0	
-40.0	
-51.0	
-50.0	
-45.0	
-51.0	
-53.0	
-55.0	
-54.0	
-65.0	
-47.0	
-51.0	
-67.0	
-56.0	
-69.0	
-66.0	
-60.0	
-54.0	
-59.0	
-69.0	
-76.0	
-63.0	
-75.0	
-72.0	
-69.0	
-74.0	
-71.0	
-76.0	
-85.0	
-87.0	
-84.0	
-89.0	
-88.0	
-87.0	
-83.0	
-80.0	
-82.0	
-82.0	
-88.0	
-95.0	
-85.0	
-83.0	
-83.0	
-98.0	
-92.0	
-93.0	
-90.0	
-96.0	
-101.0	
-104.0	
-97.0	
-94.0	
-94.0	
-86.0	
-94.0	
-102.0	
-99.0	
-110.0	
-108.0	
-99.0	
-112.0	
-113.0	
-103.0	
-104.0	
-110.0	
-102.0	
-100.0	
-102.0	
-110.0	
-137.0	
-105.0	
-122.0	
-119.0	
-116.0	
-119.0	
-121.0	
-114.0	
-112.0	
-119.0	
-113.0	
-114.0	
-138.0	
-121.0	
-121.0	
-133.0	
-130.0	
-107.0	
-120.0	
-142.0	
-137.0	
-137.0	
-139.0	
-135.0	
-125.0	
-119.0	
-116.0	
-123.0	
-139.0	
-134.0	
-133.0	
-149.0	
-136.0	
-125.0	
-119.0	
-142.0	
-135.0	
-127.0	
-132.0	
-149.0	
-144.0	
-135.0	
-127.0	
-144.0	
-134.0	
-124.0	
-132.0	
-124.0	
-135.0	
-145.0	
-144.0	
-138.0	
-138.0	
-149.0	
-141.0	
-139.0	
-140.0	
-145.0	
-150.0	
-150.0	
-141.0	
-137.0	
-143.0	
-135.0	
-147.0	
-148.0	
-146.0	
-133.0	
-143.0	
-157.0	
-155.0	
-140.0	
-135.0	
-131.0	
-151.0	
-156.0	
-138.0	
-127.0	
-143.0	
-138.0	
-151.0	
-153.0	
-134.0	
-141.0	
-152.0	
-142.0	
-131.0	
-144.0	
-133.0	
-140.0	
-136.0	
-133.0	
-140.0	
-152.0	
-146.0	
-136.0	
-132.0	
-146.0	
-148.0	
-134.0	
-135.0	
-138.0	
-139.0	
-146.0	
-139.0	
-137.0	
-148.0	
-149.0	
-139.0	
-136.0	
-135.0	
-132.0	
-130.0	
-130.0	
-138.0	
-117.0	
-113.0	
-113.0	
-132.0	
-130.0	
-133.0	
-129.0	
-123.0	
-130.0	
-122.0	
-116.0	
-135.0	
-122.0	
-109.0	
-109.0	
-121.0	
-119.0	
-121.0	
-133.0	
-115.0	
-112.0	
-114.0	
-121.0	
-115.0	
-112.0	
-102.0	
-107.0	
-128.0	
-115.0	
-120.0	
-121.0	
-112.0	
-103.0	
-112.0	
-111.0	
-112.0	
-115.0	
-107.0	
-93.0	
-104.0	
-99.0	
-96.0	
-96.0	
-92.0	
-83.0	
-100.0	
-100.0	
-91.0	
-91.0	
-85.0	
-89.0	
-86.0	
-91.0	
-94.0	
-95.0	
-86.0	
-88.0	
-82.0	
-82.0	
-76.0	
-80.0	
-82.0	
-85.0	
-83.0	
-61.0	
-68.0	
-71.0	
-70.0	
-71.0	
-75.0	
-71.0	
-72.0	
-70.0	
-76.0	
-73.0	
-67.0	
-59.0	
-65.0	
-75.0	
-63.0	
-64.0	
-69.0	
-66.0	
-70.0	
-72.0	
-59.0	
-64.0	
-60.0	
-54.0	
-57.0	
-53.0	
-40.0	
-48.0	
-51.0	
-54.0	
-52.0	
-48.0	
-42.0	
-54.0	
-56.0	
-46.0	
-50.0	
-58.0	
-43.0	
-49.0	
-47.0	
-59.0	
-55.0	
-43.0	
-33.0	
-30.0	
-39.0	
-36.0	
-34.0	
-37.0	
-34.0	
-36.0	
-31.0	
-21.0	
-30.0	
-42.0	
-24.0	
-32.0	
-37.0	
-35.0	
-27.0	
-25.0	
-35.0	
-24.0	
-24.0	
-21.0	
-30.0	
-25.0	
-6.0	
-18.0	
-13.0	
-14.0	
-22.0	
-16.0	
-11.0	
-10.0	
-11.0	
-14.0	
-13.0	
-17.0	
-15.0	
-11.0	
-5.0	
-9.0	
-6.0	
-8.0	
-4.0	
-4.0	
0.0	
18.0	
9.0	
1.0	
11.0	
-5.0	
6.0	
4.0	
8.0	
0.0	
-7.0	
5.0	
10.0	
2.0	
15.0	
19.0	
13.0	
0.0	
7.0	
3.0	
6.0	
4.0	
22.0	
12.0	
10.0	
14.0	
30.0	
20.0	
23.0	
25.0	
21.0	
22.0	
25.0	
14.0	
14.0	
3.0	
7.0	
34.0	
24.0	
21.0	
34.0	
38.0	
23.0	
22.0	
19.0	
28.0	
40.0	
45.0	
46.0	
48.0	
57.0	
56.0	
51.0	
39.0	
53.0	
42.0	
38.0	
53.0	
46.0	
51.0	
65.0	
62.0	
56.0	
56.0	
40.0	
54.0	
54.0	
53.0	
58.0	
65.0	
49.0	
61.0	
73.0	
63.0	
64.0	
55.0	
55.0	
65.0	
52.0	
54.0	
67.0	
51.0	
52.0	
44.0	
45.0	
69.0	
57.0	
71.0	
54.0	
57.0	
77.0	
79.0	
69.0	
58.0	
71.0	
71.0	
74.0	
78.0	
84.0	
76.0	
70.0	
80.0	
83.0	
75.0	
69.0	
74.0	
81.0	
87.0	
87.0	
105.0	
91.0	
87.0	
84.0	
76.0	
73.0	
90.0	
94.0	
90.0	
76.0	
71.0	
83.0	
92.0	
89.0	
81.0	
82.0	
91.0	
93.0	
87.0	
91.0	
95.0	
86.0	
84.0	
90.0	
100.0	
87.0	
94.0	
94.0	
92.0	
98.0	
92.0	
87.0	
112.0	
97.0	
91.0	
101.0	
94.0	
102.0	
105.0	
114.0	
108.0	
120.0	
105.0	
116.0	
112.0	
113.0	
102.0	
110.0	
102.0	
106.0	
109.0	
104.0	
103.0	
107.0	
114.0	
112.0	
99.0	
113.0	
133.0	
113.0	
88.0	
103.0	
105.0	
103.0	
130.0	
121.0	
115.0	
127.0	
124.0	
117.0	
117.0	
118.0	
118.0	
107.0	
100.0	
114.0	
117.0	
113.0	
115.0	
115.0	
122.0	
122.0	
122.0	
111.0	
107.0	
123.0	
122.0	
104.0	
107.0	
105.0	
115.0	
122.0	
115.0	
107.0	
102.0	
108.0	
116.0	
122.0	
121.0	
110.0	
105.0	
113.0	
98.0	
101.0	
120.0	
123.0	
117.0	
111.0	
111.0	
112.0	
117.0	
113.0	
98.0	
104.0	
121.0	
104.0	
98.0	
105.0	
105.0	
110.0	
105.0	
107.0	
112.0	
113.0	
113.0	
108.0	
110.0	
102.0	
99.0	
106.0	
115.0	
105.0	
109.0	
111.0	
110.0	
98.0	
102.0	
101.0	
100.0	
104.0	
106.0	
118.0	
108.0	
109.0	
110.0	
114.0	
115.0	
120.0	
109.0	
114.0	
107.0	
103.0	
94.0	
104.0	
109.0	
99.0	
100.0	
98.0	
93.0	
97.0	
101.0	
104.0	
104.0	
106.0	
96.0	
105.0	
97.0	
95.0	
86.0	
98.0	
87.0	
84.0	
91.0	
94.0	
108.0	
104.0	
95.0	
91.0	
84.0	
77.0	
88.0	
92.0	
87.0	
85.0	
92.0	
85.0	
88.0	
89.0	
90.0	
80.0	
75.0	
82.0	
85.0	
85.0	
87.0	
92.0	
82.0	
79.0	
83.0	
82.0	
77.0	
66.0	
70.0	
73.0	
60.0	
65.0	
65.0	
65.0	
59.0	
69.0	
79.0	
64.0	
66.0	
66.0	
54.0	
64.0	
70.0	
61.0	
40.0	
38.0	
43.0	
55.0	
55.0	
46.0	
58.0	
57.0	
56.0	
50.0	
44.0	
54.0	
68.0	
53.0	
52.0	
49.0	
42.0	
44.0	
40.0	
42.0	
48.0	
55.0	
59.0	
57.0	
48.0	
35.0	
37.0	
41.0	
53.0	
57.0	
45.0	
38.0	
46.0	
38.0	
25.0	
31.0	
40.0	
32.0	
29.0	
40.0	
27.0	
26.0	
26.0	
25.0	
29.0	
29.0	
23.0	
16.0	
25.0	
18.0	
24.0	
30.0	
21.0	
23.0	
12.0	
9.0	
17.0	
17.0	
10.0	
14.0	
16.0	
12.0	
24.0	
18.0	
13.0	
19.0	
3.0	
11.0	
8.0	
12.0	
19.0	
17.0	
5.0	
14.0	
2.0	
16.0	
8.0	
1.0	
11.0	
18.0	
9.0	
11.0	
11.0	
19.0	
11.0	
-6.0	
1.0	
6.0	
0.0	
0.0	
13.0	
5.0	
0.0	
0.0	
0.0	
0.0	
3.0	
-8.0	
-2.0	
-2.0	
-13.0	
-6.0	
-3.0	
0.0	
-11.0	
-1.0	
-22.0	
-18.0	
-21.0	
-30.0	
-17.0	
-17.0	
-21.0	
-35.0	
-36.0	
-10.0	
-26.0	
-30.0	
-9.0	
-19.0	
-21.0	
-18.0	
-27.0	
-30.0	
-31.0	
-33.0	
-43.0	
-34.0	
-40.0	
-29.0	
-38.0	
-31.0	
-24.0	
-45.0	
-60.0	
-46.0	
-43.0	
-50.0	
-41.0	
-45.0	
-51.0	
-51.0	
-43.0	
-44.0	
-42.0	
-38.0	
-42.0	
-49.0	
-50.0	
-57.0	
-59.0	
-55.0	
-44.0	
-45.0	
-60.0	
-56.0	
-44.0	
-25.0	
-47.0	
-57.0	
-57.0	
-61.0	
-59.0	
-57.0	
-63.0	
-69.0	
-52.0	
-63.0	
-69.0	
-67.0	
-61.0	
-66.0	
-68.0	
-63.0	
-76.0	
-66.0	
-81.0	
-80.0	
-68.0	
-81.0	
-69.0	
-68.0	
-60.0	
-74.0	
-74.0	
-71.0	
-56.0	
-65.0	
-80.0	
-75.0	
-70.0	
-86.0	
-91.0	
-83.0	
-75.0	
-86.0	
-95.0	
-92.0	
-88.0	
-84.0	
-94.0	
-93.0	
-84.0	
-76.0	
-76.0	
-90.0	
-102.0	
-87.0	
-85.0	
-77.0	
-95.0	
-101.0	
-101.0	
-84.0	
-88.0	
-88.0	
-91.0	
-99.0	
-90.0	
-79.0	
-94.0	
-93.0	
-102.0	
-94.0	
-100.0	
-104.0	
-101.0	
-91.0	
-103.0	
-107.0	
-106.0	
-104.0	
-106.0	
-104.0	
-98.0	
-100.0	
-103.0	
-110.0	
-102.0	
-99.0	
-101.0	
-94.0	
-93.0	
-95.0	
-98.0	
-104.0	
-111.0	
-115.0	
-107.0	
-96.0	
-103.0	
-104.0	
-94.0	
-97.0	
-101.0	
-121.0	
-101.0	
-98.0	
-102.0	
-96.0	
-98.0	
-106.0	
-99.0	
-99.0	
-111.0	
-110.0	
-108.0	
-91.0	
-92.0	
-113.0	
-109.0	
-109.0	
-104.0	
-101.0	
-106.0	
-108.0	
-109.0	
-97.0	
-106.0	
-110.0	
-107.0	
-103.0	
-102.0	
-103.0	
-118.0	
-116.0	
-108.0	
-108.0	
-96.0	
-98.0	
-107.0	
-110.0	
-105.0	
-103.0	
-102.0	
-105.0	
-106.0	
-99.0	
-105.0	
-97.0	
-100.0	
-100.0	
-107.0	
-100.0	
-99.0	
-106.0	
-101.0	
-90.0	
-100.0	
-111.0	
-96.0	
-97.0	
-92.0	
-94.0	
-93.0	
-85.0	
-76.0	
-75.0	
-79.0	
-69.0	
-86.0	
-78.0	
-73.0	
-86.0	
-93.0	
-85.0	
-87.0	
-86.0	
-86.0	
-73.0	
-79.0	
-87.0	
-77.0	
-80.0	
-70.0	
-68.0	
-82.0	
-81.0	
-81.0	
-78.0	
-74.0	
-84.0	
-71.0	
-67.0	
-64.0	
-54.0	
-65.0	
-71.0	
-79.0	
-84.0	
-77.0	
-67.0	
-65.0	
-82.0	
-59.0	
-58.0	
-60.0	
-50.0	
-51.0	
-56.0	
-58.0	
-63.0	
-62.0	
-53.0	
-61.0	
-58.0	
-46.0	
-47.0	
-51.0	
-48.0	
-39.0	
-45.0	
-58.0	
-57.0	
-50.0	
-56.0	
-53.0	
-65.0	
-64.0	
-55.0	
-44.0	
-55.0	
-52.0	
-48.0	
-46.0	
-43.0	
-36.0	
-33.0	
-28.0	
-26.0	
-21.0	
-29.0	
-41.0	
-17.0	
-21.0	
-25.0	
-28.0	
-29.0	
-28.0	
-35.0	
-34.0	
-25.0	
-24.0	
-24.0	
-17.0	
-14.0	
-5.0	
-17.0	
-12.0	
-18.0	
-10.0	
-7.0	
-11.0	
-8.0	
-9.0	
8.0	
3.0	
-10.0	
-10.0	
-8.0	
0.0	
0.0	
4.0	
-2.0	
0.0	
11.0	
0.0	
0.0	
11.0	
4.0	
9.0	
10.0	
5.0	
11.0	
14.0	
28.0	
14.0	
9.0	
22.0	
20.0	
17.0	
14.0	
14.0	
18.0	
30.0	
18.0	
24.0	
23.0	
25.0	
24.0	
25.0	
15.0	
24.0	
28.0	
26.0	
11.0	
8.0	
23.0	
15.0	
18.0	
29.0	
27.0	
25.0	
26.0	
32.0	
38.0	
33.0	
33.0	
38.0	
39.0	
30.0	
39.0	
59.0	
45.0	
44.0	
46.0	
49.0	
38.0	
49.0	
53.0	
37.0	
35.0	
35.0	
48.0	
41.0	
43.0	
51.0	
40.0	
43.0	
45.0	
49.0	
56.0	
51.0	
54.0	
47.0	
38.0	
44.0	
46.0	
53.0	
65.0	
58.0	
57.0	
64.0	
60.0	
46.0	
48.0	
63.0	
70.0	
62.0	
74.0	
67.0	
58.0	
59.0	
71.0	
75.0	
71.0	
60.0	
59.0	
69.0	
86.0	
77.0	
78.0	
79.0	
81.0	
78.0	
79.0	
69.0	
77.0	
85.0	
81.0	
95.0	
78.0	
70.0	
89.0	
95.0	
97.0	
88.0	
89.0	
86.0	
97.0	
86.0	
98.0	
97.0	
93.0	
84.0	
89.0	
88.0	
90.0	
70.0	
77.0	
78.0	
84.0	
84.0	
93.0	
90.0	
85.0	
85.0	
97.0	
88.0	
94.0	
103.0	
94.0	
83.0	
87.0	
89.0	
85.0	
88.0	
87.0	
84.0	
89.0	
82.0	
81.0	
84.0	
85.0	
89.0	
92.0	
91.0	
90.0	
96.0	
109.0	
101.0	
89.0	
95.0	
80.0	
89.0	
111.0	
101.0	
84.0	
89.0	
96.0	
94.0	
99.0	
99.0	
103.0	
96.0	
93.0	
91.0	
88.0	
106.0	
101.0	
97.0	
79.0	
79.0	
74.0	
76.0	
81.0	
77.0	
78.0	
76.0	
79.0	
84.0	
82.0	
90.0	
77.0	
81.0	
82.0	
78.0	
85.0	
81.0	
93.0	
85.0	
75.0	
83.0	
80.0	
86.0	
82.0	
86.0	
83.0	
89.0	
71.0	
70.0	
76.0	
87.0	
78.0	
77.0	
77.0	
86.0	
80.0	
76.0	
86.0	
85.0	
71.0	
72.0	
90.0	
85.0	
77.0	
74.0	
87.0	
88.0	
72.0	
69.0	
62.0	
78.0	
86.0	
67.0	
82.0	
81.0	
74.0	
66.0	
74.0	
64.0	
68.0	
69.0	
58.0	
62.0	
56.0	
59.0	
69.0	
56.0	
64.0	
77.0	
75.0	
52.0	
47.0	
59.0	
65.0	
70.0	
71.0	
63.0	
59.0	
66.0	
60.0	
52.0	
55.0	
65.0	
60.0	
55.0	
58.0	
53.0	
65.0	
56.0	
61.0	
66.0	
67.0	
51.0	
44.0	
53.0	
54.0	
44.0	
31.0	
47.0	
54.0	
49.0	
45.0	
49.0	
53.0	
43.0	
38.0	
38.0	
41.0	
36.0	
28.0	
22.0	
34.0	
28.0	
40.0	
35.0	
34.0	
26.0	
23.0	
24.0	
18.0	
37.0	
34.0	
34.0	
38.0	
33.0	
39.0	
44.0	
