-58.0	
-44.0	
-45.0	
-43.0	
-48.0	
-50.0	
-32.0	
-28.0	
-21.0	
-27.0	
-21.0	
-8.0	
-2.0	
-9.0	
-15.0	
-17.0	
-7.0	
7.0	
15.0	
13.0	
28.0	
33.0	
25.0	
26.0	
23.0	
49.0	
48.0	
51.0	
55.0	
61.0	
72.0	
74.0	
80.0	
84.0	
86.0	
96.0	
97.0	
90.0	
102.0	
105.0	
119.0	
121.0	
122.0	
130.0	
138.0	
146.0	
151.0	
159.0	
167.0	
162.0	
169.0	
180.0	
205.0	
210.0	
207.0	
215.0	
216.0	
222.0	
231.0	
233.0	
235.0	
232.0	
246.0	
257.0	
266.0	
246.0	
254.0	
276.0	
275.0	
287.0	
282.0	
285.0	
298.0	
301.0	
304.0	
307.0	
302.0	
316.0	
319.0	
323.0	
337.0	
341.0	
332.0	
344.0	
342.0	
351.0	
362.0	
369.0	
373.0	
367.0	
369.0	
366.0	
376.0	
391.0	
376.0	
375.0	
390.0	
394.0	
411.0	
405.0	
398.0	
412.0	
402.0	
405.0	
413.0	
406.0	
414.0	
429.0	
425.0	
418.0	
424.0	
428.0	
430.0	
440.0	
439.0	
440.0	
432.0	
432.0	
439.0	
433.0	
438.0	
443.0	
436.0	
430.0	
425.0	
434.0	
433.0	
430.0	
443.0	
433.0	
428.0	
435.0	
438.0	
424.0	
418.0	
422.0	
432.0	
412.0	
401.0	
407.0	
415.0	
416.0	
414.0	
406.0	
399.0	
395.0	
393.0	
402.0	
408.0	
401.0	
385.0	
396.0	
395.0	
388.0	
381.0	
381.0	
362.0	
370.0	
369.0	
365.0	
361.0	
354.0	
350.0	
348.0	
351.0	
345.0	
345.0	
338.0	
339.0	
344.0	
335.0	
324.0	
320.0	
313.0	
313.0	
313.0	
315.0	
298.0	
294.0	
293.0	
288.0	
284.0	
278.0	
273.0	
251.0	
259.0	
250.0	
254.0	
247.0	
226.0	
233.0	
224.0	
223.0	
217.0	
218.0	
207.0	
184.0	
182.0	
185.0	
185.0	
175.0	
174.0	
165.0	
151.0	
141.0	
146.0	
149.0	
123.0	
129.0	
123.0	
112.0	
116.0	
107.0	
108.0	
95.0	
93.0	
103.0	
96.0	
90.0	
80.0	
67.0	
74.0	
62.0	
52.0	
51.0	
38.0	
30.0	
19.0	
19.0	
27.0	
15.0	
24.0	
4.0	
-10.0	
-13.0	
-13.0	
-8.0	
-18.0	
-34.0	
-33.0	
-33.0	
-22.0	
-36.0	
-49.0	
-47.0	
-50.0	
-65.0	
-69.0	
-73.0	
-83.0	
-79.0	
-83.0	
-85.0	
-89.0	
-108.0	
-125.0	
-122.0	
-124.0	
-137.0	
-136.0	
-127.0	
-133.0	
-141.0	
-141.0	
-137.0	
-145.0	
-165.0	
-170.0	
-171.0	
-176.0	
-167.0	
-170.0	
-189.0	
-180.0	
-176.0	
-189.0	
-179.0	
-199.0	
-203.0	
-209.0	
-209.0	
-220.0	
-209.0	
-210.0	
-224.0	
-239.0	
-241.0	
-236.0	
-226.0	
-231.0	
-233.0	
-236.0	
-242.0	
-247.0	
-242.0	
-258.0	
-252.0	
-254.0	
-270.0	
-275.0	
-271.0	
-288.0	
-281.0	
-281.0	
-295.0	
-292.0	
-283.0	
-298.0	
-309.0	
-297.0	
-288.0	
-306.0	
-313.0	
-304.0	
-320.0	
-326.0	
-321.0	
-320.0	
-324.0	
-321.0	
-309.0	
-326.0	
-333.0	
-341.0	
-340.0	
-332.0	
-325.0	
-341.0	
-346.0	
-352.0	
-345.0	
-345.0	
-345.0	
-349.0	
-349.0	
-348.0	
-349.0	
-354.0	
-349.0	
-356.0	
-360.0	
-358.0	
-361.0	
-354.0	
-347.0	
-342.0	
-350.0	
-361.0	
-356.0	
-357.0	
-345.0	
-354.0	
-363.0	
-364.0	
-367.0	
-369.0	
-369.0	
-357.0	
-359.0	
-355.0	
-361.0	
-353.0	
-361.0	
-359.0	
-364.0	
-368.0	
-371.0	
-365.0	
-356.0	
-357.0	
-344.0	
-352.0	
-348.0	
-359.0	
-359.0	
-340.0	
-337.0	
-339.0	
-339.0	
-332.0	
-325.0	
-326.0	
-329.0	
-322.0	
-329.0	
-339.0	
-338.0	
-333.0	
-330.0	
-338.0	
-319.0	
-313.0	
-307.0	
-307.0	
-309.0	
-308.0	
-304.0	
-301.0	
-306.0	
-296.0	
-295.0	
-304.0	
-295.0	
-283.0	
-277.0	
-280.0	
-268.0	
-272.0	
-270.0	
-264.0	
-257.0	
-246.0	
-249.0	
-248.0	
-251.0	
-252.0	
-232.0	
-238.0	
-232.0	
-228.0	
-218.0	
-204.0	
-214.0	
-204.0	
-199.0	
-193.0	
-178.0	
-186.0	
-189.0	
-187.0	
-180.0	
-157.0	
-153.0	
-173.0	
-164.0	
-157.0	
-145.0	
-147.0	
-140.0	
-141.0	
-133.0	
-123.0	
-108.0	
-103.0	
-101.0	
-103.0	
-95.0	
-95.0	
-72.0	
-77.0	
-83.0	
-71.0	
-68.0	
-61.0	
-53.0	
-54.0	
-38.0	
-30.0	
-20.0	
-18.0	
-17.0	
-14.0	
-6.0	
7.0	
19.0	
17.0	
20.0	
23.0	
35.0	
33.0	
30.0	
44.0	
63.0	
63.0	
53.0	
73.0	
76.0	
74.0	
89.0	
86.0	
90.0	
98.0	
88.0	
108.0	
111.0	
115.0	
128.0	
129.0	
120.0	
127.0	
126.0	
146.0	
151.0	
154.0	
157.0	
158.0	
162.0	
160.0	
165.0	
179.0	
189.0	
182.0	
196.0	
223.0	
203.0	
205.0	
201.0	
205.0	
217.0	
227.0	
229.0	
212.0	
215.0	
220.0	
206.0	
223.0	
228.0	
238.0	
238.0	
231.0	
240.0	
248.0	
246.0	
248.0	
239.0	
241.0	
249.0	
254.0	
252.0	
250.0	
244.0	
258.0	
253.0	
254.0	
263.0	
260.0	
253.0	
260.0	
261.0	
253.0	
253.0	
270.0	
267.0	
261.0	
263.0	
262.0	
263.0	
261.0	
260.0	
252.0	
259.0	
269.0	
271.0	
265.0	
260.0	
263.0	
270.0	
268.0	
267.0	
259.0	
243.0	
256.0	
269.0	
259.0	
245.0	
250.0	
248.0	
251.0	
246.0	
244.0	
255.0	
251.0	
245.0	
253.0	
235.0	
243.0	
232.0	
216.0	
227.0	
224.0	
219.0	
223.0	
209.0	
218.0	
217.0	
217.0	
210.0	
206.0	
208.0	
205.0	
197.0	
193.0	
187.0	
180.0	
165.0	
170.0	
175.0	
162.0	
172.0	
163.0	
165.0	
169.0	
162.0	
163.0	
144.0	
138.0	
143.0	
152.0	
141.0	
146.0	
142.0	
123.0	
125.0	
144.0	
131.0	
113.0	
122.0	
109.0	
105.0	
121.0	
100.0	
92.0	
105.0	
87.0	
90.0	
