-25.0	
-30.0	
-25.0	
-19.0	
-7.0	
-13.0	
-1.0	
-3.0	
3.0	
20.0	
24.0	
20.0	
27.0	
34.0	
47.0	
55.0	
67.0	
70.0	
72.0	
97.0	
98.0	
98.0	
111.0	
128.0	
123.0	
132.0	
145.0	
151.0	
162.0	
162.0	
170.0	
178.0	
182.0	
189.0	
191.0	
212.0	
220.0	
233.0	
243.0	
235.0	
242.0	
224.0	
250.0	
262.0	
276.0	
274.0	
285.0	
302.0	
299.0	
300.0	
316.0	
317.0	
307.0	
311.0	
321.0	
324.0	
338.0	
348.0	
345.0	
343.0	
369.0	
374.0	
374.0	
380.0	
378.0	
390.0	
395.0	
399.0	
406.0	
408.0	
401.0	
406.0	
422.0	
432.0	
432.0	
429.0	
441.0	
437.0	
447.0	
454.0	
466.0	
469.0	
470.0	
474.0	
474.0	
475.0	
482.0	
477.0	
490.0	
499.0	
485.0	
495.0	
504.0	
499.0	
507.0	
517.0	
521.0	
509.0	
531.0	
524.0	
518.0	
520.0	
517.0	
510.0	
531.0	
526.0	
525.0	
522.0	
527.0	
533.0	
538.0	
541.0	
523.0	
530.0	
523.0	
531.0	
540.0	
529.0	
532.0	
525.0	
528.0	
529.0	
526.0	
522.0	
527.0	
534.0	
527.0	
519.0	
522.0	
520.0	
509.0	
514.0	
511.0	
498.0	
497.0	
495.0	
492.0	
491.0	
475.0	
487.0	
469.0	
455.0	
458.0	
454.0	
446.0	
453.0	
455.0	
465.0	
458.0	
458.0	
456.0	
439.0	
422.0	
419.0	
408.0	
409.0	
400.0	
390.0	
387.0	
387.0	
389.0	
373.0	
366.0	
370.0	
363.0	
353.0	
342.0	
344.0	
326.0	
321.0	
311.0	
299.0	
299.0	
302.0	
276.0	
267.0	
260.0	
261.0	
249.0	
245.0	
238.0	
228.0	
216.0	
191.0	
187.0	
196.0	
181.0	
181.0	
182.0	
170.0	
151.0	
140.0	
143.0	
122.0	
121.0	
123.0	
109.0	
93.0	
86.0	
84.0	
73.0	
63.0	
65.0	
43.0	
34.0	
18.0	
13.0	
-2.0	
-10.0	
-5.0	
-8.0	
-20.0	
-33.0	
-30.0	
-34.0	
-50.0	
-64.0	
-59.0	
-80.0	
-90.0	
-89.0	
-105.0	
-101.0	
-102.0	
-124.0	
-129.0	
-126.0	
-126.0	
-147.0	
-162.0	
-160.0	
-171.0	
-177.0	
-179.0	
-185.0	
-203.0	
-203.0	
-207.0	
-218.0	
-224.0	
-228.0	
-228.0	
-226.0	
-245.0	
-258.0	
-268.0	
-276.0	
-275.0	
-271.0	
-288.0	
-284.0	
-293.0	
-291.0	
-315.0	
-322.0	
-327.0	
-325.0	
-317.0	
-327.0	
-335.0	
-337.0	
-337.0	
-348.0	
-343.0	
-354.0	
-363.0	
-369.0	
-369.0	
-360.0	
-363.0	
-367.0	
-368.0	
-378.0	
-396.0	
-392.0	
-398.0	
-390.0	
-392.0	
-391.0	
-394.0	
-416.0	
-404.0	
-409.0	
-404.0	
-415.0	
-424.0	
-426.0	
-432.0	
-432.0	
-431.0	
-434.0	
-431.0	
-446.0	
-458.0	
-450.0	
-442.0	
-458.0	
-460.0	
-454.0	
-456.0	
-456.0	
-451.0	
-434.0	
-443.0	
-470.0	
-457.0	
-444.0	
-463.0	
-460.0	
-465.0	
-473.0	
-473.0	
-471.0	
-460.0	
-469.0	
-466.0	
-465.0	
-463.0	
-462.0	
-458.0	
-463.0	
-453.0	
-468.0	
-465.0	
-445.0	
-451.0	
-461.0	
-446.0	
-456.0	
-438.0	
-444.0	
-453.0	
-455.0	
-441.0	
-441.0	
-445.0	
-453.0	
-448.0	
-439.0	
-436.0	
-437.0	
-429.0	
-416.0	
-411.0	
-413.0	
-406.0	
-411.0	
-397.0	
-399.0	
-401.0	
-394.0	
-394.0	
-388.0	
-404.0	
-392.0	
-372.0	
-374.0	
-378.0	
-373.0	
-369.0	
-355.0	
-353.0	
-346.0	
-337.0	
-336.0	
-340.0	
-323.0	
-324.0	
-314.0	
-312.0	
-320.0	
-313.0	
-307.0	
-310.0	
-296.0	
-290.0	
-289.0	
-267.0	
-267.0	
-262.0	
-248.0	
-251.0	
-255.0	
-245.0	
-240.0	
-227.0	
-226.0	
-237.0	
-215.0	
-205.0	
-215.0	
-219.0	
-193.0	
-191.0	
-208.0	
-194.0	
-189.0	
-178.0	
-180.0	
-173.0	
-151.0	
-152.0	
-145.0	
-130.0	
-136.0	
-122.0	
-115.0	
-115.0	
-106.0	
-101.0	
-93.0	
-85.0	
-80.0	
-73.0	
-62.0	
-47.0	
-44.0	
-50.0	
-36.0	
-14.0	
-16.0	
-9.0	
-13.0	
-4.0	
8.0	
4.0	
11.0	
22.0	
32.0	
35.0	
38.0	
56.0	
53.0	
46.0	
53.0	
88.0	
71.0	
93.0	
100.0	
111.0	
113.0	
118.0	
110.0	
109.0	
127.0	
137.0	
144.0	
132.0	
141.0	
147.0	
145.0	
167.0	
160.0	
173.0	
183.0	
177.0	
185.0	
184.0	
187.0	
180.0	
187.0	
198.0	
203.0	
208.0	
209.0	
228.0	
213.0	
214.0	
222.0	
231.0	
234.0	
232.0	
225.0	
225.0	
252.0	
256.0	
257.0	
253.0	
254.0	
265.0	
253.0	
256.0	
266.0	
275.0	
285.0	
265.0	
277.0	
281.0	
286.0	
292.0	
298.0	
294.0	
299.0	
285.0	
281.0	
289.0	
285.0	
286.0	
290.0	
273.0	
283.0	
282.0	
282.0	
292.0	
292.0	
282.0	
291.0	
282.0	
276.0	
281.0	
271.0	
276.0	
285.0	
271.0	
258.0	
260.0	
272.0	
262.0	
268.0	
266.0	
248.0	
256.0	
249.0	
255.0	
235.0	
235.0	
248.0	
250.0	
232.0	
238.0	
230.0	
220.0	
229.0	
233.0	
225.0	
218.0	
220.0	
238.0	
222.0	
204.0	
207.0	
217.0	
200.0	
197.0	
199.0	
179.0	
181.0	
188.0	
177.0	
169.0	
173.0	
165.0	
167.0	
165.0	
165.0	
156.0	
165.0	
166.0	
151.0	
144.0	
148.0	
140.0	
143.0	
141.0	
132.0	
118.0	
121.0	
115.0	
114.0	
107.0	
113.0	
103.0	
99.0	
105.0	
102.0	
92.0	
89.0	
98.0	
87.0	
81.0	
87.0	
78.0	
77.0	
65.0	
81.0	
82.0	
74.0	
63.0	
69.0	
63.0	
50.0	
55.0	
73.0	
53.0	
41.0	
48.0	
35.0	
44.0	
53.0	
33.0	
37.0	
41.0	
27.0	
31.0	
18.0	
23.0	
19.0	
12.0	
13.0	
12.0	
16.0	
22.0	
7.0	
-1.0	
-2.0	
9.0	
-4.0	
3.0	
-12.0	
-5.0	
-12.0	
-11.0	
-16.0	
-15.0	
-6.0	
