-316.0	
-356.0	
-380.0	
-412.0	
-438.0	
-468.0	
-495.0	
-531.0	
-569.0	
-588.0	
-619.0	
-640.0	
-671.0	
-719.0	
-744.0	
-769.0	
-798.0	
-823.0	
-832.0	
-859.0	
-900.0	
-914.0	
-938.0	
-966.0	
-997.0	
-1006.0	
-1017.0	
-1041.0	
-1066.0	
-1073.0	
-1088.0	
-1108.0	
-1112.0	
-1106.0	
-1127.0	
-1140.0	
-1138.0	
-1134.0	
-1132.0	
-1144.0	
-1153.0	
-1151.0	
-1140.0	
-1139.0	
-1127.0	
-1122.0	
-1124.0	
-1115.0	
-1101.0	
-1094.0	
-1074.0	
-1076.0	
-1072.0	
-1053.0	
-1035.0	
-1016.0	
-996.0	
-980.0	
-971.0	
-949.0	
-914.0	
-895.0	
-876.0	
-850.0	
-829.0	
-810.0	
-785.0	
-744.0	
-716.0	
-698.0	
-665.0	
-645.0	
-630.0	
-586.0	
-563.0	
-532.0	
-502.0	
-484.0	
-445.0	
-405.0	
-385.0	
-374.0	
-334.0	
-318.0	
-289.0	
-243.0	
-205.0	
-184.0	
-143.0	
-115.0	
-89.0	
-66.0	
-27.0	
1.0	
25.0	
52.0	
86.0	
125.0	
140.0	
172.0	
211.0	
228.0	
258.0	
297.0	
321.0	
362.0	
394.0	
415.0	
445.0	
479.0	
515.0	
519.0	
538.0	
574.0	
610.0	
631.0	
659.0	
670.0	
704.0	
728.0	
741.0	
767.0	
788.0	
814.0	
832.0	
851.0	
882.0	
889.0	
910.0	
933.0	
931.0	
953.0	
971.0	
990.0	
993.0	
1002.0	
1023.0	
1026.0	
1049.0	
1062.0	
1060.0	
1067.0	
1077.0	
1086.0	
1108.0	
1109.0	
1111.0	
1121.0	
1122.0	
1128.0	
1124.0	
1120.0	
1121.0	
1114.0	
1119.0	
1127.0	
1127.0	
1119.0	
1105.0	
1093.0	
1090.0	
1081.0	
1070.0	
1073.0	
1061.0	
1061.0	
1045.0	
1024.0	
1012.0	
1009.0	
995.0	
995.0	
989.0	
962.0	
942.0	
929.0	
917.0	
906.0	
905.0	
885.0	
864.0	
850.0	
843.0	
835.0	
808.0	
796.0	
780.0	
763.0	
755.0	
742.0	
735.0	
714.0	
697.0	
707.0	
679.0	
661.0	
644.0	
645.0	
628.0	
611.0	
591.0	
570.0	
568.0	
567.0	
534.0	
516.0	
517.0	
493.0	
480.0	
483.0	
460.0	
438.0	
421.0	
425.0	
424.0	
395.0	
364.0	
360.0	
335.0	
319.0	
307.0	
294.0	
279.0	
252.0	
247.0	
230.0	
219.0	
184.0	
169.0	
160.0	
150.0	
133.0	
123.0	
109.0	
82.0	
71.0	
68.0	
50.0	
42.0	
11.0	
7.0	
-13.0	
-36.0	
-45.0	
-70.0	
-75.0	
-89.0	
-115.0	
-128.0	
-146.0	
-157.0	
-172.0	
-188.0	
-203.0	
-215.0	
-224.0	
-245.0	
-269.0	
-271.0	
-276.0	
-288.0	
-299.0	
-321.0	
-327.0	
-351.0	
-365.0	
-375.0	
-392.0	
-389.0	
-395.0	
-415.0	
-436.0	
-431.0	
-444.0	
-454.0	
-454.0	
-469.0	
-480.0	
-488.0	
-484.0	
-492.0	
-494.0	
-483.0	
-478.0	
-498.0	
-511.0	
-503.0	
-502.0	
-505.0	
-505.0	
-506.0	
-493.0	
-492.0	
-493.0	
-494.0	
-483.0	
-479.0	
-484.0	
-487.0	
-479.0	
-460.0	
-474.0	
-469.0	
-449.0	
-444.0	
-441.0	
-439.0	
-441.0	
-425.0	
-408.0	
-411.0	
-397.0	
-400.0	
-379.0	
-363.0	
-360.0	
-345.0	
-336.0	
-323.0	
-326.0	
-318.0	
-297.0	
-279.0	
-264.0	
-242.0	
-218.0	
-219.0	
-210.0	
-189.0	
-171.0	
-155.0	
-138.0	
-128.0	
-104.0	
-93.0	
-78.0	
-77.0	
-54.0	
-27.0	
-21.0	
-9.0	
12.0	
35.0	
48.0	
74.0	
95.0	
97.0	
107.0	
121.0	
134.0	
161.0	
181.0	
