-141.0	
-144.0	
-168.0	
-184.0	
-197.0	
-193.0	
-209.0	
-223.0	
-220.0	
-226.0	
-232.0	
-239.0	
-253.0	
-254.0	
-268.0	
-285.0	
-288.0	
-277.0	
-299.0	
-304.0	
-309.0	
-324.0	
-332.0	
-341.0	
-341.0	
-345.0	
-349.0	
-372.0	
-380.0	
-378.0	
-404.0	
-412.0	
-409.0	
-424.0	
-430.0	
-435.0	
-446.0	
-464.0	
-456.0	
-467.0	
-474.0	
-476.0	
-490.0	
-508.0	
-515.0	
-531.0	
-536.0	
-546.0	
-540.0	
-538.0	
-549.0	
-565.0	
-570.0	
-582.0	
-594.0	
-598.0	
-599.0	
-594.0	
-592.0	
-619.0	
-615.0	
-614.0	
-631.0	
-643.0	
-644.0	
-640.0	
-645.0	
-653.0	
-651.0	
-659.0	
-669.0	
-670.0	
-661.0	
-661.0	
-671.0	
-678.0	
-694.0	
-688.0	
-684.0	
-693.0	
-682.0	
-691.0	
-692.0	
-708.0	
-697.0	
-688.0	
-679.0	
-689.0	
-699.0	
-702.0	
-706.0	
-696.0	
-697.0	
-704.0	
-700.0	
-680.0	
-691.0	
-701.0	
-707.0	
-708.0	
-695.0	
-701.0	
-701.0	
-698.0	
-694.0	
-697.0	
-707.0	
-706.0	
-702.0	
-698.0	
-701.0	
-699.0	
-698.0	
-695.0	
-697.0	
-685.0	
-693.0	
-697.0	
-691.0	
-695.0	
-693.0	
-699.0	
-681.0	
-681.0	
-689.0	
-689.0	
-686.0	
-689.0	
-679.0	
-661.0	
-668.0	
-663.0	
-669.0	
-659.0	
-677.0	
-667.0	
-665.0	
-658.0	
-650.0	
-657.0	
-662.0	
-651.0	
-638.0	
-647.0	
-635.0	
-643.0	
-639.0	
-639.0	
-619.0	
-617.0	
-619.0	
-624.0	
-609.0	
-603.0	
-599.0	
-598.0	
-599.0	
-594.0	
-583.0	
-573.0	
-562.0	
-560.0	
-559.0	
-552.0	
-542.0	
-530.0	
-529.0	
-532.0	
-521.0	
-521.0	
-515.0	
-518.0	
-520.0	
-489.0	
-480.0	
-482.0	
-464.0	
-455.0	
-451.0	
-448.0	
-437.0	
-420.0	
-423.0	
-407.0	
-410.0	
-401.0	
-391.0	
-387.0	
-386.0	
-377.0	
-368.0	
-367.0	
-342.0	
-332.0	
-322.0	
-331.0	
-326.0	
-310.0	
-297.0	
-291.0	
-279.0	
-271.0	
-269.0	
-258.0	
-244.0	
-244.0	
-238.0	
-239.0	
-245.0	
-207.0	
-196.0	
-203.0	
-187.0	
-199.0	
-201.0	
-179.0	
-171.0	
-156.0	
-146.0	
-134.0	
-129.0	
-135.0	
-118.0	
-99.0	
-103.0	
-100.0	
-96.0	
-86.0	
-73.0	
-70.0	
-58.0	
-40.0	
-25.0	
-14.0	
-25.0	
-18.0	
-22.0	
-22.0	
-10.0	
-4.0	
23.0	
40.0	
36.0	
38.0	
39.0	
50.0	
58.0	
59.0	
62.0	
78.0	
82.0	
78.0	
102.0	
104.0	
94.0	
103.0	
123.0	
122.0	
133.0	
154.0	
153.0	
145.0	
160.0	
171.0	
170.0	
178.0	
188.0	
194.0	
194.0	
204.0	
209.0	
209.0	
216.0	
226.0	
240.0	
243.0	
252.0	
253.0	
259.0	
268.0	
274.0	
280.0	
302.0	
295.0	
279.0	
306.0	
325.0	
315.0	
318.0	
328.0	
329.0	
338.0	
330.0	
320.0	
348.0	
356.0	
365.0	
382.0	
382.0	
379.0	
393.0	
394.0	
387.0	
398.0	
405.0	
418.0	
412.0	
409.0	
423.0	
436.0	
440.0	
454.0	
443.0	
446.0	
451.0	
468.0	
472.0	
478.0	
483.0	
489.0	
488.0	
499.0	
497.0	
504.0	
512.0	
511.0	
506.0	
511.0	
516.0	
513.0	
528.0	
523.0	
516.0	
533.0	
515.0	
533.0	
544.0	
548.0	
545.0	
547.0	
546.0	
556.0	
559.0	
557.0	
552.0	
554.0	
545.0	
548.0	
548.0	
556.0	
569.0	
562.0	
567.0	
549.0	
567.0	
560.0	
562.0	
562.0	
559.0	
551.0	
569.0	
569.0	
547.0	
560.0	
575.0	
549.0	
549.0	
558.0	
563.0	
552.0	
557.0	
545.0	
540.0	
553.0	
547.0	
541.0	
540.0	
537.0	
547.0	
529.0	
530.0	
522.0	
520.0	
519.0	
515.0	
513.0	
515.0	
507.0	
489.0	
486.0	
493.0	
487.0	
487.0	
468.0	
481.0	
489.0	
488.0	
461.0	
466.0	
453.0	
448.0	
453.0	
457.0	
433.0	
434.0	
435.0	
429.0	
424.0	
415.0	
410.0	
416.0	
404.0	
388.0	
395.0	
389.0	
379.0	
374.0	
363.0	
360.0	
359.0	
370.0	
357.0	
331.0	
340.0	
336.0	
318.0	
304.0	
302.0	
311.0	
295.0	
279.0	
289.0	
283.0	
270.0	
263.0	
262.0	
250.0	
245.0	
252.0	
226.0	
233.0	
239.0	
222.0	
216.0	
203.0	
184.0	
196.0	
177.0	
177.0	
173.0	
174.0	
164.0	
157.0	
162.0	
144.0	
136.0	
131.0	
119.0	
110.0	
105.0	
102.0	
107.0	
91.0	
80.0	
84.0	
78.0	
74.0	
70.0	
50.0	
44.0	
38.0	
35.0	
38.0	
30.0	
20.0	
4.0	
5.0	
2.0	
-7.0	
-10.0	
-6.0	
-27.0	
-40.0	
-32.0	
-27.0	
-44.0	
-40.0	
-59.0	
-61.0	
-65.0	
-68.0	
-95.0	
-99.0	
-99.0	
-93.0	
-99.0	
-109.0	
-121.0	
-118.0	
-124.0	
-126.0	
-131.0	
-134.0	
-148.0	
-149.0	
-158.0	
-160.0	
-171.0	
-176.0	
-178.0	
-189.0	
-190.0	
-198.0	
-204.0	
-204.0	
-206.0	
-213.0	
-234.0	
-227.0	
-235.0	
-235.0	
-252.0	
-262.0	
-246.0	
-268.0	
-271.0	
-260.0	
-262.0	
-266.0	
-281.0	
-281.0	
-293.0	
-310.0	
-308.0	
-318.0	
-322.0	
-313.0	
-317.0	
-320.0	
-323.0	
-321.0	
-328.0	
-338.0	
-346.0	
-338.0	
-350.0	
-354.0	
-355.0	
-370.0	
-372.0	
-361.0	
-369.0	
-370.0	
-379.0	
-379.0	
-388.0	
-393.0	
-403.0	
-413.0	
-397.0	
-409.0	
-410.0	
-413.0	
-420.0	
-430.0	
-428.0	
-437.0	
-438.0	
-443.0	
-444.0	
-445.0	
-451.0	
-459.0	
-459.0	
-479.0	
-468.0	
-460.0	
-448.0	
-477.0	
-478.0	
-475.0	
-469.0	
-481.0	
-483.0	
-476.0	
-472.0	
-484.0	
-485.0	
-478.0	
-484.0	
-487.0	
-486.0	
-491.0	
-492.0	
-493.0	
-495.0	
-506.0	
-506.0	
-495.0	
-502.0	
-504.0	
-497.0	
-500.0	
-499.0	
-503.0	
-514.0	
-516.0	
-510.0	
-509.0	
-514.0	
-509.0	
-507.0	
-517.0	
-525.0	
-525.0	
-505.0	
-503.0	
-508.0	
-507.0	
-523.0	
-523.0	
-510.0	
-512.0	
-510.0	
-507.0	
-516.0	
-512.0	
-512.0	
-520.0	
-526.0	
-502.0	
-509.0	
-509.0	
-513.0	
-507.0	
-502.0	
-492.0	
-501.0	
-507.0	
-497.0	
-500.0	
-505.0	
-499.0	
-499.0	
-488.0	
-490.0	
-491.0	
-509.0	
-513.0	
-499.0	
-493.0	
-503.0	
-488.0	
-483.0	
-479.0	
-475.0	
-491.0	
-493.0	
-482.0	
-474.0	
-474.0	
-478.0	
-472.0	
-479.0	
-469.0	
-466.0	
-460.0	
-450.0	
-456.0	
-461.0	
-441.0	
-426.0	
-438.0	
-441.0	
-439.0	
-441.0	
-432.0	
-428.0	
-425.0	
-427.0	
-425.0	
-413.0	
-419.0	
-417.0	
-427.0	
-427.0	
-405.0	
-398.0	
-401.0	
-403.0	
-416.0	
-410.0	
-398.0	
-403.0	
-402.0	
-385.0	
-383.0	
-385.0	
-380.0	
-373.0	
-363.0	
-374.0	
-364.0	
-353.0	
-353.0	
-338.0	
-347.0	
-352.0	
-356.0	
-354.0	
-345.0	
-330.0	
-327.0	
-346.0	
-323.0	
-311.0	
-308.0	
-323.0	
-312.0	
-304.0	
-292.0	
-287.0	
-287.0	
-287.0	
-298.0	
-287.0	
-283.0	
-286.0	
-276.0	
-267.0	
-262.0	
-273.0	
-262.0	
-248.0	
-254.0	
-265.0	
-255.0	
-240.0	
-244.0	
-236.0	
-245.0	
-248.0	
-248.0	
-237.0	
-225.0	
-220.0	
-207.0	
-208.0	
-227.0	
-213.0	
-206.0	
-204.0	
-195.0	
-194.0	
-183.0	
-173.0	
-174.0	
-162.0	
-160.0	
-170.0	
-156.0	
-156.0	
-169.0	
-161.0	
-149.0	
-147.0	
-140.0	
-137.0	
-135.0	
-125.0	
-129.0	
-126.0	
-120.0	
-113.0	
-104.0	
-117.0	
-104.0	
-95.0	
