183.0	
172.0	
158.0	
157.0	
147.0	
140.0	
120.0	
108.0	
93.0	
81.0	
60.0	
51.0	
37.0	
39.0	
34.0	
8.0	
-7.0	
-13.0	
-22.0	
-40.0	
-64.0	
-85.0	
-65.0	
-79.0	
-97.0	
-118.0	
-140.0	
-146.0	
-154.0	
-147.0	
-176.0	
-193.0	
-200.0	
-210.0	
-224.0	
-236.0	
-250.0	
-251.0	
-261.0	
-270.0	
-292.0	
-298.0	
-307.0	
-299.0	
-303.0	
-297.0	
-300.0	
-296.0	
-291.0	
-295.0	
-300.0	
-289.0	
-293.0	
-301.0	
-289.0	
-292.0	
-297.0	
-284.0	
-272.0	
-284.0	
-273.0	
-258.0	
-267.0	
-256.0	
-229.0	
-221.0	
-222.0	
-222.0	
-214.0	
-194.0	
-184.0	
-177.0	
-151.0	
-150.0	
-139.0	
-138.0	
-113.0	
-107.0	
-94.0	
-66.0	
-57.0	
-40.0	
-17.0	
-18.0	
25.0	
23.0	
36.0	
63.0	
90.0	
117.0	
123.0	
144.0	
168.0	
188.0	
201.0	
211.0	
215.0	
228.0	
251.0	
256.0	
261.0	
264.0	
270.0	
296.0	
308.0	
315.0	
336.0	
337.0	
350.0	
340.0	
337.0	
355.0	
383.0	
379.0	
372.0	
379.0	
384.0	
379.0	
387.0	
394.0	
407.0	
407.0	
403.0	
409.0	
403.0	
407.0	
411.0	
403.0	
390.0	
403.0	
395.0	
367.0	
365.0	
369.0	
373.0	
370.0	
338.0	
342.0	
342.0	
324.0	
317.0	
317.0	
311.0	
285.0	
283.0	
275.0	
270.0	
261.0	
235.0	
214.0	
196.0	
188.0	
189.0	
173.0	
153.0	
128.0	
112.0	
108.0	
77.0	
58.0	
57.0	
47.0	
36.0	
16.0	
12.0	
0.0	
-15.0	
-23.0	
-50.0	
-45.0	
-60.0	
-53.0	
-51.0	
-54.0	
-51.0	
-67.0	
-75.0	
-76.0	
-81.0	
-87.0	
-75.0	
-60.0	
-57.0	
-52.0	
-58.0	
-48.0	
-35.0	
-31.0	
-32.0	
-17.0	
-14.0	
-3.0	
0.0	
14.0	
26.0	
39.0	
47.0	
74.0	
60.0	
67.0	
75.0	
87.0	
100.0	
122.0	
122.0	
128.0	
137.0	
145.0	
163.0	
171.0	
196.0	
200.0	
213.0	
215.0	
210.0	
221.0	
235.0	
257.0	
267.0	
273.0	
268.0	
284.0	
13.0	
