308.0	
318.0	
305.0	
313.0	
307.0	
290.0	
288.0	
284.0	
290.0	
297.0	
274.0	
283.0	
283.0	
265.0	
270.0	
256.0	
253.0	
247.0	
242.0	
251.0	
248.0	
233.0	
245.0	
223.0	
213.0	
209.0	
212.0	
202.0	
183.0	
190.0	
206.0	
192.0	
196.0	
181.0	
170.0	
172.0	
160.0	
163.0	
156.0	
166.0	
157.0	
140.0	
140.0	
126.0	
133.0	
120.0	
125.0	
122.0	
111.0	
100.0	
94.0	
88.0	
87.0	
93.0	
85.0	
76.0	
82.0	
63.0	
74.0	
69.0	
63.0	
43.0	
45.0	
50.0	
44.0	
35.0	
37.0	
28.0	
30.0	
19.0	
26.0	
25.0	
10.0	
16.0	
6.0	
3.0	
4.0	
21.0	
18.0	
0.0	
-6.0	
0.0	
-2.0	
-12.0	
-13.0	
-19.0	
-15.0	
-11.0	
-14.0	
-25.0	
-28.0	
-34.0	
-32.0	
-32.0	
-32.0	
-28.0	
-31.0	
-42.0	
-48.0	
-43.0	
-39.0	
-40.0	
-44.0	
-51.0	
-50.0	
-48.0	
-44.0	
-41.0	
-54.0	
-77.0	
-60.0	
-58.0	
-70.0	
-68.0	
-64.0	
-69.0	
-60.0	
-65.0	
-72.0	
-73.0	
-76.0	
-80.0	
-89.0	
-82.0	
-80.0	
-81.0	
-77.0	
-76.0	
-79.0	
-73.0	
-92.0	
-78.0	
-72.0	
-78.0	
-88.0	
-80.0	
-87.0	
-76.0	
-96.0	
-102.0	
-82.0	
-77.0	
-81.0	
-77.0	
-72.0	
-86.0	
-103.0	
-94.0	
-81.0	
-84.0	
-78.0	
-82.0	
-92.0	
-83.0	
-79.0	
-93.0	
-84.0	
-81.0	
-90.0	
-89.0	
-83.0	
-90.0	
-78.0	
-82.0	
-90.0	
-75.0	
-73.0	
-77.0	
-72.0	
-69.0	
-71.0	
-74.0	
-70.0	
-70.0	
-79.0	
-64.0	
-67.0	
-67.0	
-63.0	
-66.0	
-69.0	
-81.0	
-62.0	
-54.0	
-73.0	
-69.0	
-58.0	
-55.0	
-63.0	
-54.0	
-57.0	
-59.0	
-55.0	
-40.0	
-42.0	
-51.0	
-44.0	
-49.0	
-43.0	
-37.0	
-36.0	
-31.0	
-30.0	
-27.0	
-27.0	
-21.0	
-11.0	
-14.0	
-23.0	
-12.0	
-17.0	
-13.0	
-5.0	
-3.0	
2.0	
-8.0	
-11.0	
-12.0	
2.0	
13.0	
15.0	
24.0	
27.0	
30.0	
29.0	
22.0	
25.0	
9.0	
12.0	
30.0	
27.0	
42.0	
30.0	
23.0	
31.0	
29.0	
33.0	
46.0	
39.0	
62.0	
52.0	
53.0	
61.0	
68.0	
76.0	
67.0	
68.0	
64.0	
67.0	
81.0	
91.0	
89.0	
81.0	
77.0	
74.0	
92.0	
89.0	
87.0	
83.0	
93.0	
92.0	
110.0	
105.0	
87.0	
107.0	
110.0	
106.0	
112.0	
117.0	
107.0	
96.0	
122.0	
107.0	
108.0	
120.0	
116.0	
109.0	
112.0	
126.0	
124.0	
135.0	
132.0	
132.0	
130.0	
149.0	
142.0	
147.0	
157.0	
140.0	
157.0	
156.0	
148.0	
157.0	
167.0	
160.0	
171.0	
156.0	
144.0	
160.0	
166.0	
172.0	
172.0	
173.0	
173.0	
182.0	
181.0	
193.0	
197.0	
180.0	
191.0	
206.0	
200.0	
198.0	
198.0	
211.0	
205.0	
206.0	
214.0	
207.0	
206.0	
212.0	
209.0	
206.0	
217.0	
226.0	
208.0	
213.0	
233.0	
231.0	
220.0	
214.0	
226.0	
235.0	
238.0	
236.0	
235.0	
238.0	
252.0	
240.0	
233.0	
248.0	
259.0	
252.0	
245.0	
247.0	
251.0	
253.0	
256.0	
252.0	
253.0	
258.0	
262.0	
268.0	
271.0	
262.0	
259.0	
256.0	
249.0	
264.0	
259.0	
263.0	
266.0	
255.0	
250.0	
255.0	
257.0	
266.0	
257.0	
255.0	
256.0	
261.0	
252.0	
260.0	
263.0	
266.0	
257.0	
248.0	
248.0	
253.0	
234.0	
245.0	
258.0	
259.0	
257.0	
255.0	
255.0	
258.0	
253.0	
239.0	
236.0	
237.0	
240.0	
245.0	
244.0	
243.0	
238.0	
231.0	
228.0	
230.0	
234.0	
224.0	
217.0	
219.0	
226.0	
216.0	
225.0	
212.0	
215.0	
224.0	
219.0	
191.0	
198.0	
204.0	
196.0	
189.0	
197.0	
184.0	
188.0	
185.0	
187.0	
191.0	
196.0	
179.0	
174.0	
166.0	
185.0	
179.0	
167.0	
169.0	
151.0	
165.0	
151.0	
152.0	
149.0	
150.0	
143.0	
141.0	
138.0	
140.0	
137.0	
136.0	
134.0	
131.0	
127.0	
113.0	
122.0	
122.0	
101.0	
87.0	
97.0	
95.0	
89.0	
92.0	
96.0	
83.0	
76.0	
84.0	
84.0	
86.0	
74.0	
67.0	
68.0	
81.0	
79.0	
61.0	
74.0	
65.0	
62.0	
55.0	
61.0	
54.0	
53.0	
51.0	
56.0	
51.0	
67.0	
55.0	
48.0	
46.0	
42.0	
39.0	
32.0	
35.0	
23.0	
10.0	
21.0	
22.0	
23.0	
26.0	
34.0	
22.0	
33.0	
17.0	
3.0	
2.0	
2.0	
24.0	
18.0	
15.0	
20.0	
11.0	
17.0	
16.0	
14.0	
12.0	
-2.0	
14.0	
9.0	
6.0	
0.0	
-2.0	
8.0	
-1.0	
7.0	
3.0	
-4.0	
-2.0	
-9.0	
1.0	
0.0	
-5.0	
-21.0	
-1.0	
-2.0	
-16.0	
-5.0	
-5.0	
6.0	
7.0	
-1.0	
-3.0	
1.0	
-4.0	
1.0	
2.0	
0.0	
8.0	
-8.0	
-8.0	
4.0	
17.0	
13.0	
4.0	
-1.0	
13.0	
7.0	
-2.0	
5.0	
-2.0	
0.0	
5.0	
4.0	
-1.0	
9.0	
6.0	
0.0	
10.0	
8.0	
0.0	
9.0	
-8.0	
4.0	
22.0	
5.0	
5.0	
16.0	
4.0	
-6.0	
5.0	
15.0	
14.0	
17.0	
8.0	
12.0	
19.0	
9.0	
16.0	
24.0	
18.0	
17.0	
21.0	
18.0	
6.0	
36.0	
30.0	
25.0	
26.0	
26.0	
27.0	
33.0	
30.0	
33.0	
44.0	
47.0	
38.0	
39.0	
43.0	
43.0	
49.0	
45.0	
52.0	
46.0	
34.0	
37.0	
42.0	
52.0	
37.0	
50.0	
43.0	
47.0	
61.0	
62.0	
57.0	
57.0	
62.0	
67.0	
74.0	
63.0	
60.0	
60.0	
63.0	
74.0	
61.0	
56.0	
67.0	
70.0	
70.0	
60.0	
72.0	
68.0	
61.0	
56.0	
52.0	
65.0	
55.0	
63.0	
77.0	
73.0	
70.0	
75.0	
77.0	
83.0	
84.0	
83.0	
90.0	
95.0	
83.0	
84.0	
101.0	
100.0	
92.0	
97.0	
87.0	
98.0	
101.0	
