-227.0	
-234.0	
-238.0	
-251.0	
-263.0	
-272.0	
-274.0	
-276.0	
-276.0	
-270.0	
-272.0	
-267.0	
-264.0	
-258.0	
-266.0	
-272.0	
-275.0	
-262.0	
-248.0	
-258.0	
-258.0	
-243.0	
-235.0	
-244.0	
-233.0	
-230.0	
-212.0	
-218.0	
-208.0	
-223.0	
-196.0	
-185.0	
-201.0	
-186.0	
-184.0	
-184.0	
-186.0	
-165.0	
-176.0	
-162.0	
-158.0	
-159.0	
-149.0	
-133.0	
-143.0	
-143.0	
-134.0	
-128.0	
-113.0	
-109.0	
-124.0	
-106.0	
-90.0	
-84.0	
-72.0	
-75.0	
-72.0	
-68.0	
-52.0	
-38.0	
-40.0	
-39.0	
-29.0	
-22.0	
-12.0	
-21.0	
-4.0	
-2.0	
6.0	
24.0	
26.0	
31.0	
31.0	
42.0	
51.0	
55.0	
75.0	
82.0	
89.0	
95.0	
104.0	
110.0	
108.0	
119.0	
115.0	
118.0	
122.0	
119.0	
129.0	
127.0	
118.0	
120.0	
134.0	
131.0	
127.0	
144.0	
141.0	
152.0	
145.0	
142.0	
143.0	
139.0	
144.0	
145.0	
124.0	
120.0	
121.0	
122.0	
122.0	
127.0	
111.0	
100.0	
99.0	
80.0	
79.0	
84.0	
54.0	
60.0	
60.0	
43.0	
33.0	
28.0	
27.0	
12.0	
30.0	
31.0	
-1.0	
-1.0	
0.0	
-9.0	
-20.0	
-19.0	
-18.0	
-19.0	
-33.0	
-32.0	
-32.0	
-37.0	
-31.0	
-41.0	
-43.0	
-37.0	
-50.0	
-53.0	
-59.0	
-59.0	
-54.0	
-63.0	
-64.0	
-71.0	
-75.0	
-71.0	
-78.0	
-80.0	
-92.0	
-114.0	
-106.0	
-91.0	
-89.0	
-81.0	
-78.0	
-86.0	
-90.0	
-96.0	
-101.0	
-104.0	
-88.0	
-100.0	
-96.0	
-82.0	
-93.0	
-88.0	
-94.0	
-96.0	
-95.0	
-96.0	
-86.0	
-84.0	
-86.0	
-69.0	
-68.0	
-83.0	
-82.0	
-82.0	
-77.0	
-77.0	
-77.0	
-74.0	
-58.0	
-56.0	
-57.0	
-81.0	
-53.0	
-58.0	
-64.0	
-58.0	
-55.0	
-57.0	
-45.0	
-43.0	
-43.0	
-52.0	
-40.0	
-39.0	
-34.0	
-34.0	
