245.0	
237.0	
234.0	
240.0	
244.0	
252.0	
261.0	
261.0	
263.0	
279.0	
282.0	
272.0	
289.0	
286.0	
286.0	
287.0	
286.0	
296.0	
289.0	
292.0	
294.0	
289.0	
297.0	
312.0	
314.0	
315.0	
323.0	
311.0	
331.0	
325.0	
330.0	
340.0	
334.0	
340.0	
357.0	
344.0	
340.0	
360.0	
368.0	
357.0	
356.0	
373.0	
386.0	
382.0	
382.0	
385.0	
387.0	
380.0	
392.0	
381.0	
385.0	
393.0	
390.0	
386.0	
389.0	
389.0	
400.0	
403.0	
390.0	
393.0	
395.0	
405.0	
394.0	
391.0	
392.0	
383.0	
376.0	
366.0	
368.0	
359.0	
339.0	
340.0	
366.0	
355.0	
362.0	
358.0	
348.0	
356.0	
357.0	
346.0	
339.0	
330.0	
325.0	
334.0	
340.0	
341.0	
334.0	
316.0	
321.0	
329.0	
308.0	
302.0	
290.0	
291.0	
292.0	
281.0	
285.0	
278.0	
290.0	
277.0	
270.0	
272.0	
274.0	
262.0	
243.0	
250.0	
258.0	
238.0	
236.0	
240.0	
235.0	
230.0	
240.0	
228.0	
214.0	
203.0	
166.0	
185.0	
198.0	
177.0	
168.0	
163.0	
151.0	
146.0	
152.0	
133.0	
110.0	
134.0	
128.0	
121.0	
100.0	
88.0	
90.0	
82.0	
83.0	
74.0	
57.0	
43.0	
56.0	
43.0	
31.0	
31.0	
27.0	
19.0	
12.0	
10.0	
2.0	
-1.0	
0.0	
-18.0	
-21.0	
-21.0	
-33.0	
-54.0	
-48.0	
-50.0	
-60.0	
-69.0	
-83.0	
-76.0	
-66.0	
-83.0	
-107.0	
-105.0	
-108.0	
-113.0	
-105.0	
-117.0	
-111.0	
-119.0	
-127.0	
-126.0	
-136.0	
-153.0	
-150.0	
-160.0	
-162.0	
-163.0	
-175.0	
-171.0	
-175.0	
-184.0	
-192.0	
-195.0	
-196.0	
-203.0	
-204.0	
-202.0	
-207.0	
-212.0	
-221.0	
-221.0	
-223.0	
-224.0	
-223.0	
-233.0	
-240.0	
-242.0	
-238.0	
-237.0	
-245.0	
-246.0	
-256.0	
-268.0	
-268.0	
-273.0	
-265.0	
-280.0	
-268.0	
-258.0	
-260.0	
-273.0	
-271.0	
-282.0	
-301.0	
-287.0	
-278.0	
-279.0	
-283.0	
-288.0	
-280.0	
-269.0	
-279.0	
-279.0	
-279.0	
-272.0	
-266.0	
-284.0	
-302.0	
-297.0	
-294.0	
-298.0	
-296.0	
-295.0	
-302.0	
-296.0	
-286.0	
-289.0	
-304.0	
-278.0	
-284.0	
-279.0	
-294.0	
-279.0	
-275.0	
-284.0	
-287.0	
-290.0	
-297.0	
-285.0	
-284.0	
-289.0	
-287.0	
-289.0	
-292.0	
-288.0	
-287.0	
-277.0	
-275.0	
-270.0	
-281.0	
-277.0	
-276.0	
-279.0	
-267.0	
-258.0	
-257.0	
-264.0	
-274.0	
-266.0	
-263.0	
-270.0	
-251.0	
-257.0	
-251.0	
-242.0	
-244.0	
-248.0	
-245.0	
-246.0	
-247.0	
-237.0	
-239.0	
-234.0	
-225.0	
-241.0	
-227.0	
-219.0	
-212.0	
-212.0	
-195.0	
-190.0	
-201.0	
-193.0	
-198.0	
-204.0	
-199.0	
-197.0	
-183.0	
-196.0	
-195.0	
-197.0	
-190.0	
-185.0	
-176.0	
-167.0	
-170.0	
-169.0	
-169.0	
-174.0	
-157.0	
-149.0	
-163.0	
-173.0	
-175.0	
-170.0	
-151.0	
-138.0	
-143.0	
-141.0	
-141.0	
-145.0	
-140.0	
-138.0	
-131.0	
-133.0	
-137.0	
-128.0	
-125.0	
-128.0	
-118.0	
-118.0	
-108.0	
-113.0	
-115.0	
-110.0	
-105.0	
-103.0	
-98.0	
-82.0	
-89.0	
-96.0	
-95.0	
-95.0	
-94.0	
-85.0	
-90.0	
-83.0	
-81.0	
-81.0	
-79.0	
-81.0	
-82.0	
-65.0	
-51.0	
-57.0	
-46.0	
-64.0	
-62.0	
-48.0	
-53.0	
-37.0	
-38.0	
-40.0	
-37.0	
-37.0	
-46.0	
-28.0	
-34.0	
-31.0	
-35.0	
-20.0	
-37.0	
-27.0	
-24.0	
-9.0	
-14.0	
-17.0	
-14.0	
-16.0	
-9.0	
-10.0	
-12.0	
1.0	
1.0	
8.0	
-3.0	
-16.0	
-13.0	
-16.0	
-16.0	
-12.0	
4.0	
-7.0	
-16.0	
8.0	
5.0	
4.0	
-5.0	
-6.0	
5.0	
23.0	
0.0	
2.0	
19.0	
21.0	
21.0	
20.0	
20.0	
21.0	
22.0	
42.0	
29.0	
18.0	
4.0	
15.0	
41.0	
38.0	
43.0	
31.0	
26.0	
32.0	
33.0	
37.0	
52.0	
55.0	
67.0	
68.0	
49.0	
46.0	
65.0	
66.0	
63.0	
58.0	
64.0	
84.0	
73.0	
50.0	
55.0	
64.0	
55.0	
62.0	
72.0	
59.0	
50.0	
64.0	
67.0	
59.0	
71.0	
67.0	
77.0	
55.0	
65.0	
73.0	
61.0	
72.0	
78.0	
70.0	
77.0	
89.0	
82.0	
71.0	
73.0	
75.0	
85.0	
85.0	
84.0	
83.0	
95.0	
92.0	
93.0	
92.0	
86.0	
85.0	
90.0	
89.0	
94.0	
85.0	
78.0	
102.0	
93.0	
98.0	
81.0	
82.0	
103.0	
94.0	
86.0	
96.0	
105.0	
101.0	
87.0	
85.0	
91.0	
103.0	
112.0	
103.0	
104.0	
106.0	
105.0	
89.0	
80.0	
103.0	
102.0	
102.0	
94.0	
95.0	
95.0	
95.0	
108.0	
92.0	
96.0	
101.0	
107.0	
102.0	
104.0	
113.0	
107.0	
100.0	
100.0	
95.0	
99.0	
107.0	
108.0	
109.0	
107.0	
99.0	
97.0	
99.0	
103.0	
90.0	
96.0	
92.0	
89.0	
96.0	
102.0	
98.0	
99.0	
107.0	
91.0	
87.0	
91.0	
81.0	
96.0	
85.0	
82.0	
103.0	
98.0	
100.0	
93.0	
79.0	
85.0	
95.0	
99.0	
109.0	
89.0	
84.0	
94.0	
83.0	
85.0	
91.0	
83.0	
84.0	
83.0	
84.0	
76.0	
79.0	
75.0	
68.0	
73.0	
75.0	
73.0	
72.0	
71.0	
67.0	
73.0	
60.0	
47.0	
58.0	
56.0	
55.0	
56.0	
48.0	
53.0	
41.0	
52.0	
48.0	
26.0	
41.0	
51.0	
35.0	
26.0	
36.0	
35.0	
21.0	
31.0	
28.0	
31.0	
27.0	
17.0	
22.0	
17.0	
24.0	
11.0	
4.0	
17.0	
12.0	
9.0	
6.0	
0.0	
-7.0	
0.0	
