-37.0	
-32.0	
-20.0	
-33.0	
-42.0	
-50.0	
-52.0	
-59.0	
-78.0	
-73.0	
-92.0	
-101.0	
-94.0	
-102.0	
-113.0	
-111.0	
-129.0	
-135.0	
-139.0	
-147.0	
-141.0	
-136.0	
-142.0	
-146.0	
-146.0	
-145.0	
-156.0	
-157.0	
-148.0	
-162.0	
-159.0	
-154.0	
-157.0	
-147.0	
-154.0	
-138.0	
-134.0	
-142.0	
-152.0	
-135.0	
-113.0	
-115.0	
-116.0	
-118.0	
-101.0	
-103.0	
-101.0	
-103.0	
-94.0	
-70.0	
-76.0	
-85.0	
-71.0	
-68.0	
-67.0	
-57.0	
-46.0	
-45.0	
-41.0	
-49.0	
-57.0	
-62.0	
-48.0	
-49.0	
-47.0	
-61.0	
-58.0	
-34.0	
-46.0	
-36.0	
-32.0	
-39.0	
-34.0	
-27.0	
-24.0	
-25.0	
-9.0	
0.0	
-10.0	
-17.0	
-13.0	
-12.0	
6.0	
5.0	
10.0	
16.0	
17.0	
19.0	
16.0	
31.0	
23.0	
33.0	
34.0	
37.0	
53.0	
66.0	
61.0	
59.0	
61.0	
55.0	
56.0	
66.0	
67.0	
71.0	
75.0	
77.0	
93.0	
81.0	
73.0	
77.0	
87.0	
83.0	
82.0	
89.0	
86.0	
93.0	
90.0	
74.0	
71.0	
88.0	
89.0	
78.0	
74.0	
73.0	
77.0	
67.0	
60.0	
42.0	
44.0	
60.0	
61.0	
50.0	
35.0	
30.0	
28.0	
42.0	
26.0	
3.0	
10.0	
12.0	
4.0	
8.0	
13.0	
11.0	
-1.0	
0.0	
6.0	
-2.0	
2.0	
-7.0	
-13.0	
-9.0	
-19.0	
-15.0	
-31.0	
-29.0	
-13.0	
-10.0	
-20.0	
-21.0	
-24.0	
-42.0	
-40.0	
-27.0	
-37.0	
-39.0	
-41.0	
-31.0	
-32.0	
-44.0	
-38.0	
-21.0	
-27.0	
-34.0	
-32.0	
-23.0	
-35.0	
-31.0	
-19.0	
-30.0	
-35.0	
-29.0	
-28.0	
-33.0	
-40.0	
-33.0	
-26.0	
-24.0	
-21.0	
-18.0	
-20.0	
-15.0	
-20.0	
-19.0	
-21.0	
-19.0	
-19.0	
-12.0	
-12.0	
1.0	
-2.0	
-18.0	
-9.0	
5.0	
-3.0	
9.0	
6.0	
2.0	
4.0	
8.0	
23.0	
23.0	
