-345.0	
-359.0	
-361.0	
-367.0	
-369.0	
-385.0	
-397.0	
-405.0	
-415.0	
-413.0	
-426.0	
-432.0	
-445.0	
-459.0	
-471.0	
-471.0	
-491.0	
-483.0	
-486.0	
-495.0	
-508.0	
-506.0	
-522.0	
-528.0	
-533.0	
-535.0	
-553.0	
-558.0	
-577.0	
-573.0	
-581.0	
-600.0	
-588.0	
-601.0	
-617.0	
-625.0	
-636.0	
-638.0	
-641.0	
-637.0	
-657.0	
-658.0	
-655.0	
-671.0	
-678.0	
-677.0	
-689.0	
-695.0	
-687.0	
-695.0	
-697.0	
-689.0	
-687.0	
-705.0	
-707.0	
-713.0	
-710.0	
-721.0	
-712.0	
-703.0	
-710.0	
-716.0	
-712.0	
-717.0	
-718.0	
-719.0	
-714.0	
-711.0	
-713.0	
-725.0	
-720.0	
-719.0	
-727.0	
-719.0	
-722.0	
-728.0	
-724.0	
-705.0	
-706.0	
-709.0	
-701.0	
-712.0	
-724.0	
-715.0	
-711.0	
-718.0	
-704.0	
-713.0	
-719.0	
-719.0	
-710.0	
-714.0	
-717.0	
-711.0	
-703.0	
-712.0	
-718.0	
-717.0	
-714.0	
-700.0	
-692.0	
-694.0	
-699.0	
-705.0	
-698.0	
-713.0	
-715.0	
-692.0	
-693.0	
-695.0	
-696.0	
-693.0	
-691.0	
-701.0	
-689.0	
-675.0	
-676.0	
-682.0	
-682.0	
-689.0	
-678.0	
-659.0	
-664.0	
-664.0	
-652.0	
-659.0	
-637.0	
-644.0	
-643.0	
-639.0	
-626.0	
-628.0	
-622.0	
-609.0	
-601.0	
-608.0	
-601.0	
-592.0	
-582.0	
-598.0	
-599.0	
-583.0	
-577.0	
-569.0	
-549.0	
-571.0	
-558.0	
-551.0	
-552.0	
-548.0	
-543.0	
-529.0	
-530.0	
-531.0	
-511.0	
-500.0	
-496.0	
-496.0	
-490.0	
-481.0	
-480.0	
-468.0	
-452.0	
-454.0	
-458.0	
-446.0	
-440.0	
-436.0	
-426.0	
-417.0	
-419.0	
-397.0	
-384.0	
-386.0	
-381.0	
-370.0	
-361.0	
-370.0	
-363.0	
-356.0	
-360.0	
-339.0	
-324.0	
-322.0	
-319.0	
-315.0	
-296.0	
-306.0	
-292.0	
-286.0	
-274.0	
-278.0	
-273.0	
-261.0	
-260.0	
-267.0	
-256.0	
-230.0	
-218.0	
-225.0	
-213.0	
-197.0	
-207.0	
-191.0	
-180.0	
-189.0	
-188.0	
-173.0	
-159.0	
-145.0	
-149.0	
-131.0	
-133.0	
-125.0	
-120.0	
-124.0	
-112.0	
-103.0	
-89.0	
-85.0	
-89.0	
-82.0	
-71.0	
-49.0	
-39.0	
-29.0	
-38.0	
-45.0	
-28.0	
-27.0	
-13.0	
-2.0	
-2.0	
10.0	
13.0	
22.0	
26.0	
35.0	
31.0	
38.0	
60.0	
60.0	
64.0	
83.0	
103.0	
94.0	
90.0	
108.0	
118.0	
125.0	
111.0	
120.0	
135.0	
148.0	
166.0	
169.0	
166.0	
163.0	
169.0	
192.0	
200.0	
202.0	
214.0	
224.0	
239.0	
227.0	
248.0	
251.0	
243.0	
246.0	
267.0	
276.0	
272.0	
278.0	
303.0	
312.0	
298.0	
324.0	
311.0	
309.0	
330.0	
335.0	
345.0	
347.0	
364.0	
361.0	
372.0	
381.0	
396.0	
382.0	
396.0	
409.0	
406.0	
422.0	
434.0	
440.0	
436.0	
438.0	
453.0	
476.0	
472.0	
477.0	
473.0	
492.0	
498.0	
502.0	
505.0	
496.0	
510.0	
525.0	
522.0	
527.0	
532.0	
542.0	
539.0	
538.0	
544.0	
555.0	
562.0	
568.0	
562.0	
559.0	
571.0	
561.0	
561.0	
569.0	
572.0	
577.0	
571.0	
590.0	
581.0	
575.0	
584.0	
588.0	
590.0	
594.0	
609.0	
608.0	
604.0	
608.0	
611.0	
613.0	
602.0	
598.0	
612.0	
624.0	
615.0	
614.0	
628.0	
628.0	
607.0	
613.0	
614.0	
620.0	
621.0	
621.0	
613.0	
606.0	
623.0	
626.0	
620.0	
607.0	
605.0	
603.0	
605.0	
599.0	
595.0	
598.0	
604.0	
602.0	
588.0	
584.0	
582.0	
576.0	
574.0	
570.0	
580.0	
579.0	
566.0	
563.0	
560.0	
543.0	
556.0	
547.0	
548.0	
541.0	
540.0	
532.0	
527.0	
520.0	
527.0	
513.0	
501.0	
506.0	
505.0	
492.0	
496.0	
493.0	
497.0	
485.0	
481.0	
464.0	
464.0	
474.0	
455.0	
452.0	
451.0	
436.0	
418.0	
417.0	
407.0	
399.0	
415.0	
411.0	
402.0	
398.0	
387.0	
372.0	
377.0	
367.0	
360.0	
362.0	
365.0	
340.0	
326.0	
327.0	
332.0	
313.0	
292.0	
297.0	
298.0	
281.0	
280.0	
276.0	
273.0	
269.0	
257.0	
261.0	
264.0	
239.0	
231.0	
237.0	
233.0	
233.0	
215.0	
204.0	
202.0	
193.0	
189.0	
190.0	
178.0	
162.0	
150.0	
152.0	
139.0	
142.0	
139.0	
131.0	
116.0	
99.0	
93.0	
97.0	
96.0	
88.0	
75.0	
61.0	
52.0	
52.0	
43.0	
42.0	
34.0	
29.0	
30.0	
19.0	
-2.0	
-16.0	
-3.0	
-9.0	
-25.0	
-29.0	
-35.0	
-39.0	
-45.0	
-50.0	
-63.0	
-71.0	
-76.0	
-85.0	
-93.0	
-92.0	
-93.0	
-105.0	
-110.0	
-123.0	
-128.0	
-132.0	
-138.0	
-139.0	
-137.0	
-149.0	
-155.0	
-168.0	
-183.0	
-190.0	
-194.0	
-207.0	
-203.0	
-197.0	
-223.0	
-226.0	
-229.0	
-245.0	
-244.0	
-242.0	
-251.0	
-237.0	
-256.0	
-273.0	
-269.0	
-281.0	
-294.0	
-295.0	
-290.0	
-295.0	
-312.0	
-311.0	
-316.0	
-328.0	
-338.0	
-323.0	
-331.0	
-339.0	
-359.0	
-356.0	
-358.0	
-367.0	
-362.0	
-366.0	
-365.0	
-381.0	
-392.0	
-376.0	
-391.0	
-394.0	
-405.0	
-407.0	
-408.0	
-433.0	
-423.0	
-430.0	
-435.0	
-451.0	
-448.0	
-453.0	
-452.0	
-460.0	
-460.0	
-469.0	
-464.0	
-475.0	
-477.0	
-465.0	
-460.0	
-474.0	
-464.0	
-468.0	
-473.0	
-482.0	
-500.0	
-510.0	
-495.0	
-508.0	
-506.0	
-507.0	
-507.0	
-504.0	
-523.0	
-520.0	
-508.0	
-520.0	
-543.0	
-535.0	
-529.0	
-539.0	
-529.0	
-527.0	
-531.0	
-531.0	
-526.0	
-522.0	
-529.0	
-538.0	
-531.0	
-536.0	
-537.0	
-545.0	
-553.0	
-552.0	
-554.0	
-548.0	
-557.0	
-544.0	
-551.0	
-555.0	
-558.0	
-567.0	
-577.0	
-570.0	
-555.0	
-567.0	
-556.0	
-563.0	
-566.0	
-572.0	
-577.0	
-569.0	
-577.0	
-563.0	
-565.0	
-566.0	
-564.0	
-565.0	
-558.0	
-555.0	
-565.0	
-569.0	
-557.0	
-560.0	
-566.0	
-568.0	
-573.0	
-554.0	
-553.0	
-558.0	
-560.0	
-558.0	
-550.0	
-546.0	
-540.0	
-533.0	
-548.0	
-559.0	
-554.0	
-546.0	
-551.0	
-547.0	
-536.0	
-547.0	
-535.0	
-541.0	
-539.0	
-534.0	
-520.0	
-523.0	
-528.0	
-517.0	
-527.0	
-533.0	
-528.0	
-518.0	
-507.0	
-513.0	
-526.0	
-505.0	
-496.0	
-496.0	
-498.0	
-498.0	
-487.0	
-491.0	
-485.0	
-473.0	
-475.0	
-476.0	
-478.0	
-470.0	
-468.0	
-473.0	
-465.0	
-458.0	
-445.0	
-441.0	
-440.0	
-448.0	
-452.0	
-444.0	
-426.0	
-436.0	
-434.0	
-428.0	
-415.0	
-416.0	
-430.0	
-426.0	
-416.0	
-418.0	
-412.0	
-423.0	
-415.0	
-407.0	
-394.0	
-385.0	
-387.0	
-385.0	
-376.0	
-375.0	
-379.0	
-369.0	
-386.0	
-376.0	
-371.0	
-369.0	
-362.0	
-363.0	
-360.0	
-354.0	
-346.0	
-336.0	
-326.0	
-314.0	
-313.0	
-332.0	
-331.0	
-310.0	
-303.0	
-296.0	
-296.0	
-305.0	
-298.0	
-285.0	
-293.0	
-306.0	
-302.0	
-287.0	
-271.0	
-285.0	
-278.0	
-265.0	
-281.0	
-272.0	
-261.0	
-257.0	
-246.0	
-252.0	
-248.0	
-239.0	
-241.0	
-240.0	
-225.0	
-225.0	
-223.0	
-218.0	
-212.0	
-209.0	
-197.0	
-191.0	
-195.0	
-191.0	
-179.0	
-184.0	
-178.0	
-177.0	
-184.0	
-166.0	
-163.0	
-162.0	
-152.0	
-157.0	
-149.0	
-148.0	
-143.0	
-134.0	
-122.0	
-124.0	
-138.0	
-128.0	
-116.0	
-113.0	
-116.0	
-105.0	
-96.0	
-108.0	
-92.0	
-96.0	
-97.0	
-96.0	
-87.0	
-90.0	
-87.0	
-83.0	
-79.0	
-87.0	
-81.0	
