-75.0	
-62.0	
-58.0	
-45.0	
-37.0	
-31.0	
-26.0	
-31.0	
-9.0	
-20.0	
-5.0	
10.0	
5.0	
8.0	
20.0	
31.0	
31.0	
50.0	
53.0	
60.0	
58.0	
69.0	
80.0	
91.0	
99.0	
90.0	
97.0	
96.0	
108.0	
122.0	
146.0	
153.0	
152.0	
157.0	
161.0	
160.0	
163.0	
183.0	
183.0	
193.0	
201.0	
208.0	
213.0	
220.0	
233.0	
237.0	
256.0	
254.0	
261.0	
262.0	
266.0	
283.0	
272.0	
295.0	
298.0	
302.0	
310.0	
328.0	
329.0	
334.0	
345.0	
342.0	
349.0	
346.0	
356.0	
367.0	
380.0	
383.0	
381.0	
384.0	
396.0	
397.0	
401.0	
403.0	
402.0	
420.0	
418.0	
427.0	
424.0	
433.0	
442.0	
437.0	
434.0	
445.0	
443.0	
463.0	
459.0	
449.0	
445.0	
441.0	
446.0	
455.0	
467.0	
458.0	
465.0	
485.0	
483.0	
490.0	
495.0	
490.0	
490.0	
501.0	
504.0	
506.0	
515.0	
526.0	
521.0	
516.0	
505.0	
514.0	
528.0	
539.0	
540.0	
520.0	
540.0	
537.0	
538.0	
525.0	
533.0	
529.0	
524.0	
534.0	
542.0	
528.0	
535.0	
542.0	
541.0	
549.0	
545.0	
540.0	
536.0	
538.0	
537.0	
544.0	
537.0	
522.0	
514.0	
527.0	
518.0	
526.0	
534.0	
527.0	
530.0	
519.0	
494.0	
494.0	
496.0	
499.0	
480.0	
491.0	
491.0	
490.0	
481.0	
466.0	
468.0	
475.0	
467.0	
454.0	
471.0	
456.0	
455.0	
441.0	
437.0	
439.0	
419.0	
417.0	
438.0	
427.0	
407.0	
393.0	
381.0	
369.0	
368.0	
374.0	
372.0	
376.0	
355.0	
349.0	
353.0	
356.0	
335.0	
328.0	
326.0	
313.0	
311.0	
304.0	
302.0	
298.0	
289.0	
298.0	
277.0	
269.0	
265.0	
264.0	
258.0	
251.0	
254.0	
239.0	
227.0	
241.0	
225.0	
210.0	
204.0	
200.0	
206.0	
202.0	
191.0	
189.0	
178.0	
172.0	
157.0	
160.0	
148.0	
136.0	
143.0	
138.0	
118.0	
116.0	
116.0	
103.0	
100.0	
85.0	
70.0	
62.0	
85.0	
68.0	
70.0	
63.0	
55.0	
46.0	
29.0	
41.0	
35.0	
20.0	
11.0	
6.0	
11.0	
-5.0	
-5.0	
-7.0	
-6.0	
-19.0	
-23.0	
-33.0	
-32.0	
-52.0	
-54.0	
-54.0	
-67.0	
-63.0	
-63.0	
-77.0	
-73.0	
-86.0	
-90.0	
-100.0	
-99.0	
-111.0	
-122.0	
-132.0	
-129.0	
-136.0	
-148.0	
-138.0	
-138.0	
-154.0	
-160.0	
-155.0	
-162.0	
-169.0	
-179.0	
-190.0	
-185.0	
-178.0	
-187.0	
-205.0	
-211.0	
-212.0	
-215.0	
-225.0	
-228.0	
-237.0	
-229.0	
-233.0	
-255.0	
-257.0	
-263.0	
-268.0	
-280.0	
-284.0	
-261.0	
-265.0	
-283.0	
-292.0	
-289.0	
-290.0	
-308.0	
-317.0	
-310.0	
-308.0	
-300.0	
-320.0	
-325.0	
-335.0	
-339.0	
-348.0	
-341.0	
-334.0	
-335.0	
-346.0	
-356.0	
-370.0	
-363.0	
-373.0	
-373.0	
-377.0	
-379.0	
-380.0	
-379.0	
-387.0	
-397.0	
-401.0	
-390.0	
-385.0	
-402.0	
-405.0	
-396.0	
-404.0	
-414.0	
-408.0	
-401.0	
-419.0	
-427.0	
-419.0	
-430.0	
-433.0	
-437.0	
-435.0	
-439.0	
-433.0	
-440.0	
-438.0	
-445.0	
-448.0	
-425.0	
-430.0	
-452.0	
-444.0	
-438.0	
-440.0	
-448.0	
-456.0	
-438.0	
-433.0	
-430.0	
-430.0	
-450.0	
-448.0	
-436.0	
-431.0	
-431.0	
-432.0	
-429.0	
-425.0	
-423.0	
-432.0	
-426.0	
-419.0	
-424.0	
-430.0	
-420.0	
-406.0	
-407.0	
-404.0	
-411.0	
-409.0	
-409.0	
-398.0	
-395.0	
-391.0	
-380.0	
-383.0	
-381.0	
-376.0	
-383.0	
-385.0	
-385.0	
-375.0	
-373.0	
-354.0	
-360.0	
-352.0	
-354.0	
-343.0	
-342.0	
-357.0	
-341.0	
-331.0	
-317.0	
-314.0	
-323.0	
-309.0	
-303.0	
-303.0	
-292.0	
-290.0	
-278.0	
-274.0	
-275.0	
-269.0	
-245.0	
-249.0	
-257.0	
-230.0	
-230.0	
-228.0	
-228.0	
-211.0	
-209.0	
-202.0	
-194.0	
-188.0	
-180.0	
-171.0	
-168.0	
-159.0	
-150.0	
-146.0	
-145.0	
-141.0	
-146.0	
-133.0	
-113.0	
-114.0	
-103.0	
-102.0	
-102.0	
-88.0	
-88.0	
-73.0	
-58.0	
-62.0	
-47.0	
-33.0	
-29.0	
-34.0	
-16.0	
-17.0	
-8.0	
6.0	
7.0	
12.0	
25.0	
30.0	
35.0	
46.0	
47.0	
43.0	
58.0	
73.0	
73.0	
75.0	
86.0	
95.0	
103.0	
105.0	
114.0	
125.0	
119.0	
124.0	
131.0	
131.0	
151.0	
157.0	
163.0	
169.0	
173.0	
181.0	
186.0	
200.0	
193.0	
206.0	
206.0	
222.0	
224.0	
206.0	
212.0	
226.0	
238.0	
243.0	
241.0	
246.0	
244.0	
258.0	
253.0	
257.0	
262.0	
255.0	
265.0	
275.0	
265.0	
281.0	
277.0	
277.0	
284.0	
299.0	
297.0	
296.0	
302.0	
301.0	
306.0	
319.0	
309.0	
318.0	
321.0	
320.0	
322.0	
332.0	
325.0	
314.0	
314.0	
327.0	
322.0	
331.0	
336.0	
341.0	
342.0	
328.0	
334.0	
328.0	
325.0	
327.0	
333.0	
333.0	
324.0	
338.0	
328.0	
332.0	
334.0	
330.0	
330.0	
325.0	
325.0	
338.0	
325.0	
320.0	
327.0	
325.0	
317.0	
320.0	
313.0	
319.0	
310.0	
303.0	
295.0	
314.0	
313.0	
299.0	
298.0	
290.0	
286.0	
291.0	
288.0	
304.0	
291.0	
287.0	
292.0	
273.0	
276.0	
276.0	
268.0	
274.0	
269.0	
253.0	
256.0	
256.0	
244.0	
251.0	
252.0	
247.0	
225.0	
234.0	
235.0	
230.0	
227.0	
215.0	
219.0	
212.0	
203.0	
208.0	
195.0	
194.0	
197.0	
186.0	
189.0	
193.0	
188.0	
170.0	
167.0	
166.0	
148.0	
142.0	
159.0	
154.0	
133.0	
131.0	
128.0	
137.0	
122.0	
127.0	
120.0	
104.0	
90.0	
94.0	
92.0	
92.0	
87.0	
82.0	
77.0	
74.0	
71.0	
59.0	
72.0	
62.0	
60.0	
43.0	
41.0	
29.0	
16.0	
16.0	
19.0	
34.0	
21.0	
14.0	
0.0	
-14.0	
-6.0	
-7.0	
-8.0	
-23.0	
-21.0	
-38.0	
-39.0	
-47.0	
-60.0	
-49.0	
-41.0	
-48.0	
-59.0	
-58.0	
-64.0	
-66.0	
-74.0	
-75.0	
-69.0	
-71.0	
-79.0	
-82.0	
-72.0	
-84.0	
-100.0	
-92.0	
-90.0	
-92.0	
-89.0	
-92.0	
-106.0	
-113.0	
-113.0	
-121.0	
-118.0	
-112.0	
-104.0	
-118.0	
-142.0	
-143.0	
-145.0	
-144.0	
-149.0	
-149.0	
-142.0	
-150.0	
-152.0	
-166.0	
-164.0	
-157.0	
-157.0	
-154.0	
-155.0	
-150.0	
-162.0	
-157.0	
-161.0	
-160.0	
-166.0	
-160.0	
-157.0	
-152.0	
-159.0	
-155.0	
-162.0	
-168.0	
-166.0	
-166.0	
-180.0	
-174.0	
-174.0	
-177.0	
-168.0	
-177.0	
-177.0	
-179.0	
-175.0	
-177.0	
-187.0	
-182.0	
-184.0	
-182.0	
-183.0	
-175.0	
-184.0	
-171.0	
-173.0	
-189.0	
-182.0	
-190.0	
-166.0	
-162.0	
-181.0	
-183.0	
-177.0	
-192.0	
-182.0	
-182.0	
-187.0	
-180.0	
-175.0	
-174.0	
-182.0	
-190.0	
-175.0	
-195.0	
-191.0	
-185.0	
-180.0	
-166.0	
-169.0	
-170.0	
-161.0	
-162.0	
-169.0	
-169.0	
-174.0	
-177.0	
-155.0	
-163.0	
-152.0	
-157.0	
-149.0	
-150.0	
-148.0	
-160.0	
-160.0	
-163.0	
-163.0	
-170.0	
-173.0	
-158.0	
-154.0	
-149.0	
-146.0	
-137.0	
-142.0	
-151.0	
-145.0	
-155.0	
-155.0	
-155.0	
-148.0	
-146.0	
-144.0	
-138.0	
-148.0	
-136.0	
-129.0	
-132.0	
-126.0	
-132.0	
-134.0	
-136.0	
-132.0	
-138.0	
-137.0	
-128.0	
-133.0	
-118.0	
-119.0	
-115.0	
-119.0	
-118.0	
-121.0	
-119.0	
-117.0	
-131.0	
-110.0	
-107.0	
-109.0	
-115.0	
-106.0	
-98.0	
-115.0	
-99.0	
-104.0	
-109.0	
-109.0	
-98.0	
-94.0	
-97.0	
-88.0	
-93.0	
-82.0	
-73.0	
-80.0	
-84.0	
-86.0	
-83.0	
-77.0	
-67.0	
-77.0	
-71.0	
-71.0	
-72.0	
-58.0	
-60.0	
-45.0	
-56.0	
-60.0	
-53.0	
-46.0	
-53.0	
-50.0	
-31.0	
-35.0	
-39.0	
-34.0	
-17.0	
-22.0	
-30.0	
-24.0	
-27.0	
-14.0	
-2.0	
-5.0	
-16.0	
-16.0	
2.0	
0.0	
-7.0	
12.0	
14.0	
10.0	
2.0	
12.0	
20.0	
24.0	
22.0	
23.0	
16.0	
14.0	
18.0	
23.0	
28.0	
44.0	
29.0	
35.0	
46.0	
46.0	
44.0	
51.0	
56.0	
53.0	
67.0	
67.0	
69.0	
51.0	
58.0	
73.0	
73.0	
75.0	
74.0	
80.0	
83.0	
94.0	
95.0	
94.0	
103.0	
97.0	
106.0	
104.0	
110.0	
122.0	
130.0	
118.0	
113.0	
110.0	
113.0	
118.0	
119.0	
139.0	
138.0	
140.0	
149.0	
139.0	
136.0	
140.0	
149.0	
143.0	
160.0	
155.0	
162.0	
170.0	
163.0	
168.0	
170.0	
177.0	
173.0	
180.0	
184.0	
181.0	
182.0	
189.0	
187.0	
202.0	
205.0	
197.0	
199.0	
192.0	
201.0	
201.0	
209.0	
212.0	
202.0	
201.0	
212.0	
226.0	
210.0	
227.0	
232.0	
209.0	
217.0	
208.0	
211.0	
207.0	
229.0	
230.0	
223.0	
228.0	
223.0	
220.0	
227.0	
235.0	
242.0	
229.0	
240.0	
234.0	
234.0	
232.0	
240.0	
241.0	
256.0	
255.0	
245.0	
230.0	
236.0	
235.0	
249.0	
247.0	
239.0	
253.0	
234.0	
226.0	
245.0	
245.0	
239.0	
243.0	
250.0	
242.0	
240.0	
239.0	
241.0	
241.0	
240.0	
248.0	
231.0	
234.0	
234.0	
239.0	
237.0	
246.0	
238.0	
233.0	
239.0	
241.0	
227.0	
236.0	
233.0	
217.0	
227.0	
210.0	
213.0	
212.0	
203.0	
193.0	
192.0	
193.0	
195.0	
190.0	
186.0	
192.0	
182.0	
185.0	
197.0	
201.0	
200.0	
199.0	
192.0	
183.0	
176.0	
175.0	
192.0	
184.0	
178.0	
177.0	
181.0	
163.0	
171.0	
170.0	
161.0	
159.0	
164.0	
155.0	
150.0	
149.0	
145.0	
144.0	
136.0	
144.0	
145.0	
138.0	
139.0	
117.0	
111.0	
116.0	
122.0	
119.0	
119.0	
108.0	
107.0	
102.0	
101.0	
86.0	
86.0	
91.0	
84.0	
76.0	
79.0	
63.0	
60.0	
71.0	
77.0	
69.0	
57.0	
58.0	
67.0	
50.0	
49.0	
50.0	
42.0	
50.0	
44.0	
34.0	
34.0	
25.0	
28.0	
31.0	
21.0	
20.0	
24.0	
23.0	
17.0	
23.0	
16.0	
9.0	
7.0	
7.0	
3.0	
12.0	
-14.0	
-10.0	
-5.0	
-4.0	
-12.0	
-20.0	
-13.0	
-9.0	
-15.0	
-12.0	
-12.0	
-25.0	
-17.0	
-26.0	
-33.0	
-39.0	
-36.0	
-43.0	
-42.0	
-44.0	
-36.0	
-39.0	
-42.0	
-46.0	
-51.0	
-44.0	
-55.0	
-52.0	
-45.0	
-51.0	
-56.0	
-59.0	
-55.0	
-76.0	
-66.0	
-72.0	
-83.0	
-60.0	
-54.0	
-83.0	
-75.0	
-69.0	
-66.0	
-70.0	
-69.0	
-72.0	
-69.0	
-72.0	
-87.0	
-82.0	
-87.0	
-94.0	
-88.0	
-94.0	
-92.0	
-89.0	
-95.0	
-102.0	
-94.0	
-87.0	
-86.0	
-97.0	
-100.0	
