-88.0	
-92.0	
-99.0	
-114.0	
-117.0	
-110.0	
-120.0	
-141.0	
-166.0	
-172.0	
-179.0	
-168.0	
-193.0	
-216.0	
-220.0	
-219.0	
-227.0	
-241.0	
-237.0	
-237.0	
-263.0	
-268.0	
-268.0	
-278.0	
-298.0	
-302.0	
-301.0	
-318.0	
-323.0	
-323.0	
-350.0	
-356.0	
-366.0	
-359.0	
-363.0	
-385.0	
-402.0	
-410.0	
-408.0	
-408.0	
-422.0	
-443.0	
-432.0	
-439.0	
-445.0	
-461.0	
-481.0	
-480.0	
-491.0	
-492.0	
-487.0	
-503.0	
-508.0	
-522.0	
-538.0	
-541.0	
-545.0	
-556.0	
-563.0	
-564.0	
-579.0	
-580.0	
-573.0	
-579.0	
-587.0	
-593.0	
-609.0	
-619.0	
-614.0	
-621.0	
-619.0	
-623.0	
-620.0	
-632.0	
-640.0	
-641.0	
-637.0	
-642.0	
-661.0	
-659.0	
-649.0	
-663.0	
-681.0	
-689.0	
-676.0	
-676.0	
-681.0	
-681.0	
-673.0	
-668.0	
-679.0	
-687.0	
-676.0	
-672.0	
-675.0	
-674.0	
-670.0	
-672.0	
-678.0	
-676.0	
-686.0	
-691.0	
-673.0	
-685.0	
-685.0	
-688.0	
-681.0	
-673.0	
-674.0	
-684.0	
-663.0	
-665.0	
-679.0	
-678.0	
-660.0	
-661.0	
-670.0	
-670.0	
-677.0	
-667.0	
-662.0	
-670.0	
-674.0	
-664.0	
-655.0	
-664.0	
-661.0	
-657.0	
-663.0	
-663.0	
-660.0	
-672.0	
-678.0	
-655.0	
-656.0	
-671.0	
-648.0	
-658.0	
-673.0	
-673.0	
-655.0	
-656.0	
-655.0	
-654.0	
-639.0	
-642.0	
-641.0	
-632.0	
-658.0	
-664.0	
-639.0	
-643.0	
-636.0	
-640.0	
-629.0	
-626.0	
-635.0	
-631.0	
-607.0	
-607.0	
-608.0	
-600.0	
-591.0	
-589.0	
-591.0	
-594.0	
-586.0	
-568.0	
-567.0	
-571.0	
-556.0	
-547.0	
-549.0	
-551.0	
-542.0	
-539.0	
-526.0	
-515.0	
-528.0	
-518.0	
-508.0	
-504.0	
-495.0	
-485.0	
-482.0	
-491.0	
-476.0	
-456.0	
-465.0	
-450.0	
-440.0	
-441.0	
-442.0	
-436.0	
-418.0	
-411.0	
-400.0	
-393.0	
-388.0	
-395.0	
-386.0	
-384.0	
-371.0	
-368.0	
-357.0	
-344.0	
-332.0	
-330.0	
-324.0	
-321.0	
-320.0	
-323.0	
-315.0	
-302.0	
-285.0	
-281.0	
-286.0	
-267.0	
-268.0	
-253.0	
-251.0	
-243.0	
-233.0	
-225.0	
-221.0	
-221.0	
-206.0	
-209.0	
-198.0	
-193.0	
-179.0	
-171.0	
-170.0	
-162.0	
-157.0	
-146.0	
-133.0	
-135.0	
-120.0	
-121.0	
-105.0	
-104.0	
-113.0	
-95.0	
-91.0	
-71.0	
-52.0	
-50.0	
-60.0	
-54.0	
-39.0	
-28.0	
-29.0	
-16.0	
-18.0	
-8.0	
3.0	
10.0	
6.0	
24.0	
34.0	
34.0	
55.0	
48.0	
60.0	
82.0	
74.0	
86.0	
90.0	
102.0	
105.0	
101.0	
108.0	
119.0	
122.0	
132.0	
140.0	
150.0	
165.0	
170.0	
162.0	
161.0	
177.0	
195.0	
208.0	
209.0	
194.0	
205.0	
231.0	
223.0	
223.0	
243.0	
240.0	
253.0	
267.0	
261.0	
271.0	
272.0	
281.0	
293.0	
288.0	
291.0	
299.0	
295.0	
312.0	
321.0	
325.0	
333.0	
340.0	
335.0	
348.0	
357.0	
355.0	
365.0	
376.0	
388.0	
387.0	
382.0	
374.0	
399.0	
416.0	
407.0	
409.0	
416.0	
419.0	
437.0	
432.0	
440.0	
461.0	
449.0	
443.0	
447.0	
461.0	
464.0	
458.0	
473.0	
476.0	
478.0	
494.0	
472.0	
478.0	
495.0	
486.0	
487.0	
487.0	
487.0	
501.0	
508.0	
505.0	
497.0	
513.0	
525.0	
522.0	
516.0	
516.0	
519.0	
521.0	
528.0	
529.0	
522.0	
523.0	
510.0	
524.0	
524.0	
520.0	
518.0	
518.0	
523.0	
539.0	
522.0	
527.0	
526.0	
541.0	
535.0	
524.0	
533.0	
534.0	
531.0	
537.0	
537.0	
539.0	
529.0	
532.0	
533.0	
525.0	
525.0	
517.0	
521.0	
528.0	
515.0	
513.0	
513.0	
510.0	
519.0	
496.0	
495.0	
497.0	
505.0	
504.0	
498.0	
496.0	
499.0	
487.0	
488.0	
483.0	
468.0	
475.0	
471.0	
473.0	
472.0	
452.0	
452.0	
457.0	
453.0	
445.0	
448.0	
441.0	
446.0	
434.0	
423.0	
425.0	
420.0	
407.0	
412.0	
411.0	
387.0	
378.0	
382.0	
386.0	
385.0	
397.0	
379.0	
368.0	
375.0	
380.0	
373.0	
361.0	
361.0	
360.0	
343.0	
329.0	
330.0	
321.0	
326.0	
317.0	
314.0	
321.0	
314.0	
304.0	
297.0	
311.0	
287.0	
267.0	
267.0	
265.0	
279.0	
262.0	
256.0	
251.0	
245.0	
234.0	
227.0	
224.0	
228.0	
221.0	
197.0	
190.0	
191.0	
178.0	
181.0	
172.0	
174.0	
165.0	
162.0	
160.0	
149.0	
138.0	
140.0	
137.0	
130.0	
118.0	
114.0	
103.0	
103.0	
94.0	
92.0	
75.0	
84.0	
92.0	
77.0	
60.0	
41.0	
35.0	
41.0	
26.0	
25.0	
17.0	
11.0	
10.0	
14.0	
1.0	
-7.0	
-8.0	
-8.0	
-27.0	
-43.0	
-44.0	
-42.0	
-64.0	
-54.0	
-54.0	
-68.0	
-75.0	
-79.0	
-89.0	
-96.0	
-118.0	
-114.0	
-116.0	
-134.0	
-135.0	
-136.0	
-129.0	
-126.0	
-142.0	
-159.0	
-169.0	
-176.0	
-177.0	
-184.0	
-181.0	
-189.0	
-198.0	
-194.0	
-213.0	
-218.0	
-225.0	
-223.0	
-233.0	
-243.0	
-259.0	
-241.0	
-242.0	
-264.0	
-267.0	
-266.0	
-267.0	
-275.0	
-283.0	
-276.0	
-292.0	
-292.0	
-303.0	
-298.0	
-310.0	
-319.0	
-316.0	
-325.0	
-324.0	
-336.0	
-337.0	
-336.0	
-339.0	
-353.0	
-348.0	
-347.0	
-362.0	
-372.0	
-380.0	
-372.0	
-370.0	
-381.0	
-382.0	
-391.0	
-393.0	
-402.0	
-385.0	
-389.0	
-403.0	
-385.0	
-396.0	
-414.0	
-412.0	
-416.0	
-407.0	
-425.0	
-425.0	
-427.0	
-418.0	
-421.0	
-435.0	
-446.0	
-436.0	
-422.0	
-434.0	
-449.0	
-456.0	
-452.0	
-455.0	
-454.0	
-442.0	
-457.0	
-458.0	
-457.0	
-459.0	
-456.0	
-458.0	
-456.0	
-476.0	
-470.0	
-465.0	
-467.0	
-471.0	
-462.0	
-472.0	
-460.0	
-473.0	
-478.0	
-479.0	
-465.0	
-467.0	
-488.0	
-484.0	
-473.0	
-487.0	
-478.0	
-474.0	
-479.0	
-486.0	
-481.0	
-477.0	
-484.0	
-466.0	
-476.0	
-482.0	
-479.0	
-476.0	
-468.0	
-480.0	
-488.0	
-476.0	
-465.0	
-479.0	
-476.0	
-485.0	
-481.0	
-476.0	
-478.0	
-473.0	
-465.0	
-477.0	
-480.0	
-472.0	
-471.0	
-465.0	
-452.0	
-451.0	
-458.0	
-450.0	
-451.0	
-458.0	
-444.0	
-445.0	
-446.0	
-447.0	
-436.0	
-445.0	
-445.0	
-443.0	
-446.0	
-447.0	
-427.0	
-432.0	
-430.0	
-434.0	
-425.0	
-426.0	
-427.0	
-427.0	
-428.0	
-415.0	
-432.0	
-421.0	
-421.0	
-417.0	
-409.0	
-420.0	
-416.0	
-403.0	
-419.0	
-415.0	
-406.0	
-404.0	
-403.0	
-399.0	
-399.0	
-390.0	
-396.0	
-387.0	
-371.0	
-367.0	
-368.0	
-378.0	
-379.0	
-383.0	
-392.0	
-384.0	
-379.0	
-376.0	
