26.0	
16.0	
14.0	
19.0	
14.0	
4.0	
0.0	
-8.0	
-18.0	
-26.0	
-32.0	
-25.0	
-29.0	
-25.0	
-39.0	
-47.0	
-57.0	
-71.0	
-53.0	
-65.0	
-65.0	
-74.0	
-83.0	
-83.0	
-103.0	
-99.0	
-96.0	
-99.0	
-106.0	
-108.0	
-110.0	
-111.0	
-122.0	
-142.0	
-140.0	
-132.0	
-141.0	
-142.0	
-143.0	
-156.0	
-163.0	
-152.0	
-155.0	
-174.0	
-180.0	
-179.0	
-177.0	
-169.0	
-168.0	
-181.0	
-175.0	
-168.0	
-191.0	
-195.0	
-189.0	
-191.0	
-189.0	
-189.0	
-196.0	
-191.0	
-184.0	
-186.0	
-181.0	
-187.0	
-186.0	
-182.0	
-188.0	
-179.0	
-182.0	
-172.0	
-169.0	
-178.0	
-165.0	
-163.0	
-160.0	
-160.0	
-162.0	
-163.0	
-159.0	
-162.0	
-155.0	
-159.0	
-148.0	
-141.0	
-130.0	
-126.0	
-139.0	
-115.0	
-107.0	
-116.0	
-113.0	
-106.0	
-92.0	
-84.0	
-86.0	
-101.0	
-85.0	
-73.0	
-68.0	
-65.0	
-59.0	
-50.0	
-58.0	
-49.0	
-30.0	
-46.0	
-31.0	
-15.0	
-20.0	
-9.0	
-2.0	
1.0	
-3.0	
-5.0	
18.0	
23.0	
10.0	
21.0	
37.0	
30.0	
42.0	
48.0	
50.0	
69.0	
68.0	
81.0	
72.0	
74.0	
76.0	
69.0	
77.0	
76.0	
82.0	
97.0	
101.0	
96.0	
99.0	
101.0	
103.0	
114.0	
103.0	
98.0	
100.0	
107.0	
110.0	
120.0	
123.0	
135.0	
117.0	
123.0	
127.0	
128.0	
129.0	
122.0	
116.0	
119.0	
125.0	
134.0	
125.0	
108.0	
118.0	
112.0	
108.0	
116.0	
105.0	
132.0	
145.0	
119.0	
94.0	
106.0	
111.0	
111.0	
116.0	
101.0	
102.0	
109.0	
97.0	
89.0	
89.0	
98.0	
90.0	
81.0	
65.0	
87.0	
85.0	
75.0	
80.0	
62.0	
77.0	
74.0	
63.0	
58.0	
67.0	
51.0	
49.0	
57.0	
47.0	
55.0	
42.0	
33.0	
22.0	
28.0	
32.0	
16.0	
30.0	
34.0	
19.0	
11.0	
8.0	
18.0	
10.0	
-3.0	
-5.0	
-8.0	
-7.0	
-14.0	
-10.0	
-6.0	
-14.0	
-22.0	
-19.0	
-30.0	
-29.0	
-38.0	
-34.0	
-26.0	
-38.0	
-44.0	
-42.0	
-47.0	
-32.0	
-58.0	
-52.0	
-54.0	
-56.0	
-53.0	
-59.0	
-68.0	
-65.0	
-59.0	
-69.0	
-64.0	
-53.0	
-63.0	
-74.0	
-81.0	
-84.0	
-90.0	
-95.0	
-93.0	
-76.0	
-78.0	
-83.0	
-78.0	
-79.0	
-86.0	
-85.0	
-97.0	
-94.0	
-96.0	
-98.0	
-97.0	
-95.0	
-102.0	
-101.0	
-102.0	
-101.0	
-94.0	
-91.0	
-87.0	
-89.0	
-97.0	
-96.0	
-103.0	
-96.0	
-93.0	
-91.0	
-90.0	
-94.0	
-101.0	
-88.0	
-102.0	
-99.0	
-76.0	
-72.0	
-67.0	
-65.0	
-76.0	
-62.0	
-73.0	
-65.0	
-66.0	
-64.0	
-49.0	
-55.0	
-56.0	
-50.0	
-48.0	
-40.0	
-41.0	
-27.0	
-15.0	
-27.0	
-21.0	
-26.0	
-18.0	
-8.0	
-4.0	
-10.0	
0.0	
13.0	
19.0	
15.0	
9.0	
9.0	
-2.0	
19.0	
23.0	
21.0	
24.0	
32.0	
35.0	
35.0	
37.0	
42.0	
57.0	
58.0	
59.0	
56.0	
61.0	
72.0	
71.0	
77.0	
73.0	
71.0	
72.0	
51.0	
71.0	
69.0	
73.0	
77.0	
84.0	
84.0	
76.0	
74.0	
82.0	
73.0	
74.0	
76.0	
76.0	
65.0	
69.0	
61.0	
67.0	
69.0	
78.0	
60.0	
57.0	
60.0	
48.0	
38.0	
49.0	
47.0	
60.0	
57.0	
50.0	
41.0	
38.0	
41.0	
39.0	
26.0	
28.0	
20.0	
25.0	
40.0	
37.0	
18.0	
30.0	
15.0	
28.0	
24.0	
24.0	
23.0	
36.0	
17.0	
10.0	
8.0	
-3.0	
-4.0	
6.0	
2.0	
-4.0	
0.0	
-5.0	
-18.0	
-11.0	
-9.0	
-21.0	
-22.0	
-5.0	
-14.0	
