66.0	
72.0	
72.0	
70.0	
61.0	
51.0	
47.0	
50.0	
37.0	
25.0	
5.0	
17.0	
25.0	
12.0	
5.0	
5.0	
12.0	
-11.0	
-5.0	
-9.0	
-17.0	
-24.0	
-17.0	
-27.0	
-36.0	
-42.0	
-55.0	
-58.0	
-59.0	
-64.0	
-76.0	
-71.0	
-72.0	
-87.0	
-97.0	
-90.0	
-98.0	
-104.0	
-117.0	
-110.0	
-113.0	
-114.0	
-124.0	
-127.0	
-141.0	
-146.0	
-143.0	
-145.0	
-159.0	
-166.0	
-161.0	
-161.0	
-171.0	
-185.0	
-178.0	
-179.0	
-195.0	
-210.0	
-194.0	
-184.0	
-216.0	
-210.0	
-209.0	
-213.0	
-198.0	
-212.0	
-220.0	
-224.0	
-223.0	
-229.0	
-238.0	
-231.0	
-228.0	
-232.0	
-247.0	
-236.0	
-233.0	
-233.0	
-242.0	
-248.0	
-241.0	
-234.0	
-239.0	
-249.0	
-254.0	
-262.0	
-251.0	
-245.0	
-261.0	
-267.0	
-270.0	
-268.0	
-254.0	
-258.0	
-259.0	
-258.0	
-250.0	
-244.0	
-248.0	
-236.0	
-243.0	
-251.0	
-246.0	
-254.0	
-249.0	
-236.0	
-230.0	
-227.0	
-239.0	
-229.0	
-229.0	
-222.0	
-207.0	
-220.0	
-226.0	
-229.0	
-222.0	
-221.0	
-221.0	
-210.0	
-217.0	
-202.0	
-196.0	
-201.0	
-181.0	
-170.0	
-182.0	
-187.0	
-176.0	
-167.0	
-147.0	
-160.0	
-171.0	
-151.0	
-140.0	
-138.0	
-139.0	
-133.0	
-133.0	
-128.0	
-132.0	
-115.0	
-112.0	
-115.0	
-102.0	
-103.0	
-99.0	
-112.0	
-107.0	
-102.0	
-89.0	
-93.0	
-85.0	
-77.0	
-84.0	
-73.0	
-62.0	
-54.0	
-58.0	
-43.0	
-70.0	
-56.0	
-53.0	
-45.0	
-38.0	
-20.0	
-21.0	
-28.0	
-18.0	
-11.0	
-11.0	
-7.0	
9.0	
17.0	
8.0	
12.0	
13.0	
31.0	
37.0	
35.0	
33.0	
44.0	
52.0	
54.0	
68.0	
77.0	
73.0	
78.0	
91.0	
85.0	
82.0	
86.0	
91.0	
103.0	
105.0	
108.0	
117.0	
116.0	
109.0	
111.0	
119.0	
123.0	
118.0	
118.0	
123.0	
142.0	
147.0	
148.0	
145.0	
143.0	
149.0	
154.0	
151.0	
144.0	
155.0	
158.0	
140.0	
147.0	
156.0	
154.0	
164.0	
173.0	
160.0	
170.0	
188.0	
177.0	
185.0	
171.0	
169.0	
173.0	
178.0	
192.0	
189.0	
196.0	
193.0	
190.0	
179.0	
178.0	
180.0	
195.0	
201.0	
185.0	
183.0	
174.0	
178.0	
174.0	
176.0	
186.0	
181.0	
186.0	
186.0	
191.0	
174.0	
179.0	
176.0	
172.0	
178.0	
185.0	
174.0	
192.0	
183.0	
184.0	
182.0	
190.0	
188.0	
184.0	
175.0	
175.0	
167.0	
173.0	
181.0	
187.0	
185.0	
182.0	
163.0	
165.0	
165.0	
161.0	
166.0	
165.0	
161.0	
166.0	
160.0	
164.0	
154.0	
162.0	
156.0	
145.0	
151.0	
143.0	
148.0	
140.0	
145.0	
146.0	
134.0	
132.0	
138.0	
137.0	
114.0	
119.0	
117.0	
125.0	
118.0	
115.0	
121.0	
131.0	
122.0	
115.0	
121.0	
117.0	
115.0	
110.0	
102.0	
108.0	
95.0	
96.0	
89.0	
69.0	
79.0	
78.0	
74.0	
74.0	
92.0	
85.0	
83.0	
76.0	
73.0	
65.0	
74.0	
89.0	
68.0	
60.0	
71.0	
67.0	
64.0	
54.0	
54.0	
54.0	
58.0	
52.0	
53.0	
46.0	
45.0	
26.0	
27.0	
29.0	
29.0	
24.0	
28.0	
15.0	
19.0	
16.0	
8.0	
12.0	
13.0	
10.0	
2.0	
6.0	
0.0	
12.0	
-4.0	
0.0	
1.0	
-13.0	
-20.0	
-1.0	
-6.0	
-13.0	
-17.0	
-29.0	
-38.0	
-41.0	
-35.0	
-39.0	
-29.0	
-45.0	
-51.0	
-39.0	
-36.0	
-32.0	
-36.0	
-35.0	
-39.0	
-40.0	
-41.0	
-40.0	
-54.0	
-53.0	
-48.0	
-60.0	
-62.0	
-60.0	
-56.0	
-37.0	
-50.0	
-63.0	
-63.0	
-69.0	
-62.0	
-43.0	
-57.0	
-64.0	
-70.0	
-67.0	
-62.0	
-80.0	
-70.0	
-66.0	
-78.0	
-67.0	
-61.0	
-75.0	
-70.0	
-73.0	
-65.0	
-58.0	
-66.0	
-79.0	
-75.0	
-74.0	
-94.0	
-77.0	
-53.0	
-77.0	
-77.0	
-49.0	
-64.0	
-71.0	
-76.0	
-72.0	
-73.0	
-74.0	
-66.0	
-73.0	
-63.0	
-63.0	
-75.0	
-59.0	
-58.0	
-66.0	
-72.0	
-77.0	
-67.0	
-64.0	
-64.0	
-56.0	
-69.0	
-63.0	
-56.0	
-62.0	
-61.0	
-53.0	
-71.0	
-62.0	
-49.0	
-49.0	
-62.0	
-52.0	
-64.0	
-74.0	
-65.0	
-58.0	
-62.0	
-51.0	
-48.0	
-66.0	
-68.0	
-59.0	
-49.0	
-49.0	
-41.0	
-49.0	
-55.0	
-53.0	
-49.0	
-53.0	
-57.0	
-46.0	
-39.0	
-32.0	
-44.0	
-38.0	
-30.0	
-37.0	
-45.0	
-45.0	
-36.0	
-35.0	
-38.0	
-54.0	
-49.0	
-42.0	
-44.0	
-31.0	
-41.0	
-36.0	
-32.0	
-30.0	
-31.0	
-27.0	
-37.0	
-33.0	
-34.0	
-29.0	
-51.0	
-47.0	
-26.0	
-16.0	
-16.0	
-38.0	
-27.0	
-34.0	
-33.0	
-22.0	
-22.0	
-30.0	
-27.0	
-32.0	
-33.0	
-18.0	
-23.0	
-22.0	
-22.0	
-23.0	
-15.0	
-30.0	
-32.0	
-19.0	
-19.0	
-15.0	
-7.0	
-8.0	
-14.0	
-12.0	
-1.0	
