-60.0	
-56.0	
-41.0	
-49.0	
-52.0	
-46.0	
-36.0	
-31.0	
-33.0	
-26.0	
-24.0	
-30.0	
-29.0	
-31.0	
-21.0	
-16.0	
-26.0	
-4.0	
-13.0	
-1.0	
11.0	
-1.0	
4.0	
20.0	
5.0	
13.0	
19.0	
13.0	
28.0	
35.0	
28.0	
29.0	
41.0	
43.0	
42.0	
49.0	
57.0	
54.0	
52.0	
50.0	
64.0	
52.0	
55.0	
68.0	
61.0	
77.0	
73.0	
74.0	
80.0	
74.0	
72.0	
75.0	
88.0	
93.0	
89.0	
90.0	
93.0	
94.0	
106.0	
115.0	
98.0	
93.0	
100.0	
111.0	
111.0	
123.0	
107.0	
111.0	
122.0	
119.0	
115.0	
136.0	
127.0	
129.0	
136.0	
133.0	
136.0	
136.0	
140.0	
133.0	
147.0	
148.0	
140.0	
143.0	
138.0	
145.0	
156.0	
149.0	
147.0	
146.0	
149.0	
156.0	
150.0	
144.0	
149.0	
147.0	
151.0	
131.0	
130.0	
133.0	
135.0	
134.0	
139.0	
136.0	
143.0	
155.0	
147.0	
139.0	
145.0	
144.0	
143.0	
142.0	
132.0	
143.0	
136.0	
124.0	
126.0	
136.0	
132.0	
123.0	
126.0	
119.0	
129.0	
113.0	
105.0	
117.0	
110.0	
105.0	
104.0	
100.0	
105.0	
89.0	
96.0	
98.0	
87.0	
86.0	
87.0	
88.0	
86.0	
83.0	
84.0	
63.0	
59.0	
56.0	
67.0	
55.0	
45.0	
44.0	
47.0	
41.0	
48.0	
39.0	
45.0	
33.0	
38.0	
36.0	
11.0	
12.0	
37.0	
34.0	
16.0	
4.0	
9.0	
1.0	
6.0	
-6.0	
-9.0	
-11.0	
-15.0	
-17.0	
-17.0	
-21.0	
-30.0	
-30.0	
-24.0	
-33.0	
-42.0	
-50.0	
-39.0	
-49.0	
-48.0	
-53.0	
-60.0	
-56.0	
-59.0	
-64.0	
-77.0	
-78.0	
-66.0	
-62.0	
-83.0	
-84.0	
-72.0	
-78.0	
-82.0	
-91.0	
-104.0	
-99.0	
-104.0	
-101.0	
-111.0	
-109.0	
-115.0	
-118.0	
-123.0	
-121.0	
-128.0	
-138.0	
-153.0	
-145.0	
-140.0	
-146.0	
-157.0	
-149.0	
-159.0	
-160.0	
-148.0	
-170.0	
-166.0	
-162.0	
-179.0	
-176.0	
-178.0	
-184.0	
-193.0	
-196.0	
-190.0	
-188.0	
-192.0	
-202.0	
-207.0	
-207.0	
-199.0	
-201.0	
-219.0	
-217.0	
-222.0	
-227.0	
-211.0	
-219.0	
-224.0	
-230.0	
-242.0	
-227.0	
-232.0	
-233.0	
-231.0	
-235.0	
-245.0	
-253.0	
-249.0	
-247.0	
-256.0	
-263.0	
-250.0	
-258.0	
-257.0	
-246.0	
-244.0	
-239.0	
-248.0	
-259.0	
-269.0	
-262.0	
-262.0	
-269.0	
-260.0	
-268.0	
-271.0	
-271.0	
-263.0	
-277.0	
-269.0	
-271.0	
-261.0	
-276.0	
-273.0	
-259.0	
-267.0	
-273.0	
-267.0	
-270.0	
-262.0	
-262.0	
-266.0	
-272.0	
-263.0	
-261.0	
-276.0	
-276.0	
-281.0	
-279.0	
-275.0	
-282.0	
-286.0	
-282.0	
-282.0	
-275.0	
-270.0	
-269.0	
-283.0	
-276.0	
-262.0	
-266.0	
-261.0	
-260.0	
-256.0	
-266.0	
-266.0	
-275.0	
-266.0	
-274.0	
-267.0	
-260.0	
-256.0	
-260.0	
-247.0	
-251.0	
-249.0	
-245.0	
-270.0	
-282.0	
-260.0	
-255.0	
-266.0	
-257.0	
-251.0	
-250.0	
-244.0	
-243.0	
-239.0	
-238.0	
-231.0	
-229.0	
-243.0	
-240.0	
-238.0	
-244.0	
-235.0	
-232.0	
-243.0	
-231.0	
-226.0	
-229.0	
-219.0	
-211.0	
-225.0	
-218.0	
-213.0	
-223.0	
-211.0	
-214.0	
-205.0	
-214.0	
-212.0	
-204.0	
-207.0	
-219.0	
-196.0	
-194.0	
-190.0	
-192.0	
-189.0	
-185.0	
-195.0	
-193.0	
-187.0	
-181.0	
-190.0	
-184.0	
-174.0	
-181.0	
-168.0	
-168.0	
-166.0	
-165.0	
-161.0	
-153.0	
-168.0	
-155.0	
-165.0	
-163.0	
-156.0	
-155.0	
-156.0	
-157.0	
-149.0	
-152.0	
-147.0	
-143.0	
-145.0	
-140.0	
-146.0	
-146.0	
-140.0	
-129.0	
-135.0	
-135.0	
-121.0	
-117.0	
-113.0	
-114.0	
-109.0	
-106.0	
-111.0	
-106.0	
-111.0	
-107.0	
-101.0	
-105.0	
-96.0	
-94.0	
-100.0	
-90.0	
-86.0	
-88.0	
-89.0	
-88.0	
-100.0	
-99.0	
-81.0	
-82.0	
-77.0	
-73.0	
-82.0	
-66.0	
-70.0	
-79.0	
-64.0	
-79.0	
-72.0	
-71.0	
-58.0	
-58.0	
-68.0	
-68.0	
-65.0	
-65.0	
-59.0	
-55.0	
-42.0	
-49.0	
-60.0	
-53.0	
-50.0	
-49.0	
-41.0	
-51.0	
-40.0	
-30.0	
-38.0	
-34.0	
-21.0	
-25.0	
-10.0	
-5.0	
-19.0	
-17.0	
-10.0	
2.0	
-10.0	
-18.0	
-4.0	
7.0	
4.0	
-9.0	
5.0	
-5.0	
-10.0	
-4.0	
4.0	
21.0	
12.0	
21.0	
11.0	
0.0	
8.0	
17.0	
8.0	
8.0	
15.0	
8.0	
20.0	
26.0	
24.0	
21.0	
21.0	
28.0	
28.0	
37.0	
46.0	
40.0	
25.0	
29.0	
33.0	
35.0	
26.0	
32.0	
28.0	
40.0	
43.0	
34.0	
38.0	
38.0	
43.0	
41.0	
22.0	
36.0	
38.0	
34.0	
19.0	
38.0	
47.0	
46.0	
33.0	
35.0	
55.0	
58.0	
36.0	
34.0	
44.0	
38.0	
37.0	
53.0	
48.0	
45.0	
37.0	
24.0	
37.0	
38.0	
33.0	
29.0	
42.0	
46.0	
37.0	
33.0	
29.0	
29.0	
31.0	
51.0	
34.0	
32.0	
41.0	
36.0	
41.0	
27.0	
29.0	
42.0	
38.0	
38.0	
35.0	
38.0	
19.0	
15.0	
35.0	
28.0	
24.0	
21.0	
27.0	
25.0	
12.0	
23.0	
44.0	
36.0	
8.0	
22.0	
19.0	
8.0	
16.0	
18.0	
7.0	
1.0	
1.0	
1.0	
11.0	
11.0	
10.0	
9.0	
1.0	
6.0	
9.0	
2.0	
0.0	
6.0	
-12.0	
-2.0	
6.0	
0.0	
9.0	
5.0	
5.0	
5.0	
1.0	
-11.0	
-4.0	
0.0	
6.0	
-9.0	
-17.0	
-7.0	
-9.0	
-2.0	
-14.0	
-14.0	
-17.0	
