-8.0	
-13.0	
-4.0	
-19.0	
-35.0	
-38.0	
-34.0	
-23.0	
-25.0	
-27.0	
-35.0	
-30.0	
-43.0	
-46.0	
-59.0	
-69.0	
-71.0	
-67.0	
-72.0	
-88.0	
-76.0	
-86.0	
-79.0	
-88.0	
-84.0	
-95.0	
-112.0	
-116.0	
-107.0	
-104.0	
-119.0	
-129.0	
-123.0	
-131.0	
-134.0	
-135.0	
-139.0	
-139.0	
-144.0	
-159.0	
-159.0	
-172.0	
-182.0	
-178.0	
-181.0	
-183.0	
-185.0	
-190.0	
-194.0	
-188.0	
-201.0	
-197.0	
-207.0	
-216.0	
-210.0	
-210.0	
-204.0	
-218.0	
-216.0	
-225.0	
-225.0	
-231.0	
-232.0	
-227.0	
-224.0	
-224.0	
-240.0	
-236.0	
-236.0	
-241.0	
-232.0	
-239.0	
-250.0	
-240.0	
-236.0	
-243.0	
-261.0	
-247.0	
-251.0	
-258.0	
-261.0	
-254.0	
-255.0	
-259.0	
-240.0	
-246.0	
-238.0	
-243.0	
-257.0	
-267.0	
-275.0	
-259.0	
-262.0	
-278.0	
-271.0	
-269.0	
-270.0	
-262.0	
-269.0	
-255.0	
-250.0	
-261.0	
-251.0	
-255.0	
-259.0	
-249.0	
-248.0	
-250.0	
-254.0	
-241.0	
-238.0	
-235.0	
-240.0	
-241.0	
-242.0	
-239.0	
-236.0	
-237.0	
-237.0	
-225.0	
-245.0	
-242.0	
-230.0	
-215.0	
-214.0	
-215.0	
-213.0	
-207.0	
-200.0	
-199.0	
-195.0	
-195.0	
-197.0	
-196.0	
-207.0	
-187.0	
-177.0	
-186.0	
-177.0	
-176.0	
-174.0	
-173.0	
-176.0	
-176.0	
-167.0	
-156.0	
-147.0	
-143.0	
-151.0	
-147.0	
-132.0	
-129.0	
-126.0	
-130.0	
-121.0	
-121.0	
-118.0	
-114.0	
-105.0	
-103.0	
-82.0	
-98.0	
-89.0	
-80.0	
-83.0	
-81.0	
-68.0	
-57.0	
-55.0	
-56.0	
-62.0	
-55.0	
-60.0	
-50.0	
-31.0	
-25.0	
-30.0	
-18.0	
-15.0	
-13.0	
-17.0	
-22.0	
-5.0	
0.0	
3.0	
14.0	
2.0	
0.0	
5.0	
11.0	
15.0	
15.0	
24.0	
23.0	
31.0	
32.0	
37.0	
46.0	
52.0	
56.0	
52.0	
63.0	
77.0	
74.0	
76.0	
80.0	
95.0	
79.0	
94.0	
100.0	
96.0	
95.0	
108.0	
102.0	
105.0	
104.0	
116.0	
103.0	
107.0	
113.0	
113.0	
133.0	
127.0	
121.0	
135.0	
136.0	
134.0	
141.0	
134.0	
130.0	
134.0	
139.0	
149.0	
151.0	
146.0	
155.0	
159.0	
151.0	
157.0	
164.0	
170.0	
161.0	
163.0	
174.0	
168.0	
168.0	
174.0	
180.0	
195.0	
175.0	
183.0	
169.0	
176.0	
178.0	
170.0	
177.0	
167.0	
180.0	
180.0	
178.0	
179.0	
180.0	
186.0	
200.0	
188.0	
187.0	
190.0	
191.0	
205.0	
200.0	
201.0	
197.0	
198.0	
208.0	
204.0	
194.0	
207.0	
205.0	
213.0	
202.0	
196.0	
212.0	
216.0	
209.0	
195.0	
189.0	
201.0	
206.0	
210.0	
208.0	
206.0	
217.0	
221.0	
217.0	
217.0	
221.0	
220.0	
219.0	
215.0	
222.0	
221.0	
224.0	
222.0	
221.0	
216.0	
210.0	
203.0	
204.0	
198.0	
216.0	
211.0	
196.0	
200.0	
198.0	
191.0	
195.0	
182.0	
186.0	
184.0	
194.0	
188.0	
197.0	
196.0	
196.0	
195.0	
192.0	
203.0	
201.0	
189.0	
184.0	
176.0	
183.0	
189.0	
172.0	
171.0	
184.0	
166.0	
167.0	
168.0	
168.0	
165.0	
171.0	
174.0	
162.0	
157.0	
161.0	
153.0	
168.0	
173.0	
163.0	
150.0	
145.0	
139.0	
146.0	
145.0	
137.0	
137.0	
133.0	
133.0	
136.0	
117.0	
117.0	
125.0	
119.0	
131.0	
120.0	
118.0	
117.0	
110.0	
113.0	
117.0	
118.0	
117.0	
116.0	
119.0	
105.0	
106.0	
105.0	
98.0	
94.0	
97.0	
91.0	
93.0	
96.0	
87.0	
85.0	
94.0	
92.0	
93.0	
91.0	
85.0	
74.0	
76.0	
79.0	
70.0	
76.0	
75.0	
65.0	
68.0	
68.0	
65.0	
75.0	
71.0	
53.0	
56.0	
51.0	
51.0	
47.0	
52.0	
56.0	
39.0	
36.0	
48.0	
37.0	
56.0	
50.0	
44.0	
41.0	
37.0	
39.0	
34.0	
32.0	
43.0	
33.0	
27.0	
15.0	
30.0	
16.0	
13.0	
0.0	
5.0	
20.0	
0.0	
-14.0	
0.0	
-10.0	
-11.0	
3.0	
-21.0	
-13.0	
-20.0	
-25.0	
-24.0	
-11.0	
-16.0	
-24.0	
-24.0	
-29.0	
-32.0	
-43.0	
-35.0	
-34.0	
-49.0	
-54.0	
-61.0	
-52.0	
-41.0	
-39.0	
-44.0	
-66.0	
-61.0	
-56.0	
-58.0	
-62.0	
-74.0	
-63.0	
-66.0	
-79.0	
-66.0	
-79.0	
-76.0	
-68.0	
-92.0	
-87.0	
-79.0	
-90.0	
-97.0	
-86.0	
-77.0	
-101.0	
-99.0	
-94.0	
-102.0	
-107.0	
-116.0	
-117.0	
-108.0	
-103.0	
-121.0	
-115.0	
-115.0	
-133.0	
-131.0	
-135.0	
-119.0	
-113.0	
-130.0	
-132.0	
-134.0	
-137.0	
-128.0	
-137.0	
-150.0	
-160.0	
-153.0	
-145.0	
-148.0	
-150.0	
-164.0	
-147.0	
-149.0	
-163.0	
-160.0	
-157.0	
-163.0	
-168.0	
-173.0	
-167.0	
-170.0	
-169.0	
-158.0	
-168.0	
-173.0	
-175.0	
-175.0	
-173.0	
-164.0	
-183.0	
-185.0	
-171.0	
-181.0	
-189.0	
-176.0	
-173.0	
-183.0	
-186.0	
-171.0	
-174.0	
-175.0	
-178.0	
-176.0	
-184.0	
-185.0	
-187.0	
-191.0	
-190.0	
-183.0	
-172.0	
-182.0	
-183.0	
-179.0	
-170.0	
-177.0	
-182.0	
-179.0	
-159.0	
-160.0	
-149.0	
-157.0	
-161.0	
-170.0	
-171.0	
-170.0	
-160.0	
-167.0	
-170.0	
-163.0	
-161.0	
-171.0	
-168.0	
-163.0	
-171.0	
-164.0	
-159.0	
-164.0	
-158.0	
-153.0	
-147.0	
-142.0	
-152.0	
-143.0	
-147.0	
-149.0	
-148.0	
-140.0	
-139.0	
-145.0	
-148.0	
-138.0	
-149.0	
-145.0	
-122.0	
-135.0	
-135.0	
-132.0	
-126.0	
-145.0	
-144.0	
-143.0	
-135.0	
-130.0	
-130.0	
-139.0	
-133.0	
-121.0	
-118.0	
-128.0	
-136.0	
-112.0	
-112.0	
-123.0	
-109.0	
-115.0	
-117.0	
-109.0	
-110.0	
-90.0	
-97.0	
-102.0	
-106.0	
-112.0	
-106.0	
-100.0	
-96.0	
-91.0	
-96.0	
-89.0	
-91.0	
-83.0	
