-63.0	
-51.0	
-71.0	
-66.0	
-54.0	
-46.0	
-52.0	
-35.0	
-39.0	
-44.0	
-37.0	
-26.0	
-19.0	
-16.0	
-19.0	
-26.0	
-24.0	
-22.0	
-18.0	
-16.0	
-12.0	
-27.0	
-14.0	
-3.0	
-7.0	
-5.0	
4.0	
7.0	
10.0	
28.0	
15.0	
9.0	
27.0	
18.0	
36.0	
42.0	
45.0	
37.0	
36.0	
38.0	
29.0	
31.0	
48.0	
49.0	
43.0	
33.0	
49.0	
52.0	
61.0	
53.0	
71.0	
69.0	
67.0	
68.0	
55.0	
55.0	
62.0	
56.0	
52.0	
69.0	
79.0	
69.0	
68.0	
76.0	
82.0	
80.0	
81.0	
82.0	
84.0	
79.0	
78.0	
79.0	
89.0	
88.0	
81.0	
66.0	
64.0	
65.0	
71.0	
76.0	
79.0	
75.0	
67.0	
74.0	
81.0	
70.0	
59.0	
61.0	
57.0	
65.0	
79.0	
65.0	
72.0	
52.0	
64.0	
60.0	
39.0	
44.0	
35.0	
44.0	
47.0	
34.0	
32.0	
30.0	
30.0	
24.0	
21.0	
1.0	
0.0	
7.0	
-8.0	
-17.0	
-12.0	
-11.0	
-13.0	
-11.0	
-23.0	
-28.0	
-20.0	
-33.0	
-51.0	
-58.0	
-53.0	
-56.0	
-50.0	
-59.0	
-60.0	
-51.0	
-49.0	
-42.0	
-42.0	
-57.0	
-65.0	
-66.0	
-59.0	
-76.0	
-72.0	
-61.0	
-69.0	
-61.0	
-61.0	
-70.0	
-73.0	
-75.0	
-82.0	
-77.0	
-64.0	
-71.0	
-73.0	
-65.0	
-66.0	
-71.0	
-76.0	
-74.0	
-77.0	
-87.0	
-97.0	
-86.0	
-76.0	
-72.0	
-74.0	
-74.0	
-76.0	
-76.0	
-76.0	
-76.0	
-74.0	
-61.0	
-63.0	
-65.0	
-66.0	
-64.0	
-62.0	
-71.0	
-47.0	
-49.0	
-55.0	
-36.0	
-47.0	
-53.0	
-57.0	
-40.0	
-39.0	
-42.0	
-37.0	
-27.0	
-22.0	
-22.0	
-20.0	
-12.0	
-32.0	
-9.0	
2.0	
-15.0	
-11.0	
-1.0	
-5.0	
-3.0	
-14.0	
2.0	
16.0	
12.0	
6.0	
0.0	
-8.0	
4.0	
3.0	
5.0	
27.0	
19.0	
17.0	
29.0	
30.0	
21.0	
21.0	
23.0	
18.0	
2.0	
4.0	
7.0	
16.0	
17.0	
-1.0	
10.0	
7.0	
14.0	
6.0	
-5.0	
-6.0	
6.0	
12.0	
12.0	
-3.0	
-8.0	
4.0	
-9.0	
-15.0	
-6.0	
-3.0	
-9.0	
-14.0	
-14.0	
-14.0	
-16.0	
-18.0	
-11.0	
-14.0	
-21.0	
-22.0	
