63.0	
66.0	
65.0	
62.0	
75.0	
74.0	
80.0	
90.0	
92.0	
94.0	
108.0	
103.0	
125.0	
140.0	
148.0	
140.0	
143.0	
160.0	
161.0	
168.0	
168.0	
174.0	
184.0	
196.0	
193.0	
189.0	
215.0	
215.0	
219.0	
203.0	
208.0	
235.0	
228.0	
233.0	
238.0	
247.0	
260.0	
259.0	
265.0	
269.0	
266.0	
284.0	
275.0	
272.0	
280.0	
283.0	
282.0	
300.0	
304.0	
317.0	
331.0	
321.0	
321.0	
337.0	
333.0	
340.0	
345.0	
351.0	
355.0	
356.0	
367.0	
364.0	
366.0	
364.0	
362.0	
368.0	
378.0	
384.0	
391.0	
395.0	
404.0	
403.0	
397.0	
412.0	
411.0	
404.0	
409.0	
421.0	
425.0	
423.0	
433.0	
440.0	
421.0	
428.0	
432.0	
443.0	
447.0	
436.0	
436.0	
439.0	
433.0	
445.0	
447.0	
467.0	
457.0	
445.0	
450.0	
449.0	
446.0	
444.0	
444.0	
454.0	
452.0	
448.0	
446.0	
437.0	
451.0	
453.0	
463.0	
446.0	
438.0	
459.0	
447.0	
447.0	
440.0	
436.0	
434.0	
417.0	
436.0	
449.0	
432.0	
434.0	
431.0	
428.0	
429.0	
441.0	
428.0	
419.0	
434.0	
411.0	
411.0	
407.0	
412.0	
390.0	
385.0	
392.0	
394.0	
388.0	
373.0	
368.0	
358.0	
358.0	
362.0	
357.0	
349.0	
347.0	
345.0	
336.0	
324.0	
309.0	
328.0	
325.0	
318.0	
320.0	
317.0	
311.0	
304.0	
307.0	
296.0	
279.0	
278.0	
273.0	
270.0	
273.0	
263.0	
255.0	
257.0	
248.0	
241.0	
230.0	
228.0	
215.0	
229.0	
215.0	
200.0	
202.0	
203.0	
183.0	
172.0	
179.0	
183.0	
170.0	
163.0	
170.0	
153.0	
151.0	
145.0	
141.0	
128.0	
127.0	
127.0	
127.0	
123.0	
119.0	
106.0	
98.0	
96.0	
93.0	
89.0	
70.0	
63.0	
74.0	
70.0	
52.0	
41.0	
38.0	
33.0	
30.0	
37.0	
28.0	
19.0	
22.0	
15.0	
8.0	
-4.0	
-12.0	
-18.0	
-9.0	
-23.0	
-34.0	
-39.0	
-46.0	
-35.0	
-34.0	
-50.0	
-56.0	
-67.0	
-69.0	
-67.0	
-74.0	
-75.0	
-83.0	
-73.0	
-94.0	
-108.0	
-120.0	
-117.0	
-115.0	
-117.0	
-132.0	
-128.0	
-131.0	
-156.0	
-141.0	
-139.0	
-154.0	
-166.0	
-165.0	
-161.0	
-154.0	
-176.0	
-186.0	
-193.0	
-184.0	
-198.0	
-207.0	
-200.0	
-203.0	
-209.0	
-210.0	
-219.0	
-228.0	
-234.0	
-235.0	
-226.0	
-227.0	
-242.0	
-237.0	
-237.0	
-242.0	
-243.0	
-252.0	
-258.0	
-267.0	
-274.0	
-280.0	
-292.0	
-277.0	
-286.0	
-290.0	
-289.0	
-288.0	
-288.0	
-298.0	
-299.0	
-302.0	
-300.0	
-296.0	
-304.0	
-305.0	
-307.0	
-309.0	
-311.0	
-311.0	
-324.0	
-327.0	
-319.0	
-321.0	
-326.0	
-320.0	
-325.0	
-335.0	
-333.0	
-346.0	
-351.0	
-341.0	
-340.0	
-328.0	
-332.0	
-335.0	
-340.0	
-365.0	
-349.0	
-342.0	
-355.0	
-347.0	
-350.0	
-349.0	
-354.0	
-351.0	
-351.0	
-361.0	
-361.0	
-359.0	
-368.0	
-356.0	
-351.0	
-345.0	
-363.0	
-363.0	
-357.0	
-363.0	
-354.0	
-358.0	
-360.0	
-346.0	
-358.0	
-345.0	
-342.0	
-357.0	
-355.0	
-354.0	
-355.0	
-347.0	
-341.0	
-346.0	
-344.0	
-343.0	
-342.0	
-334.0	
-348.0	
-349.0	
-341.0	
-316.0	
-311.0	
-319.0	
-326.0	
-327.0	
-326.0	
-318.0	
-313.0	
-320.0	
-319.0	
-313.0	
-302.0	
-290.0	
-303.0	
-298.0	
-295.0	
-287.0	
-299.0	
-300.0	
-286.0	
-281.0	
-279.0	
-274.0	
-280.0	
-271.0	
-256.0	
-255.0	
-251.0	
-249.0	
-247.0	
-254.0	
-245.0	
-242.0	
-225.0	
-237.0	
-216.0	
-206.0	
-215.0	
-210.0	
-205.0	
-199.0	
-194.0	
-178.0	
-182.0	
-185.0	
-170.0	
-172.0	
-171.0	
-169.0	
-151.0	
-152.0	
-138.0	
-144.0	
-149.0	
-147.0	
-118.0	
-113.0	
-121.0	
-110.0	
-95.0	
-90.0	
-91.0	
-99.0	
-93.0	
-78.0	
-82.0	
-70.0	
-71.0	
-70.0	
-54.0	
-46.0	
-50.0	
-40.0	
-23.0	
-18.0	
-28.0	
-22.0	
-13.0	
-10.0	
-3.0	
7.0	
18.0	
11.0	
12.0	
25.0	
23.0	
36.0	
50.0	
48.0	
43.0	
67.0	
68.0	
80.0	
76.0	
76.0	
77.0	
74.0	
86.0	
97.0	
98.0	
116.0	
121.0	
115.0	
122.0	
120.0	
122.0	
125.0	
133.0	
128.0	
127.0	
132.0	
132.0	
142.0	
151.0	
139.0	
153.0	
155.0	
165.0	
178.0	
161.0	
174.0	
173.0	
180.0	
189.0	
191.0	
196.0	
205.0	
191.0	
186.0	
190.0	
190.0	
187.0	
205.0	
221.0	
206.0	
215.0	
203.0	
213.0	
220.0	
214.0	
220.0	
226.0	
235.0	
236.0	
232.0	
231.0	
226.0	
235.0	
242.0	
241.0	
247.0	
243.0	
248.0	
243.0	
246.0	
245.0	
251.0	
249.0	
244.0	
248.0	
245.0	
239.0	
233.0	
236.0	
227.0	
216.0	
237.0	
246.0	
248.0	
232.0	
233.0	
240.0	
233.0	
229.0	
246.0	
243.0	
246.0	
249.0	
234.0	
223.0	
244.0	
241.0	
230.0	
228.0	
222.0	
208.0	
214.0	
229.0	
240.0	
236.0	
222.0	
221.0	
235.0	
213.0	
213.0	
215.0	
196.0	
210.0	
209.0	
204.0	
197.0	
204.0	
202.0	
199.0	
200.0	
188.0	
180.0	
184.0	
184.0	
176.0	
167.0	
174.0	
159.0	
159.0	
181.0	
160.0	
158.0	
155.0	
152.0	
140.0	
153.0	
139.0	
139.0	
148.0	
142.0	
118.0	
117.0	
121.0	
115.0	
119.0	
110.0	
114.0	
114.0	
104.0	
102.0	
106.0	
100.0	
96.0	
82.0	
90.0	
76.0	
66.0	
69.0	
62.0	
60.0	
65.0	
70.0	
72.0	
71.0	
51.0	
35.0	
42.0	
27.0	
25.0	
28.0	
25.0	
36.0	
20.0	
5.0	
24.0	
20.0	
14.0	
18.0	
19.0	
11.0	
0.0	
-11.0	
-8.0	
-8.0	
-24.0	
-20.0	
-31.0	
-20.0	
-19.0	
-33.0	
-39.0	
-43.0	
-34.0	
-39.0	
-36.0	
-39.0	
-33.0	
-49.0	
-41.0	
-56.0	
-54.0	
-57.0	
-53.0	
-57.0	
-55.0	
-55.0	
-61.0	
-63.0	
-74.0	
-73.0	
-75.0	
-85.0	
-103.0	
-69.0	
-85.0	
-81.0	
-82.0	
-87.0	
-86.0	
-83.0	
-94.0	
-89.0	
-93.0	
-98.0	
-98.0	
-103.0	
-115.0	
-104.0	
-101.0	
-107.0	
-104.0	
-96.0	
-106.0	
-110.0	
-113.0	
-114.0	
-114.0	
-111.0	
-109.0	
-110.0	
-113.0	
-110.0	
-115.0	
-116.0	
-108.0	
-102.0	
-110.0	
-126.0	
-117.0	
-119.0	
-122.0	
-117.0	
-123.0	
-124.0	
-106.0	
-120.0	
-115.0	
-130.0	
-121.0	
-112.0	
-121.0	
-107.0	
-111.0	
-138.0	
-122.0	
-103.0	
-109.0	
-105.0	
-116.0	
-117.0	
-108.0	
-105.0	
-107.0	
-105.0	
-97.0	
-105.0	
-100.0	
-92.0	
-104.0	
-114.0	
-107.0	
-109.0	
-114.0	
-109.0	
-111.0	
-93.0	
-95.0	
-98.0	
-100.0	
-104.0	
-103.0	
-86.0	
-93.0	
-109.0	
-122.0	
-112.0	
-109.0	
-99.0	
-102.0	
-105.0	
-96.0	
-90.0	
-84.0	
-91.0	
-96.0	
-101.0	
-93.0	
-91.0	
-99.0	
-89.0	
-80.0	
-78.0	
-75.0	
-87.0	
-85.0	
-78.0	
-74.0	
-87.0	
-82.0	
-72.0	
-85.0	
-84.0	
-75.0	
-88.0	
-91.0	
-86.0	
-78.0	
-59.0	
-53.0	
-59.0	
-61.0	
-66.0	
-54.0	
-56.0	
-61.0	
-60.0	
-59.0	
-62.0	
-57.0	
-59.0	
-58.0	
-59.0	
-69.0	
-61.0	
-58.0	
-45.0	
-43.0	
-33.0	
-40.0	
-37.0	
-38.0	
-28.0	
-17.0	
-26.0	
-28.0	
-37.0	
-35.0	
-22.0	
-23.0	
-33.0	
-42.0	
-28.0	
-30.0	
-24.0	
-24.0	
-28.0	
-21.0	
-13.0	
-7.0	
-8.0	
-1.0	
-9.0	
-9.0	
-3.0	
-3.0	
-13.0	
3.0	
7.0	
6.0	
-5.0	
8.0	
11.0	
7.0	
10.0	
13.0	
24.0	
6.0	
10.0	
14.0	
10.0	
0.0	
14.0	
22.0	
14.0	
18.0	
9.0	
8.0	
27.0	
34.0	
21.0	
27.0	
44.0	
32.0	
23.0	
32.0	
31.0	
40.0	
36.0	
43.0	
44.0	
42.0	
42.0	
44.0	
57.0	
51.0	
50.0	
47.0	
50.0	
64.0	
58.0	
52.0	
54.0	
62.0	
57.0	
48.0	
61.0	
73.0	
78.0	
72.0	
62.0	
79.0	
81.0	
80.0	
85.0	
82.0	
78.0	
79.0	
84.0	
83.0	
84.0	
102.0	
107.0	
95.0	
97.0	
102.0	
98.0	
102.0	
107.0	
112.0	
115.0	
101.0	
102.0	
117.0	
119.0	
118.0	
112.0	
107.0	
122.0	
115.0	
112.0	
106.0	
114.0	
127.0	
114.0	
121.0	
122.0	
121.0	
118.0	
139.0	
139.0	
134.0	
134.0	
137.0	
147.0	
141.0	
143.0	
136.0	
131.0	
136.0	
131.0	
141.0	
147.0	
140.0	
146.0	
147.0	
149.0	
147.0	
147.0	
151.0	
143.0	
149.0	
149.0	
150.0	
155.0	
158.0	
157.0	
157.0	
163.0	
152.0	
161.0	
145.0	
162.0	
168.0	
170.0	
165.0	
171.0	
169.0	
150.0	
160.0	
166.0	
166.0	
175.0	
186.0	
185.0	
160.0	
153.0	
164.0	
160.0	
164.0	
164.0	
172.0	
162.0	
148.0	
159.0	
161.0	
159.0	
167.0	
160.0	
146.0	
156.0	
155.0	
149.0	
156.0	
141.0	
169.0	
169.0	
148.0	
154.0	
155.0	
158.0	
151.0	
148.0	
127.0	
131.0	
134.0	
139.0	
151.0	
154.0	
143.0	
133.0	
133.0	
145.0	
127.0	
127.0	
130.0	
133.0	
130.0	
126.0	
133.0	
131.0	
132.0	
119.0	
126.0	
135.0	
133.0	
116.0	
106.0	
124.0	
106.0	
107.0	
103.0	
99.0	
112.0	
97.0	
104.0	
111.0	
110.0	
110.0	
106.0	
97.0	
91.0	
77.0	
107.0	
106.0	
90.0	
92.0	
86.0	
96.0	
107.0	
86.0	
79.0	
69.0	
83.0	
82.0	
72.0	
82.0	
76.0	
84.0	
77.0	
73.0	
77.0	
64.0	
74.0	
65.0	
64.0	
69.0	
66.0	
57.0	
40.0	
50.0	
52.0	
58.0	
54.0	
37.0	
32.0	
38.0	
49.0	
41.0	
41.0	
32.0	
50.0	
44.0	
21.0	
36.0	
32.0	
23.0	
29.0	
23.0	
7.0	
18.0	
20.0	
5.0	
18.0	
25.0	
20.0	
22.0	
7.0	
-3.0	
2.0	
3.0	
-9.0	
-11.0	
-11.0	
-11.0	
-12.0	
-20.0	
-13.0	
-2.0	
-13.0	
-10.0	
-14.0	
-24.0	
-25.0	
-27.0	
-32.0	
-37.0	
-21.0	
-7.0	
-27.0	
-24.0	
-8.0	
-20.0	
-29.0	
-28.0	
-44.0	
-34.0	
-54.0	
-51.0	
-39.0	
-33.0	
-49.0	
-44.0	
-39.0	
-43.0	
-64.0	
-48.0	
-49.0	
-64.0	
-52.0	
-51.0	
-57.0	
-45.0	
-48.0	
-57.0	
-56.0	
-63.0	
-42.0	
-41.0	
-55.0	
-62.0	
-61.0	
-52.0	
-58.0	
-60.0	
-59.0	
-65.0	
-59.0	
-69.0	
-68.0	
-61.0	
-71.0	
-70.0	
-70.0	
-76.0	
-80.0	
-77.0	
-71.0	
-73.0	
-79.0	
-70.0	
-87.0	
-82.0	
-66.0	
-79.0	
-63.0	
-78.0	
-82.0	
-86.0	
-77.0	
-75.0	
-68.0	
-76.0	
-84.0	
-86.0	
-86.0	
-77.0	
-77.0	
-86.0	
-95.0	
-79.0	
-83.0	
-79.0	
-77.0	
-86.0	
-90.0	
-81.0	
-88.0	
-78.0	
-83.0	
-96.0	
-95.0	
-81.0	
-87.0	
-94.0	
-86.0	
-85.0	
-89.0	
-98.0	
-94.0	
-103.0	
-92.0	
-85.0	
-95.0	
-94.0	
-96.0	
-99.0	
-96.0	
-80.0	
-95.0	
-103.0	
-95.0	
-85.0	
-90.0	
-102.0	
-104.0	
-105.0	
-100.0	
-98.0	
-101.0	
-101.0	
-98.0	
-87.0	
-87.0	
-86.0	
-87.0	
-92.0	
-94.0	
-85.0	
-89.0	
-86.0	
-97.0	
-90.0	
-95.0	
-90.0	
-84.0	
-95.0	
-107.0	
-101.0	
-96.0	
-90.0	
-89.0	
-94.0	
-95.0	
-88.0	
-93.0	
-94.0	
-87.0	
-80.0	
-84.0	
-85.0	
-86.0	
-91.0	
-94.0	
-84.0	
-74.0	
-75.0	
-75.0	
-71.0	
-75.0	
-80.0	
-90.0	
-100.0	
-94.0	
-86.0	
-76.0	
-88.0	
-85.0	
-87.0	
-88.0	
-81.0	
-90.0	
-87.0	
-70.0	
-77.0	
-97.0	
-97.0	
-74.0	
-83.0	
-72.0	
-72.0	
-81.0	
-67.0	
-67.0	
-76.0	
-81.0	
-65.0	
-66.0	
-79.0	
-69.0	
-72.0	
-69.0	
-69.0	
-80.0	
-65.0	
-68.0	
-75.0	
-65.0	
-59.0	
-67.0	
-65.0	
-67.0	
-51.0	
-67.0	
-72.0	
-59.0	
-61.0	
-84.0	
-66.0	
-63.0	
-60.0	
-62.0	
-53.0	
-58.0	
-63.0	
-56.0	
-63.0	
-61.0	
-58.0	
-52.0	
-63.0	
-65.0	
-62.0	
-71.0	
-71.0	
-66.0	
-68.0	
-53.0	
-64.0	
-59.0	
-49.0	
-34.0	
-51.0	
-56.0	
-34.0	
-46.0	
-40.0	
-39.0	
-40.0	
-33.0	
-47.0	
-52.0	
-39.0	
-34.0	
-36.0	
-40.0	
-43.0	
-41.0	
-31.0	
-39.0	
-37.0	
-36.0	
-27.0	
-40.0	
-21.0	
-38.0	
-38.0	
-31.0	
-31.0	
-34.0	
-37.0	
-22.0	
-25.0	
-25.0	
-25.0	
-26.0	
-17.0	
-32.0	
-25.0	
-33.0	
