4.0	
-4.0	
-18.0	
-21.0	
-13.0	
-21.0	
-33.0	
-35.0	
-17.0	
-37.0	
-52.0	
-64.0	
-66.0	
-65.0	
-81.0	
-56.0	
-60.0	
-82.0	
-89.0	
-91.0	
-90.0	
-109.0	
-99.0	
-94.0	
-103.0	
-103.0	
-102.0	
-125.0	
-118.0	
-129.0	
-126.0	
-138.0	
-128.0	
-132.0	
-145.0	
-143.0	
-153.0	
-160.0	
-166.0	
-168.0	
-173.0	
-166.0	
-185.0	
-188.0	
-204.0	
-197.0	
-183.0	
-188.0	
-194.0	
-192.0	
-193.0	
-205.0	
-213.0	
-214.0	
-220.0	
-228.0	
-216.0	
-221.0	
-212.0	
-223.0	
-226.0	
-243.0	
-229.0	
-243.0	
-250.0	
-244.0	
-229.0	
-245.0	
-250.0	
-246.0	
-254.0	
-264.0	
-255.0	
-254.0	
-250.0	
-256.0	
-249.0	
-259.0	
-250.0	
-256.0	
-265.0	
-250.0	
-249.0	
-262.0	
-274.0	
-272.0	
-252.0	
-264.0	
-274.0	
-278.0	
-264.0	
-257.0	
-272.0	
-263.0	
-264.0	
-265.0	
-263.0	
-268.0	
-276.0	
-266.0	
-264.0	
-261.0	
-252.0	
-251.0	
-245.0	
-251.0	
-245.0	
-239.0	
-242.0	
-264.0	
-248.0	
-243.0	
-246.0	
-247.0	
-241.0	
-235.0	
-242.0	
-234.0	
-236.0	
-229.0	
-231.0	
-222.0	
-212.0	
-230.0	
-226.0	
-218.0	
-223.0	
-215.0	
-216.0	
-210.0	
-201.0	
-195.0	
-200.0	
-201.0	
-187.0	
-186.0	
-189.0	
-189.0	
-178.0	
-169.0	
-160.0	
-158.0	
-148.0	
-152.0	
-135.0	
-143.0	
-146.0	
-137.0	
-118.0	
-113.0	
-130.0	
-132.0	
-116.0	
-119.0	
-105.0	
-102.0	
-87.0	
-92.0	
-111.0	
-85.0	
-91.0	
-86.0	
-78.0	
-79.0	
-66.0	
-72.0	
-80.0	
-57.0	
-40.0	
-44.0	
-41.0	
-47.0	
-29.0	
-26.0	
-25.0	
-26.0	
-12.0	
-18.0	
-16.0	
-5.0	
-2.0	
10.0	
2.0	
10.0	
12.0	
6.0	
14.0	
9.0	
18.0	
28.0	
40.0	
37.0	
50.0	
51.0	
62.0	
60.0	
63.0	
80.0	
70.0	
67.0	
74.0	
76.0	
90.0	
99.0	
97.0	
80.0	
106.0	
121.0	
117.0	
119.0	
119.0	
123.0	
115.0	
135.0	
136.0	
134.0	
139.0	
129.0	
133.0	
131.0	
127.0	
121.0	
136.0	
143.0	
141.0	
158.0	
147.0	
161.0	
163.0	
163.0	
149.0	
160.0	
178.0	
175.0	
167.0	
173.0	
170.0	
165.0	
177.0	
173.0	
178.0	
172.0	
165.0	
163.0	
162.0	
169.0	
185.0	
190.0	
176.0	
186.0	
173.0	
188.0	
192.0	
190.0	
186.0	
189.0	
187.0	
197.0	
195.0	
197.0	
189.0	
185.0	
192.0	
177.0	
166.0	
177.0	
181.0	
175.0	
178.0	
179.0	
176.0	
178.0	
179.0	
171.0	
179.0	
175.0	
162.0	
166.0	
172.0	
175.0	
174.0	
181.0	
166.0	
178.0	
165.0	
150.0	
152.0	
153.0	
157.0	
154.0	
137.0	
133.0	
149.0	
144.0	
132.0	
142.0	
147.0	
133.0	
125.0	
123.0	
126.0	
132.0	
118.0	
114.0	
112.0	
110.0	
104.0	
102.0	
107.0	
110.0	
110.0	
100.0	
85.0	
78.0	
78.0	
85.0	
90.0	
87.0	
82.0	
76.0	
77.0	
78.0	
73.0	
69.0	
68.0	
60.0	
68.0	
55.0	
52.0	
44.0	
48.0	
46.0	
47.0	
52.0	
60.0	
46.0	
41.0	
45.0	
57.0	
36.0	
42.0	
35.0	
32.0	
27.0	
19.0	
15.0	
21.0	
10.0	
-1.0	
-5.0	
13.0	
22.0	
2.0	
6.0	
21.0	
13.0	
-3.0	
-4.0	
-4.0	
1.0	
-10.0	
-13.0	
-19.0	
-12.0	
-16.0	
-11.0	
-24.0	
-9.0	
-14.0	
-8.0	
-18.0	
-36.0	
-35.0	
-32.0	
-37.0	
-53.0	
-37.0	
-30.0	
-46.0	
-55.0	
-50.0	
-38.0	
-50.0	
-46.0	
-41.0	
-50.0	
-40.0	
-44.0	
-45.0	
-39.0	
-31.0	
-47.0	
-57.0	
-55.0	
-51.0	
-35.0	
-27.0	
-28.0	
-42.0	
-39.0	
-48.0	
-51.0	
-42.0	
-71.0	
-64.0	
-59.0	
-60.0	
-54.0	
-53.0	
-65.0	
-55.0	
-60.0	
-54.0	
-55.0	
-58.0	
-54.0	
-53.0	
-51.0	
-51.0	
-51.0	
-52.0	
-63.0	
-56.0	
-42.0	
-51.0	
-59.0	
-58.0	
-58.0	
-64.0	
-62.0	
-66.0	
-74.0	
-84.0	
-48.0	
-47.0	
-54.0	
-54.0	
-72.0	
-62.0	
-47.0	
-48.0	
-56.0	
-62.0	
-47.0	
-42.0	
-52.0	
-33.0	
-44.0	
-48.0	
-43.0	
-47.0	
-46.0	
-48.0	
-46.0	
-33.0	
-37.0	
-50.0	
-33.0	
-41.0	
-42.0	
-31.0	
-44.0	
-51.0	
