65.0	
64.0	
65.0	
75.0	
83.0	
81.0	
90.0	
80.0	
83.0	
91.0	
90.0	
96.0	
104.0	
112.0	
110.0	
120.0	
111.0	
112.0	
103.0	
123.0	
129.0	
129.0	
139.0	
144.0	
139.0	
141.0	
148.0	
159.0	
158.0	
162.0	
165.0	
156.0	
164.0	
173.0	
178.0	
176.0	
174.0	
182.0	
197.0	
188.0	
193.0	
205.0	
211.0	
197.0	
199.0	
206.0	
213.0	
214.0	
217.0	
226.0	
226.0	
215.0	
224.0	
234.0	
237.0	
238.0	
233.0	
246.0	
260.0	
256.0	
257.0	
252.0	
234.0	
248.0	
261.0	
259.0	
277.0	
275.0	
276.0	
287.0	
291.0	
283.0	
286.0	
295.0	
296.0	
292.0	
285.0	
282.0	
287.0	
291.0	
289.0	
302.0	
299.0	
303.0	
303.0	
310.0	
316.0	
321.0	
315.0	
331.0	
332.0	
323.0	
323.0	
315.0	
315.0	
310.0	
328.0	
347.0	
330.0	
321.0	
318.0	
323.0	
346.0	
332.0	
343.0	
349.0	
347.0	
341.0	
345.0	
345.0	
348.0	
357.0	
350.0	
351.0	
351.0	
353.0	
350.0	
347.0	
355.0	
343.0	
355.0	
354.0	
360.0	
351.0	
356.0	
350.0	
349.0	
344.0	
346.0	
337.0	
342.0	
347.0	
348.0	
349.0	
341.0	
342.0	
346.0	
343.0	
340.0	
338.0	
340.0	
321.0	
324.0	
338.0	
330.0	
326.0	
328.0	
328.0	
323.0	
320.0	
320.0	
331.0	
319.0	
323.0	
331.0	
317.0	
312.0	
308.0	
320.0	
317.0	
296.0	
293.0	
298.0	
299.0	
306.0	
301.0	
281.0	
281.0	
292.0	
282.0	
279.0	
290.0	
267.0	
266.0	
278.0	
271.0	
261.0	
267.0	
257.0	
259.0	
244.0	
243.0	
239.0	
243.0	
234.0	
233.0	
243.0	
222.0	
218.0	
216.0	
206.0	
191.0	
196.0	
210.0	
189.0	
182.0	
203.0	
177.0	
180.0	
185.0	
185.0	
183.0	
178.0	
186.0	
165.0	
169.0	
169.0	
169.0	
162.0	
155.0	
136.0	
135.0	
134.0	
134.0	
142.0	
123.0	
122.0	
132.0	
124.0	
118.0	
105.0	
104.0	
103.0	
102.0	
108.0	
103.0	
104.0	
103.0	
88.0	
91.0	
88.0	
94.0	
95.0	
76.0	
81.0	
70.0	
59.0	
54.0	
55.0	
57.0	
56.0	
60.0	
62.0	
54.0	
38.0	
34.0	
38.0	
37.0	
17.0	
27.0	
21.0	
25.0	
19.0	
13.0	
9.0	
7.0	
27.0	
26.0	
10.0	
0.0	
-1.0	
-6.0	
-11.0	
-9.0	
-1.0	
-7.0	
-19.0	
-10.0	
-36.0	
-31.0	
-27.0	
-18.0	
-33.0	
-40.0	
-44.0	
-36.0	
-35.0	
-64.0	
-51.0	
-53.0	
-66.0	
-54.0	
-59.0	
-65.0	
-68.0	
-80.0	
-69.0	
-79.0	
-78.0	
-84.0	
-87.0	
-81.0	
-94.0	
-84.0	
-92.0	
-104.0	
-89.0	
-88.0	
-103.0	
-96.0	
-103.0	
-119.0	
-115.0	
-111.0	
-119.0	
-124.0	
-139.0	
-135.0	
-116.0	
-121.0	
-137.0	
-131.0	
-139.0	
-136.0	
-124.0	
-143.0	
-141.0	
-149.0	
-152.0	
-139.0	
-144.0	
-153.0	
-153.0	
-141.0	
-153.0	
-159.0	
-165.0	
-168.0	
-157.0	
-151.0	
-159.0	
-167.0	
-158.0	
-179.0	
-177.0	
-160.0	
-161.0	
-169.0	
-162.0	
-162.0	
-168.0	
-180.0	
-160.0	
-170.0	
-177.0	
-181.0	
-173.0	
-161.0	
-168.0	
-164.0	
-162.0	
-166.0	
-172.0	
-171.0	
-168.0	
-166.0	
-166.0	
-181.0	
-170.0	
-175.0	
-181.0	
-178.0	
-176.0	
-173.0	
-164.0	
-167.0	
-164.0	
-161.0	
-170.0	
-174.0	
-163.0	
-168.0	
-167.0	
-164.0	
-166.0	
-166.0	
-178.0	
-164.0	
-165.0	
-153.0	
-169.0	
-169.0	
-159.0	
-163.0	
-145.0	
-138.0	
-151.0	
-143.0	
-143.0	
-145.0	
-149.0	
-148.0	
-147.0	
-147.0	
-133.0	
-130.0	
-128.0	
-119.0	
-130.0	
-149.0	
-125.0	
-112.0	
-125.0	
-115.0	
-116.0	
-128.0	
-122.0	
-125.0	
-127.0	
-125.0	
-124.0	
-97.0	
-92.0	
-104.0	
-111.0	
-101.0	
-85.0	
-85.0	
-92.0	
-96.0	
-103.0	
-103.0	
-97.0	
-82.0	
-82.0	
-79.0	
-70.0	
-74.0	
-70.0	
-61.0	
-62.0	
-65.0	
-74.0	
-61.0	
-58.0	
-61.0	
-72.0	
-68.0	
-59.0	
-48.0	
-41.0	
-48.0	
-36.0	
-28.0	
-37.0	
-36.0	
-23.0	
-36.0	
-31.0	
-33.0	
-15.0	
-17.0	
-32.0	
-16.0	
-14.0	
-6.0	
-9.0	
-5.0	
-3.0	
-5.0	
0.0	
9.0	
7.0	
7.0	
16.0	
26.0	
34.0	
36.0	
40.0	
39.0	
41.0	
39.0	
59.0	
63.0	
48.0	
53.0	
59.0	
66.0	
67.0	
71.0	
79.0	
74.0	
71.0	
77.0	
94.0	
93.0	
88.0	
94.0	
101.0	
98.0	
103.0	
119.0	
108.0	
101.0	
111.0	
121.0	
130.0	
129.0	
132.0	
139.0	
160.0	
139.0	
136.0	
148.0	
155.0	
161.0	
158.0	
148.0	
162.0	
166.0	
160.0	
152.0	
175.0	
164.0	
174.0	
185.0	
191.0	
195.0	
192.0	
198.0	
200.0	
201.0	
205.0	
210.0	
208.0	
213.0	
217.0	
216.0	
222.0	
208.0	
222.0	
230.0	
230.0	
225.0	
238.0	
236.0	
230.0	
237.0	
240.0	
235.0	
246.0	
239.0	
241.0	
251.0	
261.0	
242.0	
245.0	
251.0	
256.0	
254.0	
259.0	
262.0	
256.0	
253.0	
252.0	
250.0	
260.0	
258.0	
263.0	
265.0	
271.0	
271.0	
259.0	
258.0	
262.0	
269.0	
274.0	
264.0	
245.0	
258.0	
256.0	
244.0	
253.0	
261.0	
259.0	
249.0	
258.0	
258.0	
256.0	
252.0	
254.0	
250.0	
263.0	
260.0	
256.0	
255.0	
256.0	
255.0	
255.0	
235.0	
251.0	
251.0	
250.0	
247.0	
239.0	
236.0	
235.0	
228.0	
230.0	
217.0	
207.0	
221.0	
224.0	
224.0	
218.0	
205.0	
201.0	
215.0	
212.0	
204.0	
205.0	
191.0	
185.0	
196.0	
201.0	
192.0	
194.0	
184.0	
177.0	
186.0	
184.0	
166.0	
186.0	
180.0	
176.0	
171.0	
164.0	
160.0	
170.0	
157.0	
156.0	
165.0	
147.0	
149.0	
135.0	
132.0	
145.0	
140.0	
151.0	
128.0	
124.0	
125.0	
128.0	
127.0	
109.0	
111.0	
102.0	
113.0	
124.0	
106.0	
96.0	
107.0	
106.0	
89.0	
82.0	
86.0	
98.0	
97.0	
87.0	
65.0	
