-154.0	
-146.0	
-151.0	
-163.0	
-180.0	
-179.0	
-196.0	
-208.0	
-214.0	
-239.0	
-253.0	
-234.0	
-248.0	
-260.0	
-248.0	
-258.0	
-266.0	
-283.0	
-289.0	
-291.0	
-312.0	
-322.0	
-322.0	
-320.0	
-339.0	
-345.0	
-360.0	
-359.0	
-370.0	
-376.0	
-378.0	
-393.0	
-402.0	
-408.0	
-414.0	
-419.0	
-416.0	
-422.0	
-440.0	
-440.0	
-442.0	
-444.0	
-457.0	
-468.0	
-469.0	
-483.0	
-486.0	
-493.0	
-489.0	
-499.0	
-496.0	
-507.0	
-510.0	
-507.0	
-522.0	
-521.0	
-525.0	
-522.0	
-527.0	
-545.0	
-535.0	
-544.0	
-550.0	
-543.0	
-546.0	
-546.0	
-550.0	
-550.0	
-549.0	
-548.0	
-558.0	
-555.0	
-540.0	
-546.0	
-548.0	
-548.0	
-548.0	
-551.0	
-550.0	
-543.0	
-543.0	
-543.0	
-542.0	
-539.0	
-523.0	
-512.0	
-536.0	
-528.0	
-526.0	
-519.0	
-510.0	
-519.0	
-514.0	
-507.0	
-493.0	
-490.0	
-480.0	
-472.0	
-467.0	
-454.0	
-459.0	
-460.0	
-449.0	
-437.0	
-429.0	
-418.0	
-421.0	
-415.0	
-412.0	
-394.0	
-386.0	
-375.0	
-364.0	
-365.0	
-348.0	
-337.0	
-332.0	
-312.0	
-311.0	
-297.0	
-287.0	
-280.0	
-276.0	
-259.0	
-262.0	
-244.0	
-228.0	
-224.0	
-225.0	
-208.0	
-189.0	
-195.0	
-172.0	
-156.0	
-140.0	
-147.0	
-140.0	
-103.0	
-103.0	
-83.0	
-71.0	
-61.0	
-74.0	
-67.0	
-44.0	
-30.0	
-19.0	
-17.0	
8.0	
27.0	
31.0	
41.0	
59.0	
71.0	
71.0	
64.0	
71.0	
88.0	
105.0	
123.0	
117.0	
126.0	
146.0	
167.0	
154.0	
171.0	
164.0	
187.0	
199.0	
213.0	
220.0	
214.0	
233.0	
245.0	
253.0	
254.0	
264.0	
274.0	
273.0	
296.0	
299.0	
306.0	
313.0	
316.0	
324.0	
330.0	
330.0	
332.0	
341.0	
352.0	
364.0	
368.0	
357.0	
379.0	
383.0	
372.0	
378.0	
384.0	
388.0	
395.0	
395.0	
405.0	
414.0	
409.0	
415.0	
417.0	
418.0	
425.0	
439.0	
444.0	
432.0	
445.0	
435.0	
436.0	
438.0	
440.0	
435.0	
436.0	
438.0	
449.0	
448.0	
436.0	
438.0	
450.0	
438.0	
445.0	
453.0	
443.0	
459.0	
447.0	
438.0	
453.0	
449.0	
448.0	
447.0	
436.0	
418.0	
434.0	
433.0	
426.0	
429.0	
431.0	
423.0	
420.0	
419.0	
400.0	
404.0	
406.0	
408.0	
407.0	
412.0	
388.0	
378.0	
381.0	
384.0	
381.0	
378.0	
377.0	
373.0	
379.0	
357.0	
348.0	
355.0	
353.0	
349.0	
336.0	
327.0	
333.0	
328.0	
333.0	
325.0	
310.0	
297.0	
306.0	
297.0	
282.0	
281.0	
278.0	
267.0	
253.0	
255.0	
243.0	
235.0	
236.0	
230.0	
229.0	
214.0	
194.0	
194.0	
207.0	
189.0	
179.0	
175.0	
156.0	
155.0	
164.0	
137.0	
128.0	
133.0	
114.0	
106.0	
114.0	
104.0	
88.0	
77.0	
93.0	
72.0	
48.0	
51.0	
59.0	
46.0	
41.0	
46.0	
34.0	
24.0	
15.0	
14.0	
-3.0	
-21.0	
-15.0	
-20.0	
-28.0	
-40.0	
-40.0	
-49.0	
-61.0	
-68.0	
-73.0	
-76.0	
-98.0	
-93.0	
-105.0	
-115.0	
-109.0	
-107.0	
-122.0	
-142.0	
-142.0	
-138.0	
-152.0	
-165.0	
-167.0	
-175.0	
-181.0	
-186.0	
-180.0	
-192.0	
-204.0	
-221.0	
-220.0	
-222.0	
-222.0	
-235.0	
-239.0	
-230.0	
-240.0	
-243.0	
-252.0	
-267.0	
-265.0	
-257.0	
-270.0	
-271.0	
-273.0	
-299.0	
-306.0	
-299.0	
-309.0	
-316.0	
-313.0	
-326.0	
-324.0	
-336.0	
-341.0	
-349.0	
-353.0	
-356.0	
-347.0	
-351.0	
-363.0	
-359.0	
-362.0	
-376.0	
-360.0	
-364.0	
-373.0	
-365.0	
-357.0	
-365.0	
-380.0	
-379.0	
-380.0	
-381.0	
-388.0	
-408.0	
-409.0	
-392.0	
-394.0	
-411.0	
-409.0	
-417.0	
-414.0	
-407.0	
-411.0	
-402.0	
-413.0	
-421.0	
-406.0	
-406.0	
-407.0	
-420.0	
-438.0	
-423.0	
-414.0	
-415.0	
-401.0	
-400.0	
-408.0	
-412.0	
-422.0	
-415.0	
-416.0	
-419.0	
-410.0	
-409.0	
-405.0	
-403.0	
-397.0	
-397.0	
-385.0	
-385.0	
-387.0	
-404.0	
-411.0	
-406.0	
-400.0	
-380.0	
-382.0	
-385.0	
-381.0	
-360.0	
-375.0	
-389.0	
-366.0	
-366.0	
-371.0	
-363.0	
-369.0	
-357.0	
-333.0	
-333.0	
-340.0	
-343.0	
-331.0	
-322.0	
-333.0	
-319.0	
-304.0	
-309.0	
-305.0	
-297.0	
-301.0	
-289.0	
-299.0	
-281.0	
-263.0	
-259.0	
-263.0	
-264.0	
-243.0	
-235.0	
-232.0	
-229.0	
-224.0	
-222.0	
-224.0	
-215.0	
-202.0	
-186.0	
-192.0	
-186.0	
-184.0	
-168.0	
-160.0	
-152.0	
-148.0	
-150.0	
-135.0	
-128.0	
-135.0	
-130.0	
-111.0	
-98.0	
-93.0	
-86.0	
-83.0	
-86.0	
-80.0	
-69.0	
-57.0	
-55.0	
-59.0	
-31.0	
-27.0	
-18.0	
-18.0	
-13.0	
0.0	
4.0	
0.0	
28.0	
37.0	
45.0	
42.0	
57.0	
59.0	
55.0	
68.0	
74.0	
82.0	
93.0	
103.0	
110.0	
106.0	
100.0	
119.0	
135.0	
130.0	
133.0	
148.0	
159.0	
164.0	
158.0	
166.0	
180.0	
183.0	
186.0	
185.0	
193.0	
205.0	
195.0	
209.0	
220.0	
224.0	
221.0	
231.0	
232.0	
244.0	
247.0	
251.0	
259.0	
255.0	
256.0	
261.0	
264.0	
274.0	
279.0	
285.0	
281.0	
284.0	
293.0	
282.0	
287.0	
280.0	
289.0	
307.0	
307.0	
313.0	
309.0	
317.0	
319.0	
317.0	
323.0	
320.0	
315.0	
321.0	
326.0	
327.0	
338.0	
340.0	
333.0	
319.0	
330.0	
329.0	
322.0	
330.0	
321.0	
321.0	
324.0	
330.0	
321.0	
321.0	
316.0	
323.0	
317.0	
320.0	
334.0	
309.0	
312.0	
305.0	
310.0	
301.0	
301.0	
302.0	
297.0	
298.0	
301.0	
288.0	
291.0	
282.0	
288.0	
276.0	
279.0	
274.0	
262.0	
260.0	
241.0	
257.0	
258.0	
249.0	
243.0	
238.0	
254.0	
247.0	
237.0	
234.0	
220.0	
205.0	
226.0	
215.0	
198.0	
203.0	
195.0	
188.0	
166.0	
178.0	
163.0	
155.0	
160.0	
154.0	
131.0	
132.0	
127.0	
126.0	
133.0	
119.0	
105.0	
101.0	
95.0	
93.0	
90.0	
73.0	
79.0	
62.0	
52.0	
53.0	
49.0	
41.0	
38.0	
19.0	
9.0	
13.0	
-8.0	
-8.0	
5.0	
9.0	
-2.0	
-18.0	
-25.0	
-32.0	
-46.0	
-38.0	
-49.0	
-63.0	
-64.0	
-75.0	
-78.0	
-70.0	
-72.0	
-88.0	
-91.0	
-101.0	
-112.0	
-111.0	
-110.0	
-128.0	
-131.0	
-140.0	
-140.0	
-151.0	
-167.0	
-179.0	
-167.0	
-170.0	
-179.0	
-175.0	
-177.0	
-184.0	
-178.0	
-199.0	
-193.0	
-182.0	
-195.0	
-212.0	
-216.0	
-235.0	
-230.0	
-220.0	
-229.0	
-237.0	
-242.0	
-234.0	
-242.0	
-243.0	
-250.0	
-247.0	
-253.0	
-260.0	
-251.0	
-262.0	
-263.0	
-277.0	
-269.0	
-274.0	
-283.0	
-276.0	
-272.0	
-270.0	
-273.0	
-275.0	
-285.0	
-274.0	
-279.0	
-279.0	
-276.0	
-268.0	
-267.0	
-286.0	
-292.0	
-294.0	
-290.0	
-262.0	
-286.0	
-287.0	
-282.0	
-290.0	
-276.0	
-267.0	
-269.0	
-272.0	
-275.0	
-274.0	
-275.0	
-262.0	
-274.0	
-265.0	
-260.0	
-265.0	
-260.0	
-261.0	
-253.0	
-249.0	
-260.0	
-266.0	
-250.0	
-253.0	
-255.0	
-254.0	
-248.0	
-238.0	
-227.0	
-232.0	
-236.0	
-217.0	
-213.0	
-209.0	
-203.0	
-194.0	
-204.0	
-207.0	
-201.0	
-210.0	
-214.0	
-204.0	
-201.0	
-198.0	
-199.0	
-191.0	
-187.0	
-175.0	
-186.0	
-170.0	
-174.0	
-179.0	
-163.0	
-160.0	
-156.0	
-156.0	
-157.0	
-143.0	
-148.0	
-150.0	
-155.0	
-148.0	
-134.0	
-127.0	
-123.0	
-118.0	
-116.0	
-109.0	
-122.0	
-103.0	
-100.0	
-108.0	
-103.0	
-91.0	
-95.0	
-88.0	
-77.0	
-63.0	
-75.0	
-78.0	
-66.0	
-64.0	
-58.0	
-53.0	
-36.0	
-32.0	
-30.0	
-28.0	
-12.0	
-15.0	
-24.0	
-18.0	
-21.0	
1.0	
0.0	
-12.0	
-9.0	
3.0	
3.0	
13.0	
12.0	
16.0	
21.0	
33.0	
37.0	
32.0	
34.0	
40.0	
50.0	
33.0	
37.0	
45.0	
49.0	
51.0	
45.0	
61.0	
64.0	
72.0	
76.0	
81.0	
81.0	
81.0	
78.0	
76.0	
76.0	
79.0	
80.0	
89.0	
89.0	
85.0	
93.0	
90.0	
95.0	
103.0	
104.0	
101.0	
98.0	
83.0	
101.0	
106.0	
98.0	
120.0	
114.0	
112.0	
98.0	
105.0	
100.0	
112.0	
107.0	
113.0	
123.0	
119.0	
129.0	
113.0	
113.0	
121.0	
121.0	
126.0	
114.0	
116.0	
103.0	
111.0	
118.0	
110.0	
101.0	
103.0	
124.0	
119.0	
126.0	
126.0	
111.0	
117.0	
121.0	
108.0	
112.0	
113.0	
96.0	
109.0	
88.0	
90.0	
104.0	
99.0	
93.0	
93.0	
91.0	
91.0	
91.0	
95.0	
92.0	
83.0	
90.0	
82.0	
93.0	
96.0	
81.0	
88.0	
76.0	
67.0	
59.0	
60.0	
59.0	
64.0	
65.0	
60.0	
60.0	
51.0	
57.0	
58.0	
43.0	
32.0	
45.0	
37.0	
19.0	
35.0	
28.0	
22.0	
4.0	
21.0	
30.0	
9.0	
8.0	
11.0	
6.0	
5.0	
-4.0	
2.0	
6.0	
-11.0	
-17.0	
-16.0	
-20.0	
-27.0	
-28.0	
-32.0	
-28.0	
-29.0	
-30.0	
-39.0	
-29.0	
-23.0	
-30.0	
-36.0	
-42.0	
-56.0	
-44.0	
-30.0	
-46.0	
-37.0	
-43.0	
-46.0	
-50.0	
-41.0	
-50.0	
-44.0	
-44.0	
-51.0	
-62.0	
-48.0	
-56.0	
-71.0	
-58.0	
-42.0	
-52.0	
-66.0	
-68.0	
-72.0	
-76.0	
-72.0	
-72.0	
-83.0	
-78.0	
-78.0	
-82.0	
