320.0	
324.0	
330.0	
327.0	
315.0	
325.0	
334.0	
332.0	
337.0	
328.0	
325.0	
323.0	
327.0	
331.0	
323.0	
316.0	
310.0	
304.0	
304.0	
292.0	
308.0	
307.0	
296.0	
308.0	
306.0	
273.0	
278.0	
281.0	
278.0	
280.0	
273.0	
266.0	
266.0	
268.0	
255.0	
241.0	
235.0	
230.0	
234.0	
226.0	
223.0	
222.0	
206.0	
202.0	
189.0	
188.0	
180.0	
181.0	
181.0	
172.0	
175.0	
191.0	
187.0	
158.0	
153.0	
153.0	
138.0	
142.0	
141.0	
144.0	
134.0	
116.0	
137.0	
130.0	
117.0	
123.0	
131.0	
130.0	
105.0	
101.0	
111.0	
110.0	
101.0	
107.0	
101.0	
101.0	
95.0	
96.0	
78.0	
89.0	
90.0	
85.0	
78.0	
76.0	
74.0	
79.0	
64.0	
70.0	
72.0	
56.0	
46.0	
54.0	
46.0	
43.0	
43.0	
42.0	
43.0	
32.0	
20.0	
19.0	
13.0	
12.0	
18.0	
32.0	
31.0	
22.0	
12.0	
24.0	
33.0	
28.0	
18.0	
24.0	
12.0	
10.0	
9.0	
10.0	
13.0	
20.0	
22.0	
14.0	
16.0	
27.0	
32.0	
27.0	
29.0	
20.0	
20.0	
34.0	
34.0	
35.0	
30.0	
31.0	
32.0	
51.0	
47.0	
42.0	
38.0	
36.0	
55.0	
62.0	
55.0	
59.0	
63.0	
71.0	
66.0	
72.0	
81.0	
82.0	
92.0	
87.0	
93.0	
88.0	
82.0	
88.0	
96.0	
89.0	
81.0	
86.0	
97.0	
97.0	
97.0	
106.0	
111.0	
108.0	
104.0	
99.0	
101.0	
123.0	
116.0	
119.0	
129.0	
130.0	
123.0	
120.0	
134.0	
134.0	
128.0	
134.0	
133.0	
117.0	
127.0	
145.0	
153.0	
149.0	
144.0	
129.0	
123.0	
138.0	
151.0	
150.0	
152.0	
158.0	
173.0	
163.0	
161.0	
170.0	
165.0	
173.0	
168.0	
155.0	
165.0	
155.0	
146.0	
164.0	
173.0	
177.0	
162.0	
159.0	
164.0	
169.0	
168.0	
165.0	
161.0	
161.0	
172.0	
172.0	
166.0	
156.0	
187.0	
177.0	
166.0	
179.0	
167.0	
172.0	
179.0	
176.0	
172.0	
172.0	
179.0	
169.0	
159.0	
167.0	
162.0	
155.0	
159.0	
162.0	
162.0	
169.0	
161.0	
153.0	
165.0	
167.0	
165.0	
172.0	
152.0	
145.0	
161.0	
156.0	
152.0	
139.0	
139.0	
145.0	
142.0	
157.0	
131.0	
133.0	
136.0	
130.0	
133.0	
142.0	
133.0	
137.0	
140.0	
131.0	
125.0	
125.0	
115.0	
112.0	
106.0	
114.0	
117.0	
100.0	
102.0	
122.0	
105.0	
89.0	
98.0	
100.0	
81.0	
87.0	
89.0	
84.0	
83.0	
82.0	
90.0	
81.0	
72.0	
82.0	
62.0	
60.0	
56.0	
48.0	
45.0	
48.0	
50.0	
48.0	
51.0	
44.0	
30.0	
39.0	
37.0	
22.0	
32.0	
20.0	
10.0	
15.0	
19.0	
14.0	
11.0	
17.0	
17.0	
4.0	
-10.0	
-1.0	
-18.0	
-12.0	
-6.0	
-14.0	
-19.0	
-17.0	
-19.0	
-22.0	
-18.0	
-18.0	
-40.0	
-54.0	
-49.0	
-35.0	
-46.0	
-50.0	
-53.0	
-67.0	
-72.0	
-66.0	
-63.0	
-76.0	
-87.0	
-79.0	
-71.0	
-76.0	
-74.0	
-86.0	
-97.0	
-99.0	
-107.0	
-108.0	
-117.0	
-100.0	
-106.0	
-99.0	
-105.0	
-106.0	
-115.0	
-114.0	
-117.0	
-110.0	
-119.0	
-130.0	
-133.0	
-128.0	
-123.0	
-130.0	
-135.0	
-133.0	
-132.0	
-132.0	
-134.0	
-133.0	
-136.0	
-131.0	
-132.0	
-145.0	
-132.0	
-144.0	
-146.0	
-129.0	
-127.0	
-125.0	
-133.0	
-128.0	
-144.0	
-146.0	
-131.0	
-126.0	
-129.0	
-126.0	
-140.0	
-131.0	
-119.0	
-138.0	
-128.0	
-119.0	
-120.0	
-125.0	
-111.0	
-114.0	
-109.0	
-88.0	
-111.0	
-96.0	
-98.0	
-104.0	
-92.0	
-93.0	
-106.0	
-96.0	
-93.0	
-78.0	
-75.0	
-74.0	
-71.0	
-63.0	
-58.0	
-63.0	
-49.0	
-59.0	
-51.0	
-41.0	
-39.0	
-28.0	
-37.0	
-37.0	
-26.0	
-25.0	
-23.0	
-18.0	
-11.0	
-8.0	
-12.0	
-10.0	
-3.0	
-7.0	
-2.0	
4.0	
9.0	
13.0	
19.0	
24.0	
25.0	
19.0	
21.0	
34.0	
38.0	
33.0	
53.0	
43.0	
49.0	
63.0	
58.0	
54.0	
57.0	
62.0	
65.0	
66.0	
72.0	
70.0	
74.0	
70.0	
72.0	
75.0	
79.0	
