-78.0	
-81.0	
-80.0	
-98.0	
-82.0	
-97.0	
-89.0	
-94.0	
-106.0	
-112.0	
-116.0	
-122.0	
-120.0	
-120.0	
-128.0	
-120.0	
-127.0	
-125.0	
-139.0	
-128.0	
-131.0	
-142.0	
-155.0	
-166.0	
-160.0	
-151.0	
-161.0	
-169.0	
-170.0	
-166.0	
-171.0	
-174.0	
-181.0	
-195.0	
-192.0	
-189.0	
-190.0	
-194.0	
-172.0	
-189.0	
-197.0	
-201.0	
-198.0	
-183.0	
-194.0	
-200.0	
-190.0	
-197.0	
-186.0	
-195.0	
-190.0	
-204.0	
-206.0	
-217.0	
-222.0	
-215.0	
-212.0	
-207.0	
-217.0	
-221.0	
-211.0	
-210.0	
-209.0	
-206.0	
-213.0	
-210.0	
-201.0	
-190.0	
-216.0	
-222.0	
-201.0	
-213.0	
-221.0	
-215.0	
-202.0	
-206.0	
-200.0	
-203.0	
-202.0	
-212.0	
-215.0	
-215.0	
-205.0	
-210.0	
-215.0	
-204.0	
-202.0	
-213.0	
-208.0	
-195.0	
-207.0	
-206.0	
-201.0	
-205.0	
-200.0	
-199.0	
-208.0	
-207.0	
-197.0	
-203.0	
-192.0	
-197.0	
-202.0	
-194.0	
-178.0	
-185.0	
-187.0	
-184.0	
-191.0	
-187.0	
-187.0	
-188.0	
-174.0	
-171.0	
-180.0	
-158.0	
-153.0	
-165.0	
-166.0	
-164.0	
-162.0	
-151.0	
-156.0	
-158.0	
-150.0	
-158.0	
-153.0	
-146.0	
-139.0	
-153.0	
-147.0	
-136.0	
-135.0	
-123.0	
-127.0	
-117.0	
-112.0	
-98.0	
-99.0	
-93.0	
-104.0	
-102.0	
-107.0	
-90.0	
-75.0	
-87.0	
-75.0	
-77.0	
-65.0	
-68.0	
-56.0	
-57.0	
-68.0	
-39.0	
-27.0	
-22.0	
-11.0	
-22.0	
-15.0	
-9.0	
-6.0	
7.0	
7.0	
8.0	
20.0	
30.0	
30.0	
22.0	
39.0	
44.0	
31.0	
43.0	
45.0	
64.0	
63.0	
83.0	
70.0	
77.0	
98.0	
92.0	
87.0	
87.0	
100.0	
104.0	
101.0	
109.0	
139.0	
126.0	
133.0	
152.0	
149.0	
149.0	
140.0	
150.0	
173.0	
172.0	
181.0	
184.0	
185.0	
185.0	
192.0	
182.0	
195.0	
204.0	
221.0	
220.0	
220.0	
215.0	
218.0	
221.0	
225.0	
221.0	
237.0	
232.0	
232.0	
233.0	
230.0	
251.0	
250.0	
243.0	
248.0	
257.0	
261.0	
249.0	
248.0	
257.0	
272.0	
271.0	
261.0	
260.0	
265.0	
273.0	
256.0	
252.0	
256.0	
263.0	
268.0	
268.0	
262.0	
255.0	
267.0	
274.0	
271.0	
263.0	
262.0	
270.0	
266.0	
272.0	
261.0	
263.0	
265.0	
252.0	
253.0	
267.0	
251.0	
250.0	
247.0	
245.0	
243.0	
235.0	
245.0	
237.0	
238.0	
231.0	
225.0	
236.0	
227.0	
215.0	
228.0	
224.0	
217.0	
220.0	
226.0	
217.0	
207.0	
202.0	
200.0	
195.0	
191.0	
179.0	
175.0	
177.0	
181.0	
167.0	
168.0	
156.0	
161.0	
155.0	
151.0	
144.0	
152.0	
144.0	
150.0	
152.0	
130.0	
124.0	
134.0	
123.0	
128.0	
101.0	
114.0	
105.0	
90.0	
88.0	
79.0	
77.0	
87.0	
79.0	
85.0	
62.0	
72.0	
68.0	
54.0	
50.0	
48.0	
54.0	
37.0	
36.0	
48.0	
26.0	
7.0	
0.0	
-6.0	
-6.0	
-3.0	
-4.0	
-10.0	
-12.0	
-36.0	
-26.0	
-29.0	
-44.0	
-34.0	
-41.0	
-39.0	
-46.0	
-59.0	
-67.0	
-69.0	
-66.0	
-59.0	
-66.0	
-60.0	
-69.0	
-67.0	
-66.0	
-69.0	
-78.0	
-81.0	
-82.0	
-86.0	
-85.0	
-94.0	
-91.0	
-91.0	
-100.0	
-98.0	
-106.0	
-111.0	
-106.0	
-97.0	
-102.0	
-102.0	
-103.0	
-103.0	
-117.0	
-112.0	
-113.0	
-104.0	
-105.0	
-100.0	
-109.0	
-110.0	
-109.0	
-105.0	
-99.0	
-102.0	
-116.0	
-115.0	
-118.0	
-105.0	
-115.0	
-118.0	
-121.0	
-104.0	
-104.0	
-115.0	
-108.0	
-105.0	
-108.0	
-108.0	
-114.0	
-114.0	
-109.0	
-102.0	
-108.0	
-108.0	
-103.0	
-108.0	
-107.0	
-93.0	
-89.0	
-104.0	
-114.0	
-106.0	
-101.0	
-93.0	
-93.0	
-104.0	
-100.0	
-106.0	
-106.0	
-98.0	
-90.0	
-88.0	
-79.0	
