60.0	
64.0	
70.0	
80.0	
84.0	
95.0	
105.0	
109.0	
111.0	
119.0	
134.0	
130.0	
135.0	
135.0	
143.0	
162.0	
166.0	
186.0	
195.0	
186.0	
198.0	
190.0	
197.0	
207.0	
218.0	
228.0	
226.0	
233.0	
234.0	
252.0	
250.0	
257.0	
281.0	
288.0	
288.0	
287.0	
295.0	
286.0	
286.0	
298.0	
314.0	
320.0	
330.0	
328.0	
324.0	
331.0	
324.0	
329.0	
348.0	
347.0	
332.0	
357.0	
364.0	
363.0	
371.0	
365.0	
370.0	
380.0	
387.0	
379.0	
383.0	
400.0	
411.0	
403.0	
411.0	
415.0	
411.0	
418.0	
419.0	
421.0	
424.0	
429.0	
429.0	
440.0	
434.0	
442.0	
449.0	
445.0	
436.0	
455.0	
457.0	
461.0	
462.0	
455.0	
459.0	
460.0	
462.0	
468.0	
473.0	
477.0	
468.0	
472.0	
455.0	
471.0	
482.0	
478.0	
465.0	
459.0	
470.0	
467.0	
460.0	
458.0	
475.0	
460.0	
446.0	
452.0	
470.0	
469.0	
466.0	
464.0	
464.0	
459.0	
444.0	
448.0	
455.0	
454.0	
451.0	
446.0	
442.0	
435.0	
420.0	
426.0	
417.0	
410.0	
405.0	
395.0	
390.0	
386.0	
386.0	
372.0	
370.0	
355.0	
353.0	
348.0	
343.0	
343.0	
329.0	
323.0	
316.0	
295.0	
287.0	
298.0	
288.0	
273.0	
261.0	
248.0	
258.0	
236.0	
216.0	
209.0	
205.0	
195.0	
181.0	
177.0	
158.0	
138.0	
145.0	
140.0	
128.0	
114.0	
102.0	
82.0	
80.0	
68.0	
55.0	
55.0	
37.0	
33.0	
33.0	
0.0	
-12.0	
-8.0	
-21.0	
-26.0	
-42.0	
-61.0	
-66.0	
-76.0	
-82.0	
-90.0	
-110.0	
-108.0	
-111.0	
-134.0	
-143.0	
-149.0	
-158.0	
-175.0	
-186.0	
-196.0	
-201.0	
-203.0	
-210.0	
-225.0	
-237.0	
-237.0	
-237.0	
-260.0	
-275.0	
-279.0	
-302.0	
-300.0	
-294.0	
-296.0	
-316.0	
-300.0	
-313.0	
-326.0	
-328.0	
-343.0	
-363.0	
-364.0	
-367.0	
-351.0	
-361.0	
-365.0	
-375.0	
-381.0	
-381.0	
-383.0	
-385.0	
-403.0	
-401.0	
-385.0	
-379.0	
-391.0	
-381.0	
-393.0	
-400.0	
-408.0	
-405.0	
-403.0	
-408.0	
-408.0	
-413.0	
-409.0	
-408.0	
-409.0	
-405.0	
-406.0	
-399.0	
-397.0	
-407.0	
-401.0	
-397.0	
-390.0	
-386.0	
-383.0	
-396.0	
-403.0	
-398.0	
-391.0	
-395.0	
-387.0	
-376.0	
-378.0	
-382.0	
-377.0	
-364.0	
-359.0	
-356.0	
-352.0	
-352.0	
-333.0	
-320.0	
-319.0	
-330.0	
-334.0	
-315.0	
-312.0	
-306.0	
-312.0	
-312.0	
-298.0	
-292.0	
-276.0	
-278.0	
-270.0	
-253.0	
-259.0	
-252.0	
-258.0	
-245.0	
-238.0	
-236.0	
-234.0	
-216.0	
-212.0	
-203.0	
-205.0	
-202.0	
-195.0	
-183.0	
-187.0	
-175.0	
-173.0	
-155.0	
-148.0	
-155.0	
-138.0	
-129.0	
-123.0	
-137.0	
-118.0	
-111.0	
-103.0	
-98.0	
-90.0	
-94.0	
-89.0	
-79.0	
-70.0	
-63.0	
-55.0	
-53.0	
-55.0	
-53.0	
-36.0	
-30.0	
-23.0	
-20.0	
-17.0	
-7.0	
0.0	
26.0	
28.0	
44.0	
29.0	
26.0	
30.0	
36.0	
42.0	
48.0	
62.0	
87.0	
89.0	
76.0	
72.0	
87.0	
95.0	
114.0	
116.0	
115.0	
133.0	
135.0	
143.0	
137.0	
134.0	
153.0	
155.0	
168.0	
166.0	
171.0	
178.0	
181.0	
196.0	
201.0	
205.0	
214.0	
214.0	
207.0	
212.0	
227.0	
216.0	
229.0	
239.0	
252.0	
252.0	
250.0	
265.0	
262.0	
265.0	
277.0	
277.0	
272.0	
268.0	
272.0	
274.0	
290.0	
284.0	
300.0	
303.0	
303.0	
305.0	
319.0	
332.0	
322.0	
309.0	
328.0	
327.0	
325.0	
334.0	
346.0	
351.0	
345.0	
340.0	
356.0	
350.0	
344.0	
356.0	
359.0	
363.0	
353.0	
355.0	
368.0	
370.0	
363.0	
375.0	
370.0	
366.0	
377.0	
373.0	
371.0	
369.0	
372.0	
384.0	
377.0	
368.0	
383.0	
386.0	
394.0	
389.0	
387.0	
390.0	
399.0	
381.0	
385.0	
402.0	
387.0	
396.0	
402.0	
403.0	
394.0	
399.0	
405.0	
394.0	
385.0	
385.0	
380.0	
384.0	
382.0	
382.0	
384.0	
383.0	
368.0	
369.0	
373.0	
379.0	
377.0	
362.0	
353.0	
362.0	
353.0	
344.0	
343.0	
352.0	
352.0	
343.0	
345.0	
338.0	
329.0	
338.0	
328.0	
342.0	
336.0	
319.0	
316.0	
320.0	
325.0	
321.0	
313.0	
308.0	
302.0	
306.0	
301.0	
312.0	
299.0	
286.0	
297.0	
292.0	
272.0	
291.0	
291.0	
273.0	
272.0	
268.0	
265.0	
269.0	
