-21.0	
-34.0	
-37.0	
-48.0	
-44.0	
-71.0	
-78.0	
-93.0	
-98.0	
-105.0	
-111.0	
-129.0	
-149.0	
-153.0	
-163.0	
-183.0	
-189.0	
-194.0	
-204.0	
-216.0	
-227.0	
-231.0	
-250.0	
-260.0	
-269.0	
-280.0	
-288.0	
-307.0	
-334.0	
-327.0	
-328.0	
-333.0	
-352.0	
-357.0	
-370.0	
-380.0	
-392.0	
-409.0	
-393.0	
-400.0	
-420.0	
-422.0	
-423.0	
-441.0	
-450.0	
-450.0	
-445.0	
-457.0	
-483.0	
-477.0	
-472.0	
-494.0	
-495.0	
-487.0	
-493.0	
-494.0	
-496.0	
-511.0	
-518.0	
-502.0	
-510.0	
-526.0	
-529.0	
-519.0	
-535.0	
-526.0	
-520.0	
-534.0	
-533.0	
-530.0	
-536.0	
-543.0	
-541.0	
-540.0	
-537.0	
-535.0	
-547.0	
-534.0	
-542.0	
-539.0	
-528.0	
-542.0	
-534.0	
-531.0	
-554.0	
-534.0	
-529.0	
-537.0	
-529.0	
-541.0	
-528.0	
-525.0	
-536.0	
-521.0	
-521.0	
-527.0	
-524.0	
-517.0	
-514.0	
-515.0	
-508.0	
-491.0	
-486.0	
-488.0	
-478.0	
-479.0	
-475.0	
-469.0	
-461.0	
-475.0	
-461.0	
-446.0	
-439.0	
-449.0	
-437.0	
-432.0	
-417.0	
-404.0	
-405.0	
-409.0	
-396.0	
-389.0	
-372.0	
-375.0	
-384.0	
-363.0	
-365.0	
-362.0	
-338.0	
-338.0	
-339.0	
-336.0	
-320.0	
-314.0	
-301.0	
-293.0	
-290.0	
-289.0	
-287.0	
-277.0	
-266.0	
-248.0	
-259.0	
-241.0	
-217.0	
-218.0	
-212.0	
-196.0	
-193.0	
-191.0	
-183.0	
-174.0	
-161.0	
-146.0	
-148.0	
-137.0	
-124.0	
-117.0	
-112.0	
-88.0	
-87.0	
-69.0	
-63.0	
-67.0	
-55.0	
-38.0	
-26.0	
-28.0	
-20.0	
0.0	
8.0	
25.0	
37.0	
46.0	
53.0	
64.0	
62.0	
69.0	
69.0	
87.0	
92.0	
91.0	
102.0	
106.0	
129.0	
115.0	
125.0	
153.0	
160.0	
156.0	
160.0	
164.0	
175.0	
180.0	
193.0	
194.0	
191.0	
202.0	
217.0	
220.0	
224.0	
224.0	
240.0	
257.0	
264.0	
255.0	
267.0	
282.0	
287.0	
289.0	
303.0	
296.0	
307.0	
305.0	
311.0	
325.0	
320.0	
311.0	
322.0	
329.0	
320.0	
318.0	
331.0	
334.0	
337.0	
354.0	
351.0	
345.0	
345.0	
333.0	
341.0	
330.0	
328.0	
330.0	
343.0	
336.0	
335.0	
330.0	
335.0	
335.0	
328.0	
333.0	
339.0	
331.0	
333.0	
328.0	
339.0	
323.0	
338.0	
333.0	
319.0	
315.0	
321.0	
328.0	
317.0	
317.0	
309.0	
317.0	
308.0	
305.0	
324.0	
309.0	
294.0	
291.0	
300.0	
285.0	
294.0	
296.0	
297.0	
280.0	
277.0	
284.0	
292.0	
288.0	
275.0	
273.0	
266.0	
250.0	
248.0	
252.0	
257.0	
240.0	
229.0	
229.0	
241.0	
223.0	
221.0	
213.0	
210.0	
208.0	
221.0	
202.0	
190.0	
187.0	
183.0	
177.0	
165.0	
172.0	
161.0	
160.0	
163.0	
150.0	
133.0	
144.0	
129.0	
123.0	
130.0	
110.0	
105.0	
93.0	
105.0	
103.0	
106.0	
90.0	
83.0	
63.0	
73.0	
75.0	
62.0	
62.0	
52.0	
41.0	
44.0	
38.0	
40.0	
34.0	
32.0	
14.0	
17.0	
12.0	
6.0	
-5.0	
-15.0	
-12.0	
-19.0	
-27.0	
-40.0	
-39.0	
-43.0	
-38.0	
-39.0	
-51.0	
-52.0	
-66.0	
-77.0	
-71.0	
-61.0	
-67.0	
-82.0	
-83.0	
-77.0	
-85.0	
-88.0	
-84.0	
-86.0	
-91.0	
-99.0	
-103.0	
-103.0	
-108.0	
-102.0	
-111.0	
-116.0	
-107.0	
-113.0	
-143.0	
-149.0	
-142.0	
-138.0	
-138.0	
-141.0	
-139.0	
-143.0	
-143.0	
-140.0	
-139.0	
-144.0	
-141.0	
-141.0	
-150.0	
-145.0	
-152.0	
-155.0	
-155.0	
-167.0	
-147.0	
-154.0	
-162.0	
-159.0	
-157.0	
-161.0	
-151.0	
-156.0	
-162.0	
-164.0	
-160.0	
-152.0	
-164.0	
-171.0	
-158.0	
-152.0	
-159.0	
-142.0	
-142.0	
-133.0	
-137.0	
-148.0	
-144.0	
-142.0	
-138.0	
-131.0	
-129.0	
-132.0	
-131.0	
-118.0	
-139.0	
-131.0	
-124.0	
-120.0	
-116.0	
-125.0	
-120.0	
-114.0	
-108.0	
-101.0	
-108.0	
-112.0	
-88.0	
-79.0	
-89.0	
-85.0	
-91.0	
-81.0	
-78.0	
-75.0	
-83.0	
-65.0	
-64.0	
-73.0	
-62.0	
-59.0	
-55.0	
-52.0	
-42.0	
-47.0	
-47.0	
-46.0	
-35.0	
-32.0	
-19.0	
-6.0	
-4.0	
-6.0	
-9.0	
-8.0	
-1.0	
-3.0	
6.0	
19.0	
