63.0	
48.0	
49.0	
59.0	
65.0	
74.0	
70.0	
73.0	
79.0	
73.0	
85.0	
107.0	
97.0	
96.0	
113.0	
115.0	
105.0	
119.0	
124.0	
132.0	
128.0	
126.0	
132.0	
147.0	
142.0	
140.0	
143.0	
156.0	
166.0	
170.0	
177.0	
179.0	
180.0	
197.0	
199.0	
208.0	
201.0	
207.0	
214.0	
220.0	
221.0	
220.0	
235.0	
236.0	
240.0	
250.0	
252.0	
255.0	
242.0	
240.0	
262.0	
268.0	
282.0	
275.0	
264.0	
266.0	
270.0	
280.0	
289.0	
297.0	
311.0	
304.0	
313.0	
313.0	
309.0	
315.0	
320.0	
331.0	
343.0	
327.0	
324.0	
341.0	
335.0	
331.0	
342.0	
339.0	
342.0	
344.0	
346.0	
354.0	
368.0	
364.0	
360.0	
356.0	
371.0	
373.0	
371.0	
376.0	
382.0	
373.0	
384.0	
376.0	
386.0	
394.0	
381.0	
387.0	
383.0	
384.0	
387.0	
388.0	
387.0	
396.0	
382.0	
384.0	
386.0	
389.0	
393.0	
401.0	
402.0	
390.0	
393.0	
395.0	
387.0	
408.0	
395.0	
377.0	
378.0	
388.0	
390.0	
378.0	
378.0	
382.0	
385.0	
379.0	
366.0	
381.0	
372.0	
375.0	
373.0	
362.0	
364.0	
360.0	
374.0	
369.0	
367.0	
361.0	
368.0	
357.0	
341.0	
339.0	
343.0	
344.0	
334.0	
331.0	
327.0	
335.0	
323.0	
312.0	
311.0	
307.0	
315.0	
315.0	
300.0	
292.0	
294.0	
284.0	
295.0	
296.0	
287.0	
272.0	
259.0	
268.0	
255.0	
245.0	
235.0	
229.0	
241.0	
239.0	
233.0	
211.0	
211.0	
214.0	
220.0	
202.0	
200.0	
203.0	
219.0	
202.0	
198.0	
180.0	
174.0	
169.0	
175.0	
178.0	
164.0	
164.0	
151.0	
152.0	
137.0	
139.0	
134.0	
131.0	
134.0	
123.0	
119.0	
122.0	
125.0	
117.0	
107.0	
104.0	
102.0	
105.0	
113.0	
97.0	
81.0	
63.0	
72.0	
63.0	
53.0	
66.0	
48.0	
39.0	
51.0	
27.0	
29.0	
25.0	
15.0	
12.0	
6.0	
8.0	
3.0	
-2.0	
-2.0	
-8.0	
1.0	
-10.0	
-19.0	
-29.0	
-46.0	
-55.0	
-55.0	
-50.0	
-55.0	
-64.0	
-66.0	
-61.0	
-80.0	
-93.0	
-82.0	
-86.0	
-86.0	
-94.0	
-98.0	
-102.0	
-102.0	
-112.0	
-119.0	
-123.0	
-132.0	
-130.0	
-132.0	
-138.0	
-142.0	
-158.0	
-150.0	
-153.0	
-165.0	
-177.0	
-175.0	
-174.0	
-179.0	
-191.0	
-198.0	
-191.0	
-182.0	
-184.0	
-196.0	
-204.0	
-217.0	
-212.0	
-219.0	
-227.0	
-231.0	
-238.0	
-233.0	
-234.0	
-239.0	
-241.0	
-244.0	
-250.0	
-263.0	
-261.0	
-262.0	
-252.0	
-266.0	
-273.0	
-272.0	
-284.0	
-281.0	
-282.0	
-290.0	
-284.0	
-279.0	
-277.0	
-296.0	
-301.0	
-295.0	
-308.0	
-312.0	
-310.0	
-302.0	
-313.0	
-323.0	
-320.0	
-315.0	
-325.0	
-315.0	
-321.0	
-327.0	
-329.0	
-340.0	
-327.0	
-319.0	
-322.0	
-325.0	
-321.0	
-317.0	
-332.0	
-343.0	
-340.0	
-350.0	
-344.0	
-337.0	
-332.0	
-335.0	
-332.0	
-335.0	
-345.0	
-332.0	
-335.0	
-357.0	
-351.0	
-329.0	
-342.0	
-354.0	
-339.0	
-337.0	
-339.0	
-342.0	
-343.0	
-340.0	
-335.0	
-326.0	
-329.0	
-331.0	
-321.0	
-326.0	
-335.0	
-317.0	
-305.0	
-308.0	
-295.0	
-298.0	
-311.0	
-298.0	
-315.0	
-319.0	
-307.0	
-296.0	
-297.0	
-292.0	
-284.0	
-284.0	
-283.0	
-276.0	
-261.0	
-279.0	
-266.0	
-253.0	
-254.0	
-257.0	
-260.0	
-243.0	
-236.0	
-252.0	
-251.0	
-241.0	
-239.0	
-228.0	
-228.0	
-221.0	
-219.0	
-207.0	
-198.0	
-198.0	
-186.0	
-200.0	
-188.0	
-184.0	
-166.0	
-159.0	
-159.0	
-161.0	
-151.0	
-145.0	
-143.0	
-134.0	
-133.0	
-120.0	
-117.0	
-122.0	
-120.0	
-109.0	
-101.0	
-90.0	
-85.0	
-93.0	
-69.0	
-83.0	
-83.0	
-73.0	
-77.0	
-55.0	
-43.0	
-53.0	
-40.0	
-41.0	
-38.0	
-22.0	
-27.0	
-24.0	
-12.0	
-22.0	
-6.0	
10.0	
15.0	
14.0	
26.0	
28.0	
28.0	
37.0	
48.0	
48.0	
65.0	
63.0	
63.0	
66.0	
80.0	
71.0	
85.0	
85.0	
87.0	
93.0	
110.0	
105.0	
113.0	
116.0	
112.0	
131.0	
128.0	
124.0	
141.0	
138.0	
146.0	
161.0	
159.0	
167.0	
172.0	
175.0	
176.0	
173.0	
170.0	
182.0	
183.0	
189.0	
186.0	
182.0	
191.0	
207.0	
201.0	
210.0	
206.0	
212.0	
230.0	
221.0	
223.0	
234.0	
228.0	
225.0	
223.0	
235.0	
226.0	
236.0	
245.0	
247.0	
250.0	
242.0	
249.0	
244.0	
249.0	
261.0	
266.0	
256.0	
249.0	
244.0	
256.0	
255.0	
246.0	
258.0	
259.0	
260.0	
266.0	
258.0	
247.0	
267.0	
263.0	
254.0	
262.0	
275.0	
272.0	
267.0	
266.0	
262.0	
247.0	
262.0	
264.0	
259.0	
253.0	
257.0	
256.0	
245.0	
244.0	
255.0	
246.0	
253.0	
260.0	
247.0	
246.0	
242.0	
241.0	
247.0	
232.0	
241.0	
232.0	
236.0	
229.0	
231.0	
222.0	
226.0	
219.0	
219.0	
228.0	
204.0	
205.0	
207.0	
214.0	
225.0	
214.0	
196.0	
195.0	
199.0	
196.0	
199.0	
193.0	
178.0	
182.0	
183.0	
171.0	
164.0	
160.0	
177.0	
153.0	
157.0	
154.0	
151.0	
154.0	
145.0	
135.0	
127.0	
133.0	
126.0	
119.0	
136.0	
137.0	
118.0	
128.0	
123.0	
105.0	
97.0	
111.0	
119.0	
106.0	
101.0	
103.0	
82.0	
90.0	
79.0	
95.0	
92.0	
78.0	
53.0	
47.0	
57.0	
59.0	
40.0	
34.0	
35.0	
40.0	
41.0	
36.0	
27.0	
21.0	
2.0	
15.0	
18.0	
2.0	
-7.0	
-3.0	
-5.0	
-3.0	
0.0	
-29.0	
-25.0	
-14.0	
-10.0	
-19.0	
-26.0	
-34.0	
-44.0	
-35.0	
-47.0	
-48.0	
-58.0	
-60.0	
-60.0	
-66.0	
-62.0	
-66.0	
-63.0	
-76.0	
-84.0	
-70.0	
-79.0	
-82.0	
-86.0	
-96.0	
-88.0	
-95.0	
-92.0	
-86.0	
-87.0	
-106.0	
-94.0	
-88.0	
-80.0	
-108.0	
-110.0	
-116.0	
-127.0	
-121.0	
-120.0	
-116.0	
-122.0	
-121.0	
-139.0	
-130.0	
-118.0	
-123.0	
-123.0	
-119.0	
-136.0	
-137.0	
-153.0	
-149.0	
-142.0	
-136.0	
-138.0	
-147.0	
-137.0	
-136.0	
-133.0	
-132.0	
-136.0	
-130.0	
-134.0	
-145.0	
-148.0	
-138.0	
-137.0	
-160.0	
-149.0	
-143.0	
-142.0	
-153.0	
-145.0	
-150.0	
-138.0	
-132.0	
-136.0	
-139.0	
-133.0	
-149.0	
-158.0	
-144.0	
-137.0	
-131.0	
-134.0	
-136.0	
-148.0	
-140.0	
-138.0	
-131.0	
-133.0	
-120.0	
-130.0	
-146.0	
-148.0	
-122.0	
-134.0	
-132.0	
-131.0	
-124.0	
-132.0	
-123.0	
-118.0	
-118.0	
-132.0	
-134.0	
-122.0	
-124.0	
-115.0	
-121.0	
-117.0	
-124.0	
-112.0	
-112.0	
-120.0	
-114.0	
-115.0	
-114.0	
-106.0	
-107.0	
-94.0	
-101.0	
-107.0	
-105.0	
-110.0	
-103.0	
-89.0	
-99.0	
-100.0	
-109.0	
-108.0	
-99.0	
-94.0	
-85.0	
-97.0	
-97.0	
-88.0	
-80.0	
-79.0	
-92.0	
-85.0	
-76.0	
-83.0	
-89.0	
-87.0	
-80.0	
-71.0	
-64.0	
-56.0	
-56.0	
-60.0	
-62.0	
-50.0	
-55.0	
-54.0	
-63.0	
-56.0	
-67.0	
-42.0	
-53.0	
-52.0	
-43.0	
-55.0	
-50.0	
-41.0	
-37.0	
-43.0	
-38.0	
-28.0	
-24.0	
-22.0	
-15.0	
-18.0	
-25.0	
-30.0	
-19.0	
-15.0	
-22.0	
-19.0	
-21.0	
-5.0	
-17.0	
-4.0	
-5.0	
-8.0	
7.0	
16.0	
27.0	
18.0	
0.0	
-6.0	
11.0	
13.0	
23.0	
19.0	
18.0	
28.0	
17.0	
37.0	
25.0	
25.0	
19.0	
19.0	
25.0	
28.0	
25.0	
27.0	
30.0	
45.0	
37.0	
44.0	
41.0	
46.0	
58.0	
42.0	
52.0	
44.0	
54.0	
69.0	
53.0	
60.0	
67.0	
66.0	
59.0	
68.0	
62.0	
65.0	
79.0	
85.0	
82.0	
85.0	
71.0	
77.0	
77.0	
100.0	
90.0	
79.0	
82.0	
88.0	
85.0	
86.0	
110.0	
119.0	
110.0	
100.0	
108.0	
102.0	
107.0	
103.0	
109.0	
121.0	
111.0	
118.0	
130.0	
136.0	
132.0	
151.0	
143.0	
145.0	
149.0	
148.0	
137.0	
128.0	
142.0	
130.0	
121.0	
129.0	
149.0	
146.0	
147.0	
148.0	
145.0	
150.0	
151.0	
158.0	
162.0	
170.0	
163.0	
165.0	
174.0	
177.0	
174.0	
167.0	
163.0	
169.0	
162.0	
168.0	
175.0	
179.0	
177.0	
183.0	
182.0	
191.0	
191.0	
180.0	
183.0	
186.0	
190.0	
178.0	
176.0	
177.0	
184.0	
192.0	
190.0	
194.0	
205.0	
195.0	
187.0	
196.0	
194.0	
199.0	
194.0	
195.0	
194.0	
197.0	
193.0	
190.0	
204.0	
198.0	
199.0	
200.0	
193.0	
203.0	
177.0	
189.0	
187.0	
191.0	
192.0	
174.0	
182.0	
194.0	
207.0	
208.0	
197.0	
206.0	
185.0	
180.0	
190.0	
185.0	
185.0	
186.0	
177.0	
194.0	
178.0	
176.0	
177.0	
182.0	
178.0	
172.0	
185.0	
191.0	
182.0	
173.0	
182.0	
180.0	
178.0	
171.0	
169.0	
169.0	
168.0	
175.0	
169.0	
167.0	
172.0	
152.0	
155.0	
151.0	
145.0	
151.0	
151.0	
152.0	
146.0	
138.0	
138.0	
144.0	
157.0	
151.0	
161.0	
158.0	
151.0	
146.0	
151.0	
141.0	
142.0	
136.0	
142.0	
146.0	
141.0	
124.0	
125.0	
127.0	
121.0	
118.0	
130.0	
138.0	
138.0	
125.0	
117.0	
127.0	
120.0	
105.0	
121.0	
114.0	
98.0	
109.0	
93.0	
86.0	
86.0	
89.0	
93.0	
94.0	
99.0	
95.0	
95.0	
94.0	
77.0	
81.0	
69.0	
65.0	
72.0	
66.0	
67.0	
63.0	
57.0	
46.0	
54.0	
52.0	
45.0	
46.0	
53.0	
45.0	
37.0	
37.0	
43.0	
36.0	
31.0	
28.0	
21.0	
24.0	
23.0	
14.0	
25.0	
25.0	
24.0	
36.0	
22.0	
22.0	
11.0	
7.0	
10.0	
0.0	
5.0	
9.0	
4.0	
0.0	
0.0	
-5.0	
-2.0	
-7.0	
-19.0	
-10.0	
-9.0	
-19.0	
-21.0	
-17.0	
-19.0	
-28.0	
-22.0	
-27.0	
-21.0	
-22.0	
-16.0	
-37.0	
-34.0	
-27.0	
-29.0	
-35.0	
-42.0	
-39.0	
-40.0	
-35.0	
-33.0	
-45.0	
-40.0	
-43.0	
-45.0	
-41.0	
-44.0	
-41.0	
-37.0	
-39.0	
-56.0	
-54.0	
-48.0	
-69.0	
-56.0	
-45.0	
-40.0	
-51.0	
-59.0	
-58.0	
-58.0	
-55.0	
-52.0	
-53.0	
-50.0	
-52.0	
-53.0	
-67.0	
-78.0	
-67.0	
-54.0	
-63.0	
-64.0	
-71.0	
-75.0	
-74.0	
-76.0	
-65.0	
-71.0	
-79.0	
-79.0	
-91.0	
-91.0	
-69.0	
-68.0	
