-55.0	
-65.0	
-71.0	
-85.0	
-78.0	
-86.0	
-89.0	
-92.0	
-100.0	
-103.0	
-104.0	
-113.0	
-108.0	
-104.0	
-141.0	
-134.0	
-129.0	
-132.0	
-121.0	
-130.0	
-135.0	
-136.0	
-144.0	
-143.0	
-153.0	
-156.0	
-163.0	
-162.0	
-155.0	
-164.0	
-161.0	
-164.0	
-164.0	
-161.0	
-174.0	
-174.0	
-161.0	
-167.0	
-182.0	
-173.0	
-177.0	
-174.0	
-169.0	
-176.0	
-181.0	
-166.0	
-176.0	
-174.0	
-166.0	
-177.0	
-167.0	
-168.0	
-170.0	
-167.0	
-170.0	
-174.0	
-183.0	
-178.0	
-175.0	
-175.0	
-166.0	
-166.0	
-159.0	
-154.0	
-161.0	
-161.0	
-155.0	
-142.0	
-147.0	
-156.0	
-135.0	
-138.0	
-134.0	
-129.0	
-128.0	
-116.0	
-118.0	
-117.0	
-122.0	
-102.0	
-109.0	
-112.0	
-106.0	
-99.0	
-86.0	
-90.0	
-96.0	
-87.0	
-96.0	
-91.0	
-84.0	
-82.0	
-78.0	
-63.0	
-55.0	
-64.0	
-48.0	
-52.0	
-62.0	
-59.0	
-48.0	
-36.0	
-42.0	
-38.0	
-38.0	
-40.0	
-26.0	
-18.0	
-21.0	
-29.0	
-18.0	
-13.0	
-10.0	
-1.0	
-3.0	
-9.0	
-5.0	
4.0	
-3.0	
0.0	
-8.0	
-3.0	
-10.0	
-5.0	
16.0	
14.0	
12.0	
17.0	
24.0	
11.0	
1.0	
8.0	
20.0	
15.0	
23.0	
19.0	
24.0	
37.0	
41.0	
17.0	
17.0	
32.0	
50.0	
48.0	
37.0	
44.0	
38.0	
44.0	
43.0	
43.0	
44.0	
56.0	
44.0	
49.0	
48.0	
44.0	
45.0	
46.0	
33.0	
43.0	
56.0	
50.0	
58.0	
51.0	
43.0	
62.0	
70.0	
60.0	
55.0	
61.0	
61.0	
55.0	
48.0	
54.0	
65.0	
76.0	
79.0	
66.0	
68.0	
72.0	
71.0	
80.0	
77.0	
69.0	
77.0	
81.0	
82.0	
94.0	
87.0	
84.0	
77.0	
83.0	
87.0	
75.0	
78.0	
84.0	
83.0	
89.0	
84.0	
76.0	
91.0	
95.0	
89.0	
91.0	
104.0	
89.0	
73.0	
87.0	
82.0	
96.0	
108.0	
96.0	
95.0	
115.0	
100.0	
96.0	
108.0	
101.0	
90.0	
86.0	
91.0	
106.0	
104.0	
88.0	
90.0	
87.0	
90.0	
80.0	
78.0	
80.0	
86.0	
88.0	
83.0	
72.0	
73.0	
69.0	
73.0	
82.0	
83.0	
73.0	
73.0	
70.0	
65.0	
74.0	
77.0	
64.0	
64.0	
46.0	
52.0	
63.0	
62.0	
53.0	
44.0	
50.0	
51.0	
52.0	
55.0	
53.0	
50.0	
41.0	
45.0	
37.0	
36.0	
31.0	
25.0	
16.0	
18.0	
21.0	
9.0	
30.0	
23.0	
9.0	
16.0	
12.0	
18.0	
18.0	
19.0	
23.0	
21.0	
-7.0	
-8.0	
0.0	
-15.0	
0.0	
-2.0	
2.0	
0.0	
-16.0	
-23.0	
-29.0	
-27.0	
-23.0	
-28.0	
-39.0	
-37.0	
-43.0	
-52.0	
-56.0	
-53.0	
-53.0	
-43.0	
-48.0	
-65.0	
-73.0	
-53.0	
-66.0	
-66.0	
-60.0	
-69.0	
-69.0	
-81.0	
-81.0	
-80.0	
-80.0	
-78.0	
-73.0	
-84.0	
-82.0	
-72.0	
-85.0	
-86.0	
-90.0	
-86.0	
-101.0	
-80.0	
-89.0	
-92.0	
-88.0	
-92.0	
-82.0	
-78.0	
-84.0	
-94.0	
-91.0	
-92.0	
-86.0	
-85.0	
-93.0	
-96.0	
-88.0	
-91.0	
-86.0	
-89.0	
-98.0	
-92.0	
-88.0	
-83.0	
-90.0	
-92.0	
-95.0	
-80.0	
-91.0	
-96.0	
-98.0	
-108.0	
-93.0	
-86.0	
-79.0	
-83.0	
-76.0	
-82.0	
-92.0	
-85.0	
-86.0	
-83.0	
-82.0	
-72.0	
-67.0	
-66.0	
-81.0	
-80.0	
-70.0	
-64.0	
-74.0	
-68.0	
-69.0	
-73.0	
-59.0	
-61.0	
-60.0	
-51.0	
-53.0	
-59.0	
-53.0	
-50.0	
-59.0	
-47.0	
-51.0	
-53.0	
-48.0	
-45.0	
-53.0	
-39.0	
-37.0	
-41.0	
-50.0	
-30.0	
-24.0	
-28.0	
-36.0	
-36.0	
-34.0	
-38.0	
-32.0	
-29.0	
-29.0	
-17.0	
-18.0	
-7.0	
-19.0	
-19.0	
-4.0	
-2.0	
-14.0	
0.0	
3.0	
-8.0	
-3.0	
-8.0	
-13.0	
2.0	
20.0	
8.0	
11.0	
4.0	
0.0	
12.0	
14.0	
14.0	
20.0	
25.0	
20.0	
17.0	
34.0	
25.0	
32.0	
22.0	
