-103.0	
-82.0	
-81.0	
-82.0	
-79.0	
-85.0	
-81.0	
-76.0	
-72.0	
-79.0	
-77.0	
-65.0	
-72.0	
-70.0	
-69.0	
-73.0	
-73.0	
-69.0	
-65.0	
-65.0	
-70.0	
-74.0	
-67.0	
-57.0	
-56.0	
-68.0	
-56.0	
-46.0	
-64.0	
-68.0	
-43.0	
-46.0	
-52.0	
-42.0	
-46.0	
-51.0	
-49.0	
-42.0	
-19.0	
-19.0	
-30.0	
-25.0	
-30.0	
-28.0	
-14.0	
-20.0	
-30.0	
-25.0	
-15.0	
-30.0	
-18.0	
-14.0	
-8.0	
10.0	
-1.0	
0.0	
11.0	
7.0	
6.0	
6.0	
9.0	
6.0	
25.0	
24.0	
14.0	
11.0	
21.0	
19.0	
29.0	
42.0	
41.0	
40.0	
44.0	
41.0	
44.0	
52.0	
56.0	
49.0	
51.0	
44.0	
54.0	
57.0	
59.0	
59.0	
54.0	
51.0	
57.0	
63.0	
68.0	
75.0	
78.0	
88.0	
83.0	
71.0	
82.0	
87.0	
98.0	
96.0	
88.0	
106.0	
107.0	
102.0	
106.0	
103.0	
114.0	
122.0	
110.0	
114.0	
125.0	
135.0	
139.0	
142.0	
159.0	
142.0	
144.0	
157.0	
158.0	
161.0	
154.0	
166.0	
167.0	
155.0	
164.0	
176.0	
180.0	
168.0	
166.0	
186.0	
193.0	
188.0	
189.0	
200.0	
196.0	
196.0	
194.0	
189.0	
205.0	
213.0	
213.0	
209.0	
202.0	
204.0	
218.0	
221.0	
223.0	
220.0	
220.0	
229.0	
221.0	
231.0	
243.0	
229.0	
229.0	
235.0	
247.0	
256.0	
234.0	
239.0	
235.0	
228.0	
262.0	
253.0	
255.0	
249.0	
249.0	
268.0	
261.0	
254.0	
267.0	
269.0	
262.0	
265.0	
282.0	
284.0	
275.0	
281.0	
294.0	
285.0	
273.0	
288.0	
304.0	
289.0	
277.0	
289.0	
286.0	
277.0	
284.0	
299.0	
292.0	
293.0	
303.0	
295.0	
298.0	
298.0	
306.0	
303.0	
296.0	
298.0	
301.0	
309.0	
303.0	
305.0	
302.0	
316.0	
313.0	
299.0	
312.0	
312.0	
309.0	
311.0	
310.0	
309.0	
295.0	
297.0	
324.0	
330.0	
319.0	
314.0	
308.0	
310.0	
327.0	
322.0	
321.0	
319.0	
307.0	
298.0	
310.0	
305.0	
321.0	
319.0	
315.0	
316.0	
307.0	
308.0	
316.0	
316.0	
313.0	
304.0	
313.0	
303.0	
297.0	
306.0	
297.0	
300.0	
304.0	
296.0	
301.0	
291.0	
297.0	
294.0	
295.0	
296.0	
286.0	
303.0	
296.0	
285.0	
294.0	
289.0	
294.0	
297.0	
298.0	
286.0	
272.0	
270.0	
283.0	
278.0	
282.0	
282.0	
277.0	
293.0	
287.0	
273.0	
275.0	
280.0	
272.0	
274.0	
273.0	
264.0	
264.0	
273.0	
277.0	
266.0	
269.0	
257.0	
274.0	
273.0	
253.0	
242.0	
248.0	
262.0	
258.0	
256.0	
270.0	
254.0	
258.0	
256.0	
255.0	
246.0	
236.0	
238.0	
247.0	
255.0	
254.0	
248.0	
252.0	
246.0	
233.0	
246.0	
243.0	
222.0	
221.0	
233.0	
225.0	
232.0	
237.0	
229.0	
229.0	
224.0	
222.0	
211.0	
213.0	
208.0	
221.0	
212.0	
211.0	
210.0	
202.0	
206.0	
200.0	
177.0	
181.0	
183.0	
189.0	
192.0	
195.0	
188.0	
184.0	
175.0	
184.0	
174.0	
165.0	
175.0	
168.0	
172.0	
163.0	
158.0	
162.0	
144.0	
135.0	
140.0	
144.0	
152.0	
148.0	
137.0	
130.0	
138.0	
129.0	
123.0	
119.0	
135.0	
119.0	
126.0	
125.0	
121.0	
117.0	
136.0	
126.0	
116.0	
114.0	
112.0	
117.0	
119.0	
112.0	
110.0	
105.0	
100.0	
100.0	
93.0	
92.0	
93.0	
86.0	
76.0	
80.0	
96.0	
87.0	
79.0	
69.0	
69.0	
69.0	
68.0	
63.0	
56.0	
56.0	
59.0	
47.0	
55.0	
38.0	
54.0	
38.0	
31.0	
37.0	
30.0	
25.0	
32.0	
39.0	
23.0	
19.0	
18.0	
10.0	
9.0	
16.0	
19.0	
9.0	
6.0	
-3.0	
18.0	
9.0	
-1.0	
1.0	
1.0	
-1.0	
-2.0	
-20.0	
-16.0	
-14.0	
-23.0	
-34.0	
-24.0	
-19.0	
-30.0	
-21.0	
-21.0	
-37.0	
-30.0	
-20.0	
-34.0	
-37.0	
-30.0	
-48.0	
-45.0	
-46.0	
-36.0	
-47.0	
-44.0	
-39.0	
-53.0	
-51.0	
-62.0	
-72.0	
-64.0	
-55.0	
-52.0	
-57.0	
-66.0	
-53.0	
-64.0	
-57.0	
-67.0	
-53.0	
-61.0	
-68.0	
-74.0	
-84.0	
-73.0	
-86.0	
-81.0	
-83.0	
-81.0	
-87.0	
-86.0	
-81.0	
-90.0	
-95.0	
-84.0	
-85.0	
-94.0	
-88.0	
-94.0	
-103.0	
-100.0	
-86.0	
-100.0	
-116.0	
-100.0	
-107.0	
-113.0	
-103.0	
-106.0	
-106.0	
-109.0	
-117.0	
-112.0	
-111.0	
-89.0	
-95.0	
-123.0	
-124.0	
-106.0	
-109.0	
-120.0	
-115.0	
-117.0	
-121.0	
-122.0	
-119.0	
-121.0	
-126.0	
-107.0	
-113.0	
-113.0	
-123.0	
-114.0	
-114.0	
-110.0	
-111.0	
-125.0	
-125.0	
-134.0	
-127.0	
-126.0	
-146.0	
-142.0	
-139.0	
-127.0	
-134.0	
-142.0	
-145.0	
-145.0	
-135.0	
-138.0	
-132.0	
-119.0	
-124.0	
-129.0	
-138.0	
-129.0	
-127.0	
-120.0	
-128.0	
-134.0	
-136.0	
-142.0	
-142.0	
-139.0	
-149.0	
-143.0	
-136.0	
-128.0	
-135.0	
-135.0	
-130.0	
-124.0	
-136.0	
-141.0	
-127.0	
-114.0	
-125.0	
-126.0	
-122.0	
-128.0	
-132.0	
-145.0	
-128.0	
-129.0	
-145.0	
-126.0	
-141.0	
-142.0	
-132.0	
-129.0	
-139.0	
-132.0	
-139.0	
-138.0	
-141.0	
-136.0	
-139.0	
-142.0	
-145.0	
-143.0	
-128.0	
-141.0	
-139.0	
-135.0	
-157.0	
-146.0	
-138.0	
-140.0	
-147.0	
-152.0	
-140.0	
-112.0	
-138.0	
-141.0	
-129.0	
-128.0	
-132.0	
-142.0	
-145.0	
-144.0	
-131.0	
-133.0	
-138.0	
-137.0	
-142.0	
-145.0	
-132.0	
-133.0	
-128.0	
-142.0	
-144.0	
-129.0	
-118.0	
-129.0	
-126.0	
-116.0	
-129.0	
-132.0	
-132.0	
-121.0	
-118.0	
-123.0	
-126.0	
-135.0	
-128.0	
-119.0	
-125.0	
-129.0	
-137.0	
-124.0	
-120.0	
-124.0	
-133.0	
-130.0	
-122.0	
-109.0	
-116.0	
-130.0	
-129.0	
-123.0	
-130.0	
-124.0	
-113.0	
-112.0	
-128.0	
-128.0	
-132.0	
-125.0	
-111.0	
-121.0	
-122.0	
-124.0	
-128.0	
-123.0	
-119.0	
-122.0	
-120.0	
-130.0	
-128.0	
-124.0	
-123.0	
-115.0	
-110.0	
-106.0	
-113.0	
-114.0	
-119.0	
-127.0	
-114.0	
-115.0	
-127.0	
-128.0	
-121.0	
-121.0	
-119.0	
-114.0	
-107.0	
-101.0	
-109.0	
-106.0	
-114.0	
-112.0	
-123.0	
-115.0	
-111.0	
-117.0	
-121.0	
-103.0	
-100.0	
-123.0	
-127.0	
-119.0	
-119.0	
-120.0	
-113.0	
-112.0	
-109.0	
-117.0	
-102.0	
-109.0	
-121.0	
-111.0	
-105.0	
-106.0	
-91.0	
-99.0	
-104.0	
-97.0	
-93.0	
-92.0	
-106.0	
-99.0	
-91.0	
-81.0	
-87.0	
-86.0	
-106.0	
-100.0	
-85.0	
-84.0	
-79.0	
-77.0	
-81.0	
-92.0	
-94.0	
-94.0	
-91.0	
-88.0	
-77.0	
-83.0	
-88.0	
-82.0	
-76.0	
-81.0	
-67.0	
-67.0	
-64.0	
-76.0	
-72.0	
-81.0	
-77.0	
-69.0	
-54.0	
-58.0	
-56.0	
-53.0	
-58.0	
-65.0	
-61.0	
-59.0	
-46.0	
-45.0	
-62.0	
-62.0	
-59.0	
-52.0	
-54.0	
-59.0	
-53.0	
-57.0	
-47.0	
-52.0	
-41.0	
-35.0	
-32.0	
-35.0	
-34.0	
-39.0	
-35.0	
-42.0	
-39.0	
-29.0	
-34.0	
-39.0	
-42.0	
-37.0	
-27.0	
-39.0	
-29.0	
-27.0	
-19.0	
-14.0	
-12.0	
-22.0	
-26.0	
-18.0	
-20.0	
-5.0	
-4.0	
-18.0	
-4.0	
-4.0	
-11.0	
0.0	
-10.0	
-4.0	
-10.0	
-8.0	
-14.0	
-1.0	
13.0	
-9.0	
6.0	
14.0	
3.0	
11.0	
8.0	
4.0	
3.0	
6.0	
10.0	
17.0	
13.0	
6.0	
20.0	
23.0	
21.0	
13.0	
14.0	
19.0	
34.0	
39.0	
30.0	
35.0	
46.0	
40.0	
53.0	
46.0	
41.0	
49.0	
48.0	
49.0	
55.0	
50.0	
51.0	
70.0	
50.0	
48.0	
61.0	
59.0	
62.0	
74.0	
70.0	
64.0	
64.0	
64.0	
83.0	
73.0	
73.0	
77.0	
66.0	
74.0	
86.0	
71.0	
66.0	
73.0	
75.0	
82.0	
76.0	
80.0	
79.0	
90.0	
99.0	
93.0	
87.0	
93.0	
93.0	
108.0	
105.0	
99.0	
76.0	
88.0	
103.0	
87.0	
92.0	
102.0	
95.0	
83.0	
93.0	
100.0	
101.0	
108.0	
103.0	
115.0	
108.0	
110.0	
118.0	
109.0	
115.0	
126.0	
124.0	
121.0	
130.0	
131.0	
124.0	
126.0	
129.0	
133.0	
125.0	
127.0	
133.0	
144.0	
131.0	
127.0	
129.0	
134.0	
142.0	
138.0	
121.0	
140.0	
118.0	
129.0	
142.0	
148.0	
139.0	
145.0	
145.0	
142.0	
147.0	
148.0	
158.0	
158.0	
149.0	
143.0	
139.0	
154.0	
163.0	
142.0	
164.0	
163.0	
159.0	
159.0	
163.0	
160.0	
143.0	
145.0	
145.0	
147.0	
151.0	
163.0	
165.0	
160.0	
153.0	
149.0	
136.0	
153.0	
167.0	
163.0	
161.0	
167.0	
173.0	
176.0	
177.0	
168.0	
155.0	
150.0	
161.0	
155.0	
145.0	
137.0	
151.0	
148.0	
152.0	
158.0	
159.0	
145.0	
159.0	
165.0	
154.0	
155.0	
158.0	
150.0	
153.0	
148.0	
153.0	
159.0	
173.0	
162.0	
164.0	
166.0	
154.0	
148.0	
156.0	
163.0	
162.0	
158.0	
154.0	
170.0	
164.0	
160.0	
164.0	
163.0	
152.0	
152.0	
161.0	
178.0	
158.0	
150.0	
145.0	
153.0	
152.0	
153.0	
144.0	
143.0	
156.0	
143.0	
149.0	
145.0	
140.0	
142.0	
149.0	
151.0	
135.0	
138.0	
140.0	
134.0	
149.0	
137.0	
137.0	
145.0	
151.0	
161.0	
148.0	
140.0	
132.0	
137.0	
140.0	
144.0	
137.0	
129.0	
126.0	
129.0	
131.0	
129.0	
128.0	
126.0	
136.0	
130.0	
126.0	
125.0	
129.0	
131.0	
126.0	
131.0	
134.0	
123.0	
130.0	
128.0	
130.0	
117.0	
128.0	
138.0	
126.0	
113.0	
112.0	
112.0	
117.0	
114.0	
114.0	
98.0	
100.0	
119.0	
120.0	
131.0	
121.0	
117.0	
115.0	
113.0	
111.0	
104.0	
98.0	
99.0	
105.0	
103.0	
92.0	
92.0	
98.0	
88.0	
92.0	
97.0	
91.0	
76.0	
83.0	
77.0	
72.0	
85.0	
83.0	
78.0	
89.0	
83.0	
77.0	
82.0	
81.0	
72.0	
80.0	
75.0	
84.0	
82.0	
83.0	
72.0	
73.0	
71.0	
55.0	
62.0	
63.0	
59.0	
72.0	
78.0	
70.0	
62.0	
62.0	
60.0	
60.0	
52.0	
49.0	
49.0	
56.0	
65.0	
53.0	
42.0	
46.0	
58.0	
59.0	
54.0	
46.0	
45.0	
46.0	
53.0	
54.0	
37.0	
43.0	
49.0	
45.0	
42.0	
32.0	
45.0	
31.0	
44.0	
33.0	
36.0	
31.0	
26.0	
24.0	
39.0	
34.0	
52.0	
32.0	
30.0	
19.0	
28.0	
31.0	
39.0	
20.0	
11.0	
22.0	
31.0	
30.0	
21.0	
10.0	
25.0	
14.0	
9.0	
7.0	
8.0	
24.0	
24.0	
18.0	
19.0	
14.0	
14.0	
13.0	
3.0	
-8.0	
0.0	
5.0	
7.0	
1.0	
0.0	
-5.0	
2.0	
-2.0	
-5.0	
-15.0	
4.0	
10.0	
5.0	
-15.0	
-14.0	
-8.0	
-15.0	
-19.0	
-5.0	
-2.0	
-15.0	
-19.0	
-23.0	
-32.0	
-19.0	
-11.0	
-16.0	
-27.0	
-34.0	
-24.0	
-9.0	
-14.0	
-17.0	
-13.0	
-15.0	
-7.0	
-11.0	
-17.0	
-15.0	
-21.0	
-37.0	
-36.0	
-38.0	
-34.0	
-45.0	
-39.0	
-39.0	
-40.0	
-37.0	
-38.0	
-27.0	
-34.0	
-49.0	
-41.0	
-32.0	
-35.0	
-46.0	
-52.0	
-47.0	
-32.0	
-36.0	
-37.0	
-46.0	
-48.0	
-45.0	
-54.0	
-42.0	
-40.0	
-42.0	
-49.0	
-61.0	
-46.0	
-41.0	
-45.0	
-55.0	
-68.0	
-65.0	
-64.0	
-52.0	
-47.0	
-64.0	
-55.0	
-66.0	
-70.0	
-66.0	
-71.0	
-53.0	
-65.0	
-78.0	
-79.0	
-76.0	
-64.0	
-68.0	
-60.0	
-70.0	
-64.0	
-78.0	
-78.0	
-80.0	
-79.0	
-73.0	
-85.0	
-87.0	
-79.0	
-78.0	
-81.0	
-75.0	
-64.0	
-72.0	
-82.0	
-71.0	
-68.0	
-69.0	
-69.0	
-75.0	
-70.0	
-71.0	
-78.0	
-82.0	
-74.0	
-78.0	
-81.0	
-86.0	
-95.0	
-79.0	
-81.0	
-90.0	
-80.0	
-86.0	
-86.0	
-74.0	
-79.0	
-83.0	
-97.0	
-88.0	
-86.0	
-91.0	
-97.0	
-88.0	
-96.0	
-96.0	
-104.0	
-96.0	
-87.0	
-90.0	
-95.0	
-94.0	
-91.0	
-91.0	
-94.0	
-98.0	
-100.0	
-100.0	
-97.0	
-96.0	
-91.0	
-82.0	
-99.0	
-101.0	
-92.0	
-102.0	
-93.0	
-95.0	
-100.0	
-101.0	
-103.0	
-85.0	
-96.0	
-93.0	
-94.0	
-94.0	
-86.0	
-79.0	
-90.0	
-88.0	
-88.0	
-101.0	
-101.0	
-110.0	
-103.0	
-101.0	
-99.0	
-95.0	
-96.0	
-91.0	
-96.0	
-99.0	
-112.0	
-120.0	
-112.0	
-102.0	
-101.0	
-111.0	
-86.0	
-104.0	
-106.0	
-95.0	
-99.0	
-109.0	
-103.0	
-98.0	
-112.0	
-97.0	
-91.0	
-101.0	
-95.0	
-105.0	
-98.0	
-93.0	
-109.0	
-107.0	
-97.0	
-103.0	
-101.0	
-92.0	
-101.0	
-95.0	
-79.0	
-80.0	
-87.0	
-97.0	
-99.0	
-96.0	
-98.0	
-97.0	
-102.0	
-97.0	
-103.0	
-98.0	
-83.0	
-103.0	
-108.0	
-100.0	
-101.0	
-98.0	
-98.0	
-105.0	
-94.0	
-87.0	
-98.0	
-99.0	
-91.0	
-98.0	
-93.0	
-98.0	
-86.0	
-92.0	
-96.0	
-96.0	
-89.0	
-88.0	
-97.0	
-78.0	
-72.0	
-86.0	
-79.0	
-88.0	
-93.0	
-88.0	
-95.0	
-100.0	
-91.0	
-92.0	
-111.0	
-91.0	
-85.0	
-82.0	
-88.0	
-98.0	
-83.0	
-84.0	
-99.0	
-104.0	
-98.0	
-88.0	
-83.0	
-88.0	
-83.0	
-84.0	
-98.0	
-99.0	
-100.0	
-92.0	
-85.0	
-99.0	
-89.0	
-89.0	
-86.0	
-88.0	
-93.0	
-87.0	
-79.0	
-75.0	
-92.0	
-98.0	
-91.0	
-83.0	
-74.0	
-80.0	
-90.0	
-85.0	
-93.0	
-92.0	
-79.0	
-72.0	
-68.0	
-73.0	
-61.0	
-67.0	
-72.0	
-68.0	
-79.0	
-76.0	
-74.0	
-68.0	
-71.0	
-69.0	
-57.0	
-70.0	
-72.0	
-64.0	
-69.0	
-60.0	
-67.0	
-72.0	
-70.0	
-62.0	
-53.0	
-67.0	
-65.0	
-64.0	
-65.0	
-68.0	
-59.0	
-60.0	
-54.0	
-62.0	
-69.0	
-62.0	
-47.0	
-65.0	
-51.0	
-47.0	
-45.0	
-39.0	
-56.0	
-53.0	
-50.0	
-51.0	
-44.0	
-50.0	
-34.0	
-40.0	
-34.0	
-41.0	
-52.0	
-41.0	
-43.0	
-60.0	
-46.0	
-31.0	
-36.0	
-37.0	
-46.0	
-48.0	
-30.0	
-33.0	
-34.0	
-40.0	
-26.0	
-30.0	
-43.0	
-43.0	
-35.0	
-37.0	
-34.0	
-26.0	
-19.0	
-28.0	
-22.0	
-28.0	
-35.0	
-37.0	
-20.0	
-20.0	
-22.0	
-29.0	
-22.0	
-23.0	
-8.0	
-19.0	
-16.0	
-9.0	
-11.0	
-11.0	
-12.0	
-3.0	
-13.0	
2.0	
0.0	
0.0	
2.0	
1.0	
-14.0	
-20.0	
-17.0	
-9.0	
-2.0	
-5.0	
-6.0	
-16.0	
2.0	
1.0	
0.0	
3.0	
-5.0	
4.0	
-1.0	
18.0	
4.0	
16.0	
19.0	
9.0	
27.0	
16.0	
15.0	
22.0	
15.0	
16.0	
29.0	
33.0	
23.0	
27.0	
29.0	
21.0	
26.0	
34.0	
30.0	
17.0	
11.0	
19.0	
15.0	
23.0	
26.0	
23.0	
33.0	
32.0	
18.0	
17.0	
11.0	
23.0	
29.0	
31.0	
29.0	
26.0	
41.0	
32.0	
21.0	
21.0	
21.0	
35.0	
53.0	
41.0	
35.0	
46.0	
39.0	
43.0	
37.0	
39.0	
34.0	
45.0	
45.0	
49.0	
61.0	
51.0	
44.0	
49.0	
58.0	
57.0	
41.0	
46.0	
41.0	
55.0	
62.0	
41.0	
37.0	
61.0	
74.0	
65.0	
69.0	
71.0	
64.0	
56.0	
63.0	
72.0	
65.0	
71.0	
85.0	
82.0	
70.0	
84.0	
77.0	
82.0	
80.0	
77.0	
84.0	
66.0	
68.0	
81.0	
83.0	
65.0	
62.0	
76.0	
83.0	
93.0	
91.0	
84.0	
85.0	
72.0	
71.0	
72.0	
85.0	
83.0	
73.0	
80.0	
79.0	
71.0	
69.0	
82.0	
74.0	
74.0	
85.0	
92.0	
78.0	
68.0	
82.0	
81.0	
89.0	
87.0	
85.0	
85.0	
80.0	
108.0	
95.0	
87.0	
86.0	
98.0	
102.0	
97.0	
98.0	
96.0	
94.0	
96.0	
105.0	
98.0	
113.0	
106.0	
100.0	
107.0	
110.0	
100.0	
101.0	
113.0	
95.0	
105.0	
101.0	
96.0	
95.0	
103.0	
82.0	
77.0	
83.0	
90.0	
98.0	
82.0	
87.0	
89.0	
86.0	
96.0	
91.0	
94.0	
106.0	
85.0	
95.0	
108.0	
86.0	
91.0	
87.0	
87.0	
103.0	
102.0	
97.0	
95.0	
97.0	
86.0	
93.0	
97.0	
97.0	
98.0	
92.0	
92.0	
93.0	
113.0	
99.0	
101.0	
107.0	
97.0	
98.0	
96.0	
99.0	
100.0	
99.0	
100.0	
89.0	
100.0	
110.0	
95.0	
100.0	
105.0	
95.0	
108.0	
110.0	
104.0	
95.0	
99.0	
96.0	
91.0	
88.0	
93.0	
96.0	
95.0	
109.0	
106.0	
100.0	
90.0	
77.0	
86.0	
90.0	
93.0	
95.0	
93.0	
98.0	
95.0	
94.0	
94.0	
93.0	
91.0	
92.0	
116.0	
98.0	
94.0	
92.0	
88.0	
87.0	
92.0	
80.0	
87.0	
85.0	
91.0	
95.0	
90.0	
96.0	
83.0	
77.0	
70.0	
77.0	
73.0	
72.0	
66.0	
76.0	
84.0	
87.0	
73.0	
70.0	
81.0	
71.0	
67.0	
80.0	
71.0	
72.0	
60.0	
55.0	
80.0	
79.0	
68.0	
70.0	
73.0	
72.0	
57.0	
66.0	
68.0	
76.0	
63.0	
47.0	
58.0	
60.0	
71.0	
61.0	
60.0	
63.0	
62.0	
59.0	
72.0	
81.0	
61.0	
50.0	
57.0	
55.0	
51.0	
55.0	
54.0	
46.0	
55.0	
57.0	
41.0	
46.0	
49.0	
44.0	
46.0	
46.0	
48.0	
45.0	
46.0	
47.0	
52.0	
41.0	
41.0	
50.0	
45.0	
47.0	
46.0	
38.0	
32.0	
35.0	
41.0	
42.0	
46.0	
25.0	
16.0	
23.0	
25.0	
32.0	
30.0	
25.0	
23.0	
32.0	
30.0	
11.0	
30.0	
30.0	
15.0	
20.0	
9.0	
13.0	
16.0	
2.0	
6.0	
9.0	
5.0	
4.0	
13.0	
19.0	
0.0	
7.0	
14.0	
9.0	
5.0	
0.0	
0.0	
9.0	
6.0	
10.0	
2.0	
0.0	
6.0	
9.0	
1.0	
-3.0	
0.0	
-6.0	
0.0	
-2.0	
-1.0	
-3.0	
-2.0	
-6.0	
-7.0	
-7.0	
-2.0	
2.0	
-3.0	
-14.0	
-13.0	
-12.0	
-22.0	
-28.0	
-33.0	
-27.0	
-17.0	
-15.0	
-25.0	
-27.0	
-21.0	
-19.0	
-4.0	
-6.0	
-15.0	
-22.0	
-30.0	
-30.0	
-17.0	
-18.0	
-24.0	
-28.0	
-20.0	
-15.0	
-24.0	
-25.0	
-25.0	
-28.0	
-30.0	
-36.0	
-27.0	
-33.0	
-28.0	
-35.0	
-30.0	
-20.0	
-21.0	
-34.0	
-29.0	
-25.0	
-40.0	
-31.0	
-36.0	
-47.0	
-40.0	
-34.0	
-27.0	
-39.0	
-51.0	
-51.0	
-54.0	
-41.0	
-47.0	
-40.0	
-37.0	
-46.0	
-40.0	
-48.0	
-51.0	
-42.0	
-44.0	
-48.0	
-43.0	
-47.0	
-36.0	
-34.0	
-44.0	
-45.0	
-44.0	
-57.0	
-54.0	
-50.0	
-63.0	
-51.0	
-64.0	
-68.0	
-38.0	
-42.0	
-52.0	
-63.0	
-65.0	
-63.0	
-75.0	
-76.0	
-71.0	
-72.0	
-64.0	
-73.0	
-73.0	
-60.0	
-56.0	
-59.0	
-46.0	
-46.0	
-72.0	
-68.0	
-61.0	
-56.0	
-69.0	
-71.0	
-67.0	
-73.0	
-81.0	
-70.0	
-69.0	
-69.0	
-91.0	
-77.0	
-64.0	
-67.0	
-75.0	
-85.0	
-79.0	
-78.0	
-71.0	
-68.0	
-65.0	
-53.0	
-68.0	
-70.0	
-67.0	
-70.0	
-67.0	
-63.0	
-64.0	
-79.0	
-68.0	
-67.0	
-79.0	
-68.0	
-72.0	
-70.0	
-69.0	
-67.0	
-73.0	
-69.0	
-67.0	
-73.0	
-70.0	
-66.0	
-81.0	
-86.0	
-72.0	
-69.0	
-65.0	
-74.0	
-75.0	
-84.0	
-82.0	
-76.0	
-80.0	
-87.0	
-93.0	
-84.0	
-97.0	
-83.0	
-95.0	
-96.0	
-88.0	
-90.0	
-73.0	
-72.0	
-88.0	
-100.0	
-77.0	
-79.0	
-77.0	
-76.0	
-78.0	
-83.0	
-79.0	
-85.0	
-93.0	
-98.0	
-82.0	
-79.0	
-82.0	
-87.0	
-86.0	
-89.0	
-82.0	
-69.0	
-91.0	
-100.0	
-104.0	
-104.0	
-98.0	
-97.0	
-88.0	
-96.0	
-91.0	
-95.0	
-104.0	
-100.0	
-93.0	
-98.0	
-88.0	
-82.0	
-83.0	
-80.0	
-87.0	
-89.0	
-79.0	
-78.0	
-92.0	
-91.0	
-84.0	
-89.0	
-89.0	
-101.0	
-89.0	
-97.0	
-100.0	
-99.0	
-85.0	
-85.0	
-99.0	
-98.0	
-90.0	
-88.0	
-92.0	
-82.0	
-82.0	
-90.0	
-89.0	
-85.0	
-79.0	
-82.0	
-95.0	
-74.0	
-94.0	
-92.0	
-81.0	
-76.0	
-76.0	
-82.0	
-80.0	
-85.0	
-90.0	
-82.0	
-81.0	
-92.0	
-92.0	
-81.0	
-90.0	
-88.0	
-74.0	
-88.0	
-84.0	
-67.0	
-78.0	
-80.0	
-73.0	
-74.0	
-70.0	
-74.0	
-78.0	
-81.0	
-78.0	
-72.0	
-76.0	
-79.0	
-86.0	
-73.0	
-64.0	
-80.0	
-73.0	
-67.0	
-70.0	
-75.0	
-76.0	
-77.0	
-65.0	
-64.0	
-62.0	
-81.0	
-74.0	
-65.0	
-64.0	
-64.0	
-53.0	
-49.0	
-56.0	
-68.0	
-63.0	
-57.0	
-58.0	
-64.0	
-66.0	
-54.0	
-52.0	
-62.0	
-41.0	
-57.0	
-59.0	
-49.0	
-63.0	
-66.0	
-67.0	
-66.0	
-41.0	
-44.0	
-50.0	
-50.0	
-41.0	
-53.0	
-59.0	
-49.0	
-56.0	
-57.0	
-49.0	
-46.0	
-53.0	
-54.0	
-49.0	
-67.0	
-51.0	
-31.0	
-53.0	
-43.0	
-28.0	
-41.0	
-47.0	
-53.0	
-56.0	
-31.0	
-40.0	
-48.0	
-52.0	
-47.0	
-44.0	
-41.0	
-26.0	
-21.0	
-38.0	
-31.0	
-33.0	
-49.0	
-40.0	
-34.0	
-25.0	
-16.0	
-25.0	
-33.0	
-25.0	
-5.0	
-28.0	
-38.0	
-26.0	
-32.0	
-37.0	
-31.0	
-15.0	
-19.0	
-35.0	
-14.0	
-12.0	
-19.0	
-21.0	
-28.0	
-28.0	
-14.0	
-21.0	
-24.0	
-13.0	
-15.0	
-10.0	
-21.0	
-24.0	
-24.0	
-16.0	
-18.0	
-16.0	
-8.0	
-4.0	
-13.0	
-2.0	
0.0	
0.0	
-6.0	
-3.0	
-3.0	
4.0	
5.0	
12.0	
3.0	
-8.0	
-2.0	
19.0	
4.0	
7.0	
7.0	
3.0	
6.0	
14.0	
0.0	
7.0	
2.0	
4.0	
3.0	
-4.0	
2.0	
31.0	
26.0	
7.0	
18.0	
15.0	
9.0	
5.0	
17.0	
12.0	
3.0	
9.0	
18.0	
20.0	
0.0	
11.0	
12.0	
24.0	
26.0	
16.0	
19.0	
29.0	
25.0	
26.0	
35.0	
29.0	
15.0	
21.0	
27.0	
20.0	
22.0	
23.0	
15.0	
16.0	
20.0	
23.0	
35.0	
20.0	
21.0	
22.0	
27.0	
28.0	
32.0	
32.0	
43.0	
47.0	
33.0	
32.0	
28.0	
36.0	
35.0	
38.0	
31.0	
27.0	
23.0	
18.0	
32.0	
36.0	
20.0	
29.0	
29.0	
39.0	
38.0	
42.0	
36.0	
38.0	
42.0	
45.0	
34.0	
43.0	
41.0	
40.0	
43.0	
49.0	
49.0	
60.0	
50.0	
45.0	
46.0	
50.0	
47.0	
63.0	
52.0	
46.0	
58.0	
66.0	
43.0	
46.0	
55.0	
53.0	
42.0	
39.0	
49.0	
58.0	
44.0	
59.0	
45.0	
44.0	
44.0	
43.0	
47.0	
39.0	
54.0	
55.0	
55.0	
54.0	
51.0	
53.0	
58.0	
46.0	
59.0	
53.0	
50.0	
51.0	
44.0	
59.0	
58.0	
66.0	
69.0	
56.0	
63.0	
58.0	
47.0	
51.0	
60.0	
60.0	
59.0	
63.0	
62.0	
43.0	
58.0	
54.0	
43.0	
46.0	
54.0	
55.0	
41.0	
52.0	
52.0	
53.0	
69.0	
55.0	
51.0	
59.0	
55.0	
49.0	
44.0	
40.0	
48.0	
49.0	
45.0	
51.0	
49.0	
50.0	
55.0	
61.0	
52.0	
36.0	
44.0	
46.0	
44.0	
59.0	
57.0	
55.0	
50.0	
48.0	
48.0	
47.0	
61.0	
52.0	
44.0	
53.0	
50.0	
64.0	
62.0	
44.0	
50.0	
60.0	
38.0	
37.0	
41.0	
46.0	
38.0	
37.0	
34.0	
32.0	
41.0	
39.0	
50.0	
44.0	
32.0	
50.0	
37.0	
42.0	
41.0	
35.0	
32.0	
28.0	
26.0	
41.0	
44.0	
48.0	
33.0	
27.0	
38.0	
25.0	
36.0	
29.0	
33.0	
16.0	
30.0	
31.0	
18.0	
40.0	
35.0	
28.0	
34.0	
37.0	
30.0	
26.0	
28.0	
25.0	
15.0	
17.0	
29.0	
19.0	
17.0	
27.0	
16.0	
12.0	
31.0	
18.0	
12.0	
15.0	
24.0	
18.0	
19.0	
26.0	
25.0	
15.0	
19.0	
19.0	
26.0	
9.0	
16.0	
24.0	
27.0	
27.0	
18.0	
27.0	
30.0	
14.0	
22.0	
15.0	
8.0	
28.0	
31.0	
9.0	
13.0	
27.0	
11.0	
7.0	
19.0	
14.0	
27.0	
14.0	
17.0	
23.0	
13.0	
20.0	
19.0	
2.0	
0.0	
-1.0	
7.0	
-7.0	
-10.0	
6.0	
0.0	
4.0	
0.0	
7.0	
12.0	
11.0	
15.0	
15.0	
22.0	
30.0	
10.0	
-7.0	
-14.0	
-3.0	
-2.0	
-9.0	
-6.0	
-1.0	
3.0	
2.0	
0.0	
9.0	
-2.0	
2.0	
-15.0	
-3.0	
2.0	
-1.0	
-3.0	
-1.0	
-9.0	
0.0	
1.0	
-14.0	
-30.0	
-20.0	
-22.0	
-17.0	
-11.0	
-7.0	
-3.0	
-20.0	
-20.0	
-18.0	
-27.0	
-22.0	
-8.0	
-15.0	
-20.0	
-10.0	
-4.0	
-15.0	
-15.0	
-24.0	
-12.0	
-15.0	
-16.0	
-8.0	
-10.0	
-14.0	
-9.0	
-16.0	
-22.0	
-17.0	
-14.0	
-24.0	
-22.0	
-20.0	
-26.0	
-21.0	
-17.0	
-16.0	
-19.0	
-27.0	
-33.0	
-25.0	
-22.0	
-30.0	
-32.0	
-24.0	
-26.0	
-29.0	
-27.0	
-32.0	
-37.0	
-19.0	
-30.0	
-31.0	
-19.0	
-14.0	
-18.0	
-20.0	
-15.0	
-17.0	
-34.0	
-23.0	
-31.0	
-26.0	
-25.0	
-29.0	
-35.0	
-40.0	
-42.0	
-32.0	
-31.0	
-29.0	
-25.0	
-40.0	
-38.0	
-32.0	
-35.0	
-38.0	
-25.0	
-35.0	
-39.0	
-37.0	
-41.0	
-31.0	
-34.0	
-41.0	
-35.0	
-28.0	
-47.0	
-46.0	
-56.0	
-35.0	
-38.0	
-51.0	
-57.0	
-43.0	
-28.0	
-26.0	
-30.0	
-47.0	
-40.0	
-35.0	
-43.0	
-40.0	
-37.0	
-40.0	
-39.0	
-34.0	
-33.0	
-20.0	
-32.0	
-47.0	
-31.0	
-36.0	
-39.0	
-31.0	
-36.0	
-36.0	
-39.0	
-40.0	
-39.0	
-46.0	
-51.0	
-42.0	
-34.0	
-42.0	
-53.0	
-47.0	
-38.0	
-28.0	
-41.0	
-49.0	
-48.0	
-43.0	
-51.0	
-42.0	
-21.0	
-45.0	
-48.0	
-60.0	
-56.0	
-39.0	
-32.0	
-41.0	
-36.0	
-44.0	
-47.0	
-45.0	
-55.0	
-67.0	
-56.0	
-51.0	
-47.0	
-46.0	
-47.0	
-48.0	
-49.0	
-41.0	
-41.0	
-55.0	
-48.0	
-48.0	
-44.0	
-46.0	
-46.0	
-42.0	
-35.0	
-43.0	
-42.0	
-61.0	
-45.0	
-55.0	
-60.0	
-53.0	
-47.0	
-42.0	
-44.0	
-55.0	
-50.0	
-56.0	
-49.0	
-45.0	
-53.0	
-72.0	
-49.0	
-48.0	
-53.0	
-57.0	
-47.0	
-49.0	
-58.0	
-53.0	
-46.0	
-46.0	
-31.0	
-51.0	
-62.0	
-50.0	
-48.0	
-49.0	
-51.0	
-60.0	
-59.0	
-58.0	
-56.0	
-57.0	
-67.0	
-69.0	
-57.0	
-56.0	
-55.0	
-54.0	
-47.0	
-40.0	
-41.0	
-46.0	
-61.0	
-63.0	
-64.0	
-49.0	
-56.0	
-50.0	
-41.0	
-45.0	
-54.0	
-48.0	
-52.0	
-55.0	
-46.0	
-50.0	
-59.0	
-52.0	
-40.0	
-56.0	
-63.0	
-44.0	
-46.0	
-59.0	
-60.0	
-51.0	
-54.0	
-68.0	
-62.0	
-56.0	
-60.0	
-63.0	
-57.0	
-50.0	
-48.0	
-56.0	
-48.0	
-60.0	
-50.0	
-46.0	
-69.0	
-53.0	
-54.0	
-65.0	
-53.0	
-68.0	
-54.0	
-41.0	
-53.0	
-47.0	
-49.0	
-54.0	
-58.0	
-49.0	
-54.0	
-48.0	
-58.0	
-53.0	
-62.0	
-60.0	
-42.0	
-47.0	
-48.0	
-34.0	
-35.0	
-49.0	
-38.0	
-38.0	
-41.0	
-49.0	
-37.0	
-41.0	
-60.0	
-49.0	
-51.0	
-56.0	
-60.0	
-51.0	
-47.0	
-46.0	
-47.0	
-55.0	
-57.0	
-62.0	
-60.0	
-56.0	
-37.0	
-47.0	
-42.0	
-39.0	
-42.0	
-62.0	
-60.0	
-43.0	
-47.0	
-49.0	
-54.0	
-68.0	
-47.0	
-58.0	
-65.0	
-52.0	
-63.0	
-65.0	
-54.0	
-46.0	
-53.0	
-45.0	
-56.0	
-52.0	
-65.0	
-54.0	
-43.0	
-37.0	
-37.0	
-50.0	
-45.0	
-37.0	
-51.0	
-44.0	
-51.0	
-48.0	
-61.0	
-38.0	
-35.0	
-35.0	
-36.0	
-39.0	
-34.0	
-38.0	
-44.0	
-35.0	
-26.0	
-23.0	
-27.0	
-44.0	
-45.0	
-36.0	
-28.0	
-41.0	
-43.0	
-28.0	
-23.0	
-38.0	
-27.0	
-32.0	
-42.0	
-32.0	
-35.0	
-42.0	
-34.0	
-37.0	
-47.0	
-44.0	
-40.0	
-44.0	
-45.0	
-56.0	
-62.0	
-63.0	
-50.0	
-47.0	
-50.0	
-57.0	
-48.0	
-56.0	
-50.0	
-43.0	
-43.0	
-53.0	
-50.0	
-41.0	
-36.0	
-30.0	
-23.0	
-33.0	
-40.0	
-44.0	
-42.0	
-25.0	
-28.0	
-34.0	
-38.0	
-33.0	
-44.0	
-36.0	
-38.0	
-32.0	
-28.0	
-43.0	
-43.0	
-33.0	
-36.0	
-30.0	
-21.0	
-24.0	
-29.0	
-36.0	
-19.0	
-17.0	
-19.0	
-22.0	
-25.0	
-27.0	
-29.0	
-28.0	
-25.0	
-28.0	
-19.0	
-25.0	
-40.0	
-29.0	
-24.0	
-31.0	
-17.0	
-18.0	
-23.0	
-21.0	
-24.0	
-10.0	
1.0	
-5.0	
-17.0	
-6.0	
-13.0	
-12.0	
-1.0	
-3.0	
-6.0	
-12.0	
-13.0	
-13.0	
-2.0	
-13.0	
-18.0	
-14.0	
-11.0	
-4.0	
-20.0	
-32.0	
-22.0	
-16.0	
-16.0	
-10.0	
-26.0	
-17.0	
-10.0	
-15.0	
-12.0	
-7.0	
-17.0	
-13.0	
-14.0	
-16.0	
-20.0	
-13.0	
-17.0	
-12.0	
-16.0	
-10.0	
-14.0	
-15.0	
-7.0	
-16.0	
-3.0	
-6.0	
-1.0	
0.0	
-4.0	
-9.0	
2.0	
10.0	
11.0	
3.0	
6.0	
0.0	
0.0	
-11.0	
7.0	
2.0	
-7.0	
-3.0	
-12.0	
-4.0	
-9.0	
-12.0	
-12.0	
-4.0	
-12.0	
3.0	
4.0	
3.0	
3.0	
9.0	
9.0	
-4.0	
-4.0	
1.0	
-1.0	
-6.0	
-15.0	
-10.0	
8.0	
8.0	
3.0	
4.0	
-1.0	
-5.0	
0.0	
6.0	
2.0	
9.0	
11.0	
3.0	
0.0	
-7.0	
-8.0	
-2.0	
0.0	
2.0	
-6.0	
-11.0	
-6.0	
7.0	
3.0	
2.0	
-11.0	
-9.0	
2.0	
7.0	
5.0	
3.0	
-9.0	
0.0	
11.0	
-18.0	
-13.0	
4.0	
3.0	
6.0	
8.0	
0.0	
-10.0	
-3.0	
0.0	
6.0	
4.0	
9.0	
6.0	
4.0	
-3.0	
6.0	
15.0	
14.0	
3.0	
0.0	
1.0	
0.0	
4.0	
7.0	
0.0	
5.0	
1.0	
-3.0	
1.0	
9.0	
-12.0	
-4.0	
-8.0	
0.0	
0.0	
-3.0	
3.0	
3.0	
-2.0	
-8.0	
0.0	
-3.0	
-1.0	
1.0	
1.0	
4.0	
-5.0	
-2.0	
-3.0	
3.0	
-3.0	
-1.0	
7.0	
-1.0	
8.0	
2.0	
10.0	
13.0	
9.0	
-8.0	
-3.0	
7.0	
0.0	
14.0	
19.0	
15.0	
11.0	
17.0	
6.0	
7.0	
6.0	
0.0	
12.0	
8.0	
18.0	
24.0	
24.0	
10.0	
19.0	
9.0	
4.0	
12.0	
-1.0	
3.0	
8.0	
5.0	
10.0	
8.0	
9.0	
12.0	
16.0	
12.0	
-1.0	
10.0	
8.0	
13.0	
17.0	
7.0	
5.0	
12.0	
22.0	
5.0	
8.0	
9.0	
0.0	
4.0	
-4.0	
4.0	
14.0	
12.0	
19.0	
22.0	
16.0	
15.0	
11.0	
0.0	
0.0	
1.0	
5.0	
19.0	
18.0	
7.0	
23.0	
15.0	
11.0	
18.0	
13.0	
10.0	
-1.0	
6.0	
7.0	
3.0	
1.0	
-10.0	
-2.0	
3.0	
19.0	
7.0	
-3.0	
5.0	
11.0	
15.0	
6.0	
15.0	
25.0	
14.0	
16.0	
22.0	
16.0	
12.0	
19.0	
16.0	
18.0	
15.0	
9.0	
11.0	
11.0	
21.0	
19.0	
8.0	
5.0	
10.0	
8.0	
-3.0	
2.0	
0.0	
13.0	
4.0	
12.0	
23.0	
13.0	
2.0	
3.0	
8.0	
0.0	
7.0	
18.0	
18.0	
12.0	
12.0	
14.0	
18.0	
-7.0	
-1.0	
2.0	
-1.0	
2.0	
9.0	
12.0	
5.0	
0.0	
11.0	
13.0	
17.0	
27.0	
23.0	
26.0	
27.0	
17.0	
14.0	
20.0	
6.0	
2.0	
2.0	
8.0	
18.0	
18.0	
10.0	
5.0	
18.0	
15.0	
6.0	
6.0	
15.0	
19.0	
21.0	
7.0	
7.0	
17.0	
22.0	
16.0	
15.0	
9.0	
9.0	
17.0	
10.0	
22.0	
6.0	
12.0	
11.0	
15.0	
8.0	
7.0	
5.0	
16.0	
0.0	
-6.0	
16.0	
6.0	
-3.0	
-6.0	
0.0	
0.0	
0.0	
11.0	
3.0	
-3.0	
7.0	
1.0	
-6.0	
2.0	
0.0	
6.0	
9.0	
13.0	
12.0	
6.0	
6.0	
0.0	
0.0	
-4.0	
2.0	
-6.0	
-4.0	
-7.0	
-9.0	
6.0	
7.0	
5.0	
4.0	
2.0	
4.0	
-10.0	
9.0	
15.0	
11.0	
6.0	
-14.0	
-3.0	
7.0	
11.0	
12.0	
6.0	
-2.0	
5.0	
3.0	
-1.0	
-3.0	
-2.0	
4.0	
5.0	
1.0	
-3.0	
5.0	
0.0	
-6.0	
11.0	
4.0	
-6.0	
4.0	
0.0	
-7.0	
0.0	
-13.0	
-2.0	
-1.0	
-5.0	
1.0	
0.0	
-2.0	
-7.0	
-8.0	
0.0	
0.0	
-19.0	
-28.0	
-11.0	
4.0	
-5.0	
-13.0	
-10.0	
-22.0	
-15.0	
-16.0	
-14.0	
-23.0	
-6.0	
-6.0	
-21.0	
-29.0	
-12.0	
-15.0	
-18.0	
-3.0	
-10.0	
-12.0	
-15.0	
-28.0	
-28.0	
-26.0	
-28.0	
-9.0	
-15.0	
-33.0	
-19.0	
0.0	
-13.0	
-20.0	
-13.0	
-21.0	
-34.0	
-38.0	
-14.0	
-15.0	
-28.0	
-15.0	
-24.0	
-26.0	
-37.0	
-28.0	
-21.0	
-19.0	
-25.0	
-20.0	
-30.0	
-19.0	
-16.0	
-14.0	
-28.0	
-36.0	
-34.0	
-31.0	
-18.0	
-20.0	
-10.0	
-19.0	
-22.0	
-18.0	
-25.0	
-23.0	
-26.0	
-32.0	
-33.0	
-16.0	
-16.0	
-27.0	
-23.0	
-22.0	
-30.0	
-33.0	
-14.0	
-28.0	
-34.0	
-22.0	
-22.0	
-26.0	
-20.0	
-31.0	
-27.0	
-32.0	
-31.0	
-26.0	
-19.0	
-19.0	
-20.0	
-35.0	
-27.0	
-27.0	
-32.0	
-34.0	
-27.0	
-33.0	
-38.0	
