7.0	
0.0	
-13.0	
-30.0	
-15.0	
-21.0	
-47.0	
-45.0	
-32.0	
-60.0	
-75.0	
-78.0	
-83.0	
-81.0	
-96.0	
-101.0	
-101.0	
-104.0	
-117.0	
-119.0	
-120.0	
-121.0	
-128.0	
-132.0	
-140.0	
-135.0	
-141.0	
-146.0	
-130.0	
-126.0	
-139.0	
-142.0	
-143.0	
-136.0	
-130.0	
-126.0	
-126.0	
-130.0	
-120.0	
-107.0	
-115.0	
-107.0	
-115.0	
-103.0	
-87.0	
-86.0	
-93.0	
-85.0	
-69.0	
-57.0	
-58.0	
-55.0	
-43.0	
-25.0	
-32.0	
-37.0	
-5.0	
1.0	
5.0	
16.0	
29.0	
30.0	
46.0	
82.0	
76.0	
63.0	
83.0	
95.0	
98.0	
103.0	
117.0	
137.0	
141.0	
140.0	
152.0	
170.0	
180.0	
185.0	
191.0	
189.0	
207.0	
219.0	
220.0	
237.0	
240.0	
231.0	
244.0	
245.0	
251.0	
252.0	
259.0	
263.0	
280.0	
280.0	
285.0	
286.0	
282.0	
266.0	
275.0	
277.0	
269.0	
281.0	
274.0	
268.0	
256.0	
262.0	
268.0	
252.0	
239.0	
235.0	
232.0	
226.0	
229.0	
227.0	
210.0	
193.0	
190.0	
182.0	
170.0	
162.0	
150.0	
154.0	
140.0	
131.0	
137.0	
122.0	
110.0	
94.0	
84.0	
88.0	
79.0	
74.0	
68.0	
56.0	
38.0	
34.0	
33.0	
30.0	
15.0	
3.0	
1.0	
-3.0	
-11.0	
-12.0	
-9.0	
-4.0	
-22.0	
-17.0	
-12.0	
-7.0	
-8.0	
-18.0	
-22.0	
-14.0	
-16.0	
-3.0	
7.0	
18.0	
26.0	
28.0	
25.0	
41.0	
56.0	
62.0	
73.0	
73.0	
80.0	
103.0	
120.0	
125.0	
122.0	
145.0	
165.0	
166.0	
179.0	
194.0	
