15.0	
17.0	
11.0	
22.0	
32.0	
43.0	
39.0	
49.0	
57.0	
67.0	
74.0	
68.0	
62.0	
67.0	
88.0	
84.0	
78.0	
90.0	
92.0	
106.0	
112.0	
108.0	
114.0	
127.0	
128.0	
136.0	
136.0	
149.0	
150.0	
148.0	
147.0	
155.0	
158.0	
149.0	
152.0	
162.0	
186.0	
185.0	
191.0	
184.0	
192.0	
202.0	
207.0	
211.0	
220.0	
212.0	
218.0	
219.0	
224.0	
228.0	
229.0	
232.0	
233.0	
245.0	
254.0	
255.0	
260.0	
253.0	
255.0	
259.0	
254.0	
252.0	
268.0	
273.0	
280.0	
274.0	
285.0	
284.0	
295.0	
278.0	
276.0	
283.0	
287.0	
295.0	
301.0	
298.0	
292.0	
304.0	
307.0	
308.0	
304.0	
306.0	
316.0	
314.0	
309.0	
319.0	
312.0	
323.0	
328.0	
326.0	
316.0	
317.0	
323.0	
329.0	
335.0	
334.0	
320.0	
330.0	
315.0	
324.0	
315.0	
308.0	
314.0	
321.0	
325.0	
333.0	
326.0	
336.0	
345.0	
334.0	
331.0	
346.0	
329.0	
316.0	
334.0	
339.0	
334.0	
336.0	
322.0	
317.0	
329.0	
304.0	
321.0	
319.0	
314.0	
296.0	
297.0	
303.0	
314.0	
301.0	
307.0	
315.0	
299.0	
289.0	
297.0	
289.0	
294.0	
307.0	
300.0	
302.0	
293.0	
296.0	
293.0	
300.0	
287.0	
280.0	
283.0	
292.0	
287.0	
279.0	
297.0	
301.0	
296.0	
282.0	
277.0	
259.0	
245.0	
261.0	
261.0	
255.0	
243.0	
257.0	
251.0	
261.0	
263.0	
259.0	
255.0	
249.0	
248.0	
238.0	
246.0	
236.0	
244.0	
237.0	
244.0	
244.0	
231.0	
233.0	
235.0	
227.0	
209.0	
222.0	
210.0	
203.0	
217.0	
216.0	
212.0	
199.0	
198.0	
184.0	
188.0	
190.0	
189.0	
190.0	
185.0	
171.0	
187.0	
187.0	
175.0	
181.0	
171.0	
166.0	
159.0	
165.0	
153.0	
155.0	
163.0	
151.0	
141.0	
147.0	
140.0	
129.0	
127.0	
140.0	
133.0	
129.0	
119.0	
123.0	
118.0	
108.0	
111.0	
107.0	
101.0	
111.0	
102.0	
90.0	
92.0	
86.0	
92.0	
83.0	
77.0	
79.0	
91.0	
82.0	
78.0	
79.0	
58.0	
68.0	
60.0	
54.0	
45.0	
57.0	
40.0	
34.0	
43.0	
36.0	
44.0	
52.0	
36.0	
10.0	
17.0	
34.0	
33.0	
21.0	
19.0	
19.0	
7.0	
9.0	
1.0	
9.0	
10.0	
16.0	
-6.0	
-11.0	
5.0	
-1.0	
-10.0	
0.0	
-24.0	
-28.0	
-39.0	
-36.0	
-20.0	
-29.0	
-43.0	
-49.0	
-43.0	
-41.0	
-46.0	
-45.0	
-50.0	
-53.0	
-57.0	
-69.0	
-72.0	
-77.0	
-75.0	
-75.0	
-76.0	
-89.0	
-93.0	
-95.0	
-100.0	
-95.0	
-88.0	
-98.0	
-95.0	
-91.0	
-101.0	
-123.0	
-112.0	
-113.0	
-112.0	
-117.0	
-127.0	
-130.0	
-118.0	
-127.0	
-134.0	
-143.0	
-120.0	
-129.0	
-134.0	
-129.0	
-145.0	
-135.0	
-118.0	
-122.0	
-131.0	
-142.0	
-144.0	
-141.0	
-145.0	
-159.0	
-160.0	
-156.0	
-155.0	
-150.0	
-156.0	
-170.0	
-170.0	
-180.0	
-176.0	
-177.0	
-167.0	
-180.0	
-180.0	
-187.0	
-187.0	
-191.0	
-179.0	
-194.0	
-189.0	
-174.0	
-172.0	
-187.0	
-176.0	
-181.0	
-179.0	
-192.0	
-184.0	
-182.0	
-195.0	
-193.0	
-193.0	
-192.0	
-195.0	
-196.0	
-188.0	
-190.0	
-210.0	
-196.0	
-191.0	
-195.0	
-198.0	
-190.0	
-215.0	
-204.0	
-178.0	
-184.0	
-205.0	
-197.0	
-188.0	
-186.0	
-197.0	
-187.0	
-195.0	
-194.0	
-191.0	
-196.0	
-184.0	
-178.0	
-201.0	
-190.0	
-179.0	
-187.0	
-176.0	
-181.0	
-193.0	
-181.0	
-184.0	
-175.0	
-169.0	
-167.0	
-179.0	
-189.0	
-175.0	
-178.0	
-180.0	
-178.0	
-173.0	
-171.0	
-166.0	
-165.0	
-158.0	
-150.0	
-158.0	
-156.0	
-160.0	
-158.0	
-141.0	
-158.0	
-160.0	
-157.0	
-158.0	
-152.0	
-160.0	
-146.0	
-151.0	
-153.0	
-152.0	
-150.0	
-147.0	
-136.0	
-133.0	
-123.0	
-129.0	
-129.0	
-127.0	
-123.0	
-124.0	
-117.0	
-99.0	
-106.0	
-117.0	
-101.0	
-96.0	
-89.0	
-85.0	
-101.0	
-86.0	
-91.0	
-112.0	
-101.0	
-96.0	
-92.0	
-83.0	
-75.0	
-74.0	
-76.0	
-63.0	
-65.0	
-69.0	
-75.0	
-62.0	
-62.0	
-59.0	
-64.0	
-57.0	
-47.0	
-51.0	
-45.0	
-47.0	
-40.0	
-32.0	
-34.0	
-31.0	
-20.0	
-6.0	
-13.0	
-35.0	
-28.0	
-31.0	
-8.0	
-13.0	
-32.0	
-12.0	
0.0	
3.0	
2.0	
-7.0	
14.0	
4.0	
2.0	
16.0	
3.0	
11.0	
20.0	
23.0	
25.0	
23.0	
28.0	
26.0	
31.0	
32.0	
36.0	
47.0	
29.0	
30.0	
28.0	
37.0	
38.0	
42.0	
55.0	
54.0	
40.0	
49.0	
42.0	
33.0	
54.0	
63.0	
63.0	
64.0	
63.0	
72.0	
58.0	
78.0	
79.0	
72.0	
79.0	
80.0	
79.0	
83.0	
81.0	
68.0	
93.0	
93.0	
88.0	
92.0	
85.0	
106.0	
98.0	
84.0	
84.0	
91.0	
99.0	
98.0	
108.0	
103.0	
103.0	
103.0	
99.0	
104.0	
119.0	
111.0	
106.0	
120.0	
121.0	
108.0	
120.0	
124.0	
133.0	
125.0	
120.0	
115.0	
124.0	
119.0	
116.0	
132.0	
129.0	
122.0	
125.0	
134.0	
135.0	
124.0	
130.0	
132.0	
125.0	
129.0	
134.0	
136.0	
124.0	
122.0	
136.0	
127.0	
120.0	
121.0	
122.0	
119.0	
141.0	
143.0	
132.0	
129.0	
122.0	
122.0	
127.0	
134.0	
118.0	
128.0	
131.0	
128.0	
138.0	
135.0	
121.0	
122.0	
124.0	
129.0	
126.0	
122.0	
114.0	
109.0	
130.0	
140.0	
129.0	
125.0	
126.0	
110.0	
118.0	
134.0	
123.0	
136.0	
137.0	
134.0	
121.0	
127.0	
119.0	
121.0	
136.0	
126.0	
124.0	
122.0	
127.0	
124.0	
125.0	
126.0	
124.0	
119.0	
119.0	
122.0	
114.0	
117.0	
121.0	
125.0	
124.0	
109.0	
109.0	
115.0	
113.0	
108.0	
109.0	
120.0	
113.0	
106.0	
110.0	
110.0	
119.0	
129.0	
115.0	
116.0	
112.0	
111.0	
98.0	
89.0	
90.0	
94.0	
95.0	
85.0	
94.0	
88.0	
105.0	
102.0	
97.0	
85.0	
92.0	
101.0	
112.0	
100.0	
95.0	
97.0	
93.0	
96.0	
97.0	
87.0	
90.0	
103.0	
103.0	
96.0	
92.0	
73.0	
81.0	
92.0	
87.0	
85.0	
97.0	
98.0	
85.0	
73.0	
75.0	
71.0	
79.0	
89.0	
81.0	
65.0	
71.0	
79.0	
80.0	
90.0	
77.0	
69.0	
72.0	
67.0	
66.0	
67.0	
63.0	
57.0	
61.0	
66.0	
45.0	
45.0	
64.0	
47.0	
45.0	
37.0	
47.0	
47.0	
37.0	
46.0	
33.0	
25.0	
34.0	
50.0	
45.0	
28.0	
20.0	
38.0	
37.0	
25.0	
33.0	
23.0	
27.0	
25.0	
24.0	
30.0	
30.0	
28.0	
14.0	
12.0	
15.0	
12.0	
11.0	
3.0	
17.0	
12.0	
8.0	
-1.0	
0.0	
-7.0	
1.0	
6.0	
-4.0	
-9.0	
-1.0	
-4.0	
-8.0	
-13.0	
-6.0	
1.0	
-14.0	
-15.0	
-16.0	
-25.0	
-9.0	
-11.0	
-17.0	
-21.0	
-17.0	
-19.0	
-23.0	
-18.0	
-25.0	
-39.0	
-27.0	
-42.0	
-55.0	
-40.0	
-29.0	
-28.0	
-33.0	
-30.0	
-41.0	
-55.0	
-48.0	
-40.0	
-45.0	
-38.0	
-49.0	
-59.0	
-46.0	
-51.0	
-53.0	
-56.0	
-50.0	
-54.0	
-61.0	
-57.0	
-60.0	
-56.0	
-65.0	
-63.0	
-66.0	
-76.0	
-80.0	
-67.0	
-67.0	
-79.0	
-78.0	
-74.0	
-79.0	
-85.0	
-82.0	
-84.0	
-89.0	
-84.0	
-84.0	
-83.0	
-79.0	
-75.0	
-80.0	
-83.0	
-93.0	
-90.0	
-87.0	
-94.0	
-94.0	
-77.0	
-95.0	
-75.0	
-84.0	
-99.0	
-89.0	
-90.0	
-89.0	
-93.0	
-91.0	
-97.0	
-100.0	
-104.0	
-88.0	
-96.0	
-104.0	
-96.0	
-93.0	
-108.0	
-111.0	
-93.0	
-83.0	
-83.0	
-90.0	
-86.0	
-88.0	
-87.0	
-92.0	
-81.0	
-72.0	
-69.0	
-77.0	
-90.0	
-90.0	
-89.0	
-75.0	
-91.0	
-91.0	
-84.0	
-92.0	
-100.0	
-81.0	
-77.0	
-69.0	
-64.0	
-70.0	
-86.0	
-73.0	
-68.0	
-68.0	
-66.0	
-64.0	
-62.0	
-60.0	
-47.0	
-48.0	
-78.0	
-57.0	
-59.0	
-48.0	
-53.0	
-45.0	
-44.0	
-43.0	
-49.0	
-31.0	
-25.0	
-39.0	
-34.0	
-32.0	
-25.0	
-22.0	
-14.0	
-16.0	
-9.0	
-30.0	
-33.0	
-16.0	
-10.0	
-8.0	
-19.0	
-15.0	
-4.0	
-2.0	
-13.0	
-12.0	
-6.0	
2.0	
1.0	
4.0	
