-139.0	
-139.0	
-148.0	
-159.0	
-161.0	
-164.0	
-168.0	
-173.0	
-183.0	
-196.0	
-206.0	
-212.0	
-214.0	
-193.0	
-218.0	
-215.0	
-225.0	
-233.0	
-239.0	
-243.0	
-240.0	
-248.0	
-243.0	
-256.0	
-259.0	
-252.0	
-253.0	
-257.0	
-271.0	
-269.0	
-268.0	
-268.0	
-283.0	
-275.0	
-276.0	
-270.0	
-273.0	
-277.0	
-285.0	
-292.0	
-280.0	
-295.0	
-287.0	
-290.0	
-300.0	
-305.0	
-301.0	
-301.0	
-284.0	
-288.0	
-301.0	
-291.0	
-291.0	
-280.0	
-289.0	
-300.0	
-295.0	
-293.0	
-293.0	
-282.0	
-277.0	
-299.0	
-291.0	
-277.0	
-285.0	
-293.0	
-282.0	
-282.0	
-260.0	
-275.0	
-267.0	
-280.0	
-276.0	
-271.0	
-275.0	
-276.0	
-272.0	
-257.0	
-249.0	
-257.0	
-240.0	
-248.0	
-255.0	
-247.0	
-239.0	
-240.0	
-231.0	
-225.0	
-220.0	
-223.0	
-221.0	
-219.0	
-219.0	
-213.0	
-205.0	
-212.0	
-208.0	
-195.0	
-189.0	
-189.0	
-174.0	
-182.0	
-190.0	
-166.0	
-166.0	
-175.0	
-174.0	
-152.0	
-151.0	
-152.0	
-147.0	
-148.0	
-148.0	
-147.0	
-139.0	
-132.0	
-119.0	
-136.0	
-130.0	
-127.0	
-129.0	
-99.0	
-108.0	
-119.0	
-109.0	
-101.0	
-111.0	
-100.0	
-96.0	
-103.0	
-98.0	
-95.0	
-87.0	
-80.0	
-93.0	
-93.0	
-77.0	
-80.0	
-81.0	
-71.0	
-74.0	
-63.0	
-77.0	
-80.0	
-54.0	
-61.0	
-66.0	
-68.0	
-68.0	
-72.0	
-53.0	
-63.0	
-52.0	
-62.0	
-65.0	
-60.0	
-57.0	
-54.0	
-46.0	
-51.0	
-58.0	
-71.0	
-80.0	
-77.0	
-75.0	
-68.0	
-63.0	
-64.0	
-71.0	
-73.0	
-74.0	
-78.0	
-81.0	
-69.0	
-60.0	
-75.0	
-92.0	
-94.0	
-86.0	
-102.0	
-95.0	
-91.0	
-90.0	
-105.0	
-108.0	
-106.0	
-122.0	
-108.0	
-119.0	
-116.0	
-107.0	
-120.0	
-134.0	
-137.0	
-128.0	
-128.0	
-138.0	
-146.0	
-128.0	
-121.0	
-137.0	
-148.0	
-147.0	
-146.0	
-145.0	
-149.0	
-150.0	
-157.0	
-149.0	
-162.0	
-162.0	
-160.0	
-161.0	
-181.0	
-182.0	
-173.0	
-175.0	
-170.0	
-182.0	
-168.0	
-160.0	
-179.0	
-178.0	
-177.0	
-172.0	
-169.0	
-189.0	
-187.0	
-177.0	
-186.0	
-188.0	
-186.0	
-174.0	
-178.0	
-180.0	
-179.0	
-204.0	
-202.0	
-179.0	
-181.0	
-181.0	
-187.0	
-180.0	
-166.0	
-174.0	
-181.0	
-179.0	
-170.0	
-174.0	
-171.0	
-165.0	
-177.0	
-172.0	
-171.0	
-165.0	
-141.0	
-147.0	
-143.0	
-150.0	
-144.0	
-138.0	
-151.0	
-147.0	
-147.0	
-136.0	
-135.0	
-143.0	
-127.0	
-129.0	
-133.0	
-118.0	
-111.0	
-112.0	
-92.0	
-102.0	
-98.0	
-99.0	
-88.0	
-94.0	
-92.0	
-88.0	
-89.0	
-68.0	
