36.0	
29.0	
13.0	
1.0	
23.0	
21.0	
2.0	
3.0	
2.0	
-4.0	
-12.0	
-31.0	
-43.0	
-31.0	
-35.0	
-48.0	
-57.0	
-82.0	
-75.0	
-82.0	
-92.0	
-97.0	
-96.0	
-108.0	
-106.0	
-115.0	
-115.0	
-126.0	
-149.0	
-150.0	
-157.0	
-147.0	
-154.0	
-147.0	
-161.0	
-178.0	
-180.0	
-181.0	
-187.0	
-201.0	
-197.0	
-201.0	
-205.0	
-218.0	
-209.0	
-218.0	
-230.0	
-229.0	
-228.0	
-225.0	
-229.0	
-249.0	
-246.0	
-242.0	
-251.0	
-246.0	
-248.0	
-246.0	
-256.0	
-252.0	
-252.0	
-254.0	
-267.0	
-260.0	
-254.0	
-271.0	
-270.0	
-245.0	
-245.0	
-246.0	
-254.0	
-249.0	
-257.0	
-242.0	
-243.0	
-242.0	
-244.0	
-236.0	
-237.0	
-214.0	
-214.0	
-218.0	
-218.0	
-226.0	
-196.0	
-192.0	
-192.0	
-187.0	
-182.0	
-178.0	
-177.0	
-181.0	
-166.0	
-156.0	
-144.0	
-141.0	
-150.0	
-145.0	
-126.0	
-109.0	
-110.0	
-100.0	
-102.0	
-101.0	
-75.0	
-81.0	
-74.0	
-63.0	
-47.0	
-47.0	
-37.0	
-30.0	
-15.0	
-26.0	
-16.0	
-11.0	
-12.0	
1.0	
14.0	
29.0	
25.0	
39.0	
46.0	
39.0	
50.0	
63.0	
62.0	
74.0	
76.0	
80.0	
86.0	
91.0	
106.0	
113.0	
131.0	
138.0	
142.0	
136.0	
149.0	
168.0	
168.0	
158.0	
166.0	
175.0	
181.0	
192.0	
192.0	
190.0	
194.0	
208.0	
208.0	
218.0	
208.0	
218.0	
228.0	
233.0	
240.0	
243.0	
241.0	
254.0	
262.0	
266.0	
272.0	
262.0	
256.0	
278.0	
282.0	
277.0	
280.0	
292.0	
302.0	
295.0	
292.0	
299.0	
296.0	
309.0	
313.0	
293.0	
308.0	
306.0	
294.0	
303.0	
302.0	
304.0	
301.0	
295.0	
305.0	
303.0	
297.0	
290.0	
298.0	
307.0	
294.0	
283.0	
279.0	
273.0	
275.0	
281.0	
266.0	
262.0	
269.0	
269.0	
258.0	
251.0	
236.0	
217.0	
215.0	
214.0	
204.0	
199.0	
214.0	
202.0	
194.0	
188.0	
182.0	
181.0	
173.0	
170.0	
166.0	
158.0	
139.0	
130.0	
118.0	
124.0	
112.0	
105.0	
98.0	
98.0	
98.0	
90.0	
63.0	
49.0	
45.0	
39.0	
33.0	
31.0	
44.0	
23.0	
10.0	
8.0	
3.0	
-10.0	
-19.0	
-17.0	
-35.0	
-40.0	
-54.0	
-47.0	
-48.0	
-61.0	
-61.0	
-75.0	
-98.0	
-99.0	
-93.0	
-102.0	
-128.0	
-118.0	
-122.0	
-140.0	
-140.0	
-156.0	
-153.0	
-159.0	
-169.0	
-183.0	
-180.0	
-185.0	
-188.0	
-179.0	
-177.0	
-180.0	
-196.0	
-194.0	
-198.0	
-193.0	
-196.0	
-198.0	
-208.0	
-217.0	
-221.0	
-223.0	
-225.0	
-222.0	
-239.0	
-242.0	
-229.0	
-237.0	
-235.0	
-237.0	
-242.0	
-254.0	
-250.0	
-236.0	
-238.0	
-247.0	
-240.0	
-241.0	
-233.0	
-241.0	
-252.0	
-249.0	
-234.0	
-235.0	
-251.0	
-249.0	
-247.0	
-240.0	
-249.0	
-251.0	
-243.0	
-228.0	
-233.0	
-232.0	
-235.0	
-236.0	
-232.0	
-223.0	
-229.0	
-223.0	
-215.0	
-219.0	
-217.0	
-210.0	
-222.0	
-218.0	
-208.0	
-193.0	
-202.0	
-188.0	
-188.0	
-205.0	
-189.0	
-188.0	
-191.0	
-186.0	
-185.0	
-183.0	
-186.0	
-179.0	
-177.0	
-169.0	
-168.0	
-155.0	
-155.0	
-155.0	
-162.0	
-143.0	
-129.0	
-139.0	
-138.0	
-129.0	
-133.0	
-134.0	
-125.0	
-137.0	
-128.0	
-110.0	
-115.0	
-110.0	
-100.0	
-98.0	
-82.0	
-84.0	
-94.0	
-85.0	
-71.0	
-83.0	
-74.0	
-73.0	
-63.0	
-48.0	
-58.0	
-47.0	
-37.0	
-24.0	
-20.0	
-31.0	
-17.0	
-21.0	
-18.0	
-6.0	
-6.0	
-6.0	
19.0	
14.0	
38.0	
28.0	
23.0	
28.0	
28.0	
28.0	
45.0	
45.0	
61.0	
56.0	
65.0	
78.0	
71.0	
80.0	
86.0	
88.0	
89.0	
92.0	
110.0	
121.0	
122.0	
131.0	
133.0	
125.0	
141.0	
150.0	
163.0	
164.0	
165.0	
163.0	
162.0	
173.0	
173.0	
182.0	
190.0	
175.0	
179.0	
202.0	
203.0	
197.0	
186.0	
210.0	
201.0	
202.0	
205.0	
190.0	
183.0	
185.0	
197.0	
206.0	
200.0	
197.0	
204.0	
206.0	
200.0	
200.0	
192.0	
189.0	
188.0	
200.0	
207.0	
192.0	
184.0	
194.0	
200.0	
192.0	
187.0	
185.0	
178.0	
186.0	
173.0	
172.0	
168.0	
154.0	
157.0	
151.0	
150.0	
142.0	
134.0	
128.0	
145.0	
141.0	
130.0	
127.0	
137.0	
132.0	
115.0	
137.0	
129.0	
118.0	
122.0	
120.0	
120.0	
126.0	
122.0	
128.0	
125.0	
117.0	
124.0	
114.0	
108.0	
113.0	
111.0	
106.0	
99.0	
111.0	
106.0	
110.0	
90.0	
96.0	
100.0	
90.0	
104.0	
81.0	
71.0	
78.0	
71.0	
70.0	
76.0	
80.0	
68.0	
67.0	
66.0	
45.0	
45.0	
58.0	
62.0	
53.0	
50.0	
54.0	
47.0	
31.0	
20.0	
35.0	
38.0	
28.0	
32.0	
19.0	
25.0	
22.0	
21.0	
20.0	
6.0	
0.0	
-1.0	
13.0	
-9.0	
-15.0	
-7.0	
-17.0	
-9.0	
3.0	
-14.0	
-3.0	
0.0	
5.0	
-2.0	
-10.0	
-21.0	
-19.0	
-18.0	
-28.0	
-27.0	
-19.0	
-35.0	
-40.0	
-28.0	
-24.0	
-28.0	
-37.0	
-37.0	
-41.0	
-50.0	
-58.0	
-56.0	
-64.0	
-62.0	
-58.0	
-50.0	
-57.0	
-60.0	
-64.0	
-73.0	
-72.0	
-73.0	
-77.0	
-72.0	
-78.0	
-89.0	
-78.0	
-84.0	
-90.0	
-77.0	
-79.0	
-73.0	
-80.0	
-89.0	
-82.0	
-89.0	
-84.0	
-79.0	
-78.0	
-83.0	
-88.0	
-82.0	
-80.0	
-72.0	
-82.0	
-89.0	
-74.0	
-80.0	
-79.0	
-81.0	
-80.0	
-88.0	
-72.0	
-65.0	
-81.0	
-74.0	
-78.0	
-78.0	
-87.0	
-67.0	
-78.0	
-79.0	
-53.0	
-51.0	
-70.0	
-66.0	
-62.0	
-67.0	
-63.0	
-53.0	
-46.0	
-66.0	
-67.0	
-57.0	
-64.0	
-45.0	
-41.0	
-58.0	
-66.0	
-53.0	
