70.0	
47.0	
36.0	
9.0	
0.0	
9.0	
-5.0	
-18.0	
-19.0	
-44.0	
-57.0	
-70.0	
-77.0	
-85.0	
-97.0	
-103.0	
-122.0	
-134.0	
-137.0	
-145.0	
-158.0	
-163.0	
-174.0	
-189.0	
-192.0	
-197.0	
-212.0	
-210.0	
-227.0	
-247.0	
-242.0	
-259.0	
-255.0	
-257.0	
-275.0	
-294.0	
-303.0	
-307.0	
-309.0	
-332.0	
-338.0	
-324.0	
-346.0	
-371.0	
-369.0	
-366.0	
-371.0	
-394.0	
-391.0	
-414.0	
-431.0	
-424.0	
-441.0	
-438.0	
-459.0	
-461.0	
-471.0	
-489.0	
-491.0	
-495.0	
-510.0	
-515.0	
-524.0	
-543.0	
-539.0	
-543.0	
-566.0	
-571.0	
-585.0	
-586.0	
-580.0	
-587.0	
-591.0	
-606.0	
-615.0	
-644.0	
-638.0	
-633.0	
-652.0	
-650.0	
-661.0	
-657.0	
-657.0	
-680.0	
-692.0	
-680.0	
-689.0	
-694.0	
-694.0	
-700.0	
-708.0	
-706.0	
-713.0	
-709.0	
-711.0	
-722.0	
-725.0	
-726.0	
-719.0	
-705.0	
-726.0	
-737.0	
-713.0	
-720.0	
-726.0	
-728.0	
-721.0	
-721.0	
-716.0	
-718.0	
-720.0	
-737.0	
-738.0	
-732.0	
-735.0	
-727.0	
-723.0	
-728.0	
-714.0	
-722.0	
-716.0	
-726.0	
-734.0	
-717.0	
-718.0	
-715.0	
-715.0	
-709.0	
-706.0	
-710.0	
-717.0	
-724.0	
-724.0	
-725.0	
-714.0	
-702.0	
-710.0	
-721.0	
-719.0	
-721.0	
-728.0	
-717.0	
-721.0	
-724.0	
-714.0	
-712.0	
-720.0	
-706.0	
-712.0	
-710.0	
-695.0	
-710.0	
-713.0	
-701.0	
-709.0	
-701.0	
-702.0	
-704.0	
-709.0	
-702.0	
-707.0	
-706.0	
-700.0	
-694.0	
-697.0	
-688.0	
-688.0	
-676.0	
-678.0	
-677.0	
-679.0	
-685.0	
-688.0	
-658.0	
-661.0	
-670.0	
-663.0	
-662.0	
-651.0	
-650.0	
-644.0	
-636.0	
-631.0	
-607.0	
-613.0	
-624.0	
-598.0	
-582.0	
-583.0	
-585.0	
-586.0	
-580.0	
-577.0	
-574.0	
-561.0	
-558.0	
-541.0	
-540.0	
-556.0	
-531.0	
-547.0	
-533.0	
-518.0	
-523.0	
-514.0	
-507.0	
-511.0	
-505.0	
-492.0	
-476.0	
-471.0	
-458.0	
-449.0	
-450.0	
-446.0	
-440.0	
-436.0	
-423.0	
-426.0	
-419.0	
-407.0	
-394.0	
-393.0	
-388.0	
-373.0	
-369.0	
-361.0	
-360.0	
-350.0	
-338.0	
-335.0	
-322.0	
-318.0	
-317.0	
-317.0	
-290.0	
-280.0	
-284.0	
-277.0	
-278.0	
-260.0	
-261.0	
-241.0	
-235.0	
-228.0	
-215.0	
-215.0	
-217.0	
-207.0	
-204.0	
-193.0	
-177.0	
-169.0	
-163.0	
-149.0	
-160.0	
-143.0	
-139.0	
-137.0	
-128.0	
-129.0	
-106.0	
-89.0	
-98.0	
-97.0	
-65.0	
-53.0	
-59.0	
-52.0	
-45.0	
-24.0	
-20.0	
-15.0	
-22.0	
-5.0	
5.0	
11.0	
19.0	
33.0	
46.0	
48.0	
50.0	
64.0	
68.0	
79.0	
86.0	
92.0	
103.0	
118.0	
113.0	
124.0	
134.0	
140.0	
146.0	
158.0	
171.0	
165.0	
174.0	
190.0	
198.0	
201.0	
208.0	
206.0	
213.0	
225.0	
232.0	
248.0	
252.0	
257.0	
279.0	
284.0	
279.0	
295.0	
297.0	
294.0	
320.0	
314.0	
315.0	
335.0	
340.0	
358.0	
357.0	
363.0	
366.0	
382.0	
393.0	
387.0	
392.0	
410.0	
416.0	
422.0	
426.0	
432.0	
434.0	
447.0	
455.0	
468.0	
474.0	
473.0	
482.0	
478.0	
494.0	
508.0	
501.0	
509.0	
510.0	
523.0	
528.0	
535.0	
531.0	
528.0	
535.0	
539.0	
539.0	
554.0	
567.0	
566.0	
562.0	
561.0	
553.0	
569.0	
578.0	
582.0	
578.0	
589.0	
589.0	
593.0	
590.0	
598.0	
598.0	
596.0	
604.0	
618.0	
612.0	
608.0	
613.0	
622.0	
627.0	
633.0	
618.0	
619.0	
622.0	
616.0	
633.0	
637.0	
633.0	
633.0	
641.0	
631.0	
641.0	
639.0	
636.0	
639.0	
642.0	
642.0	
646.0	
652.0	
644.0	
641.0	
634.0	
646.0	
653.0	
651.0	
631.0	
622.0	
624.0	
622.0	
617.0	
614.0	
612.0	
621.0	
619.0	
600.0	
600.0	
598.0	
597.0	
603.0	
600.0	
601.0	
599.0	
590.0	
592.0	
597.0	
588.0	
579.0	
578.0	
576.0	
558.0	
559.0	
559.0	
548.0	
551.0	
543.0	
541.0	
529.0	
533.0	
529.0	
521.0	
525.0	
526.0	
522.0	
513.0	
495.0	
499.0	
509.0	
490.0	
496.0	
492.0	
478.0	
476.0	
466.0	
458.0	
470.0	
460.0	
448.0	
437.0	
440.0	
438.0	
443.0	
432.0	
443.0	
415.0	
416.0	
410.0	
401.0	
384.0	
386.0	
392.0	
394.0	
381.0	
360.0	
362.0	
362.0	
353.0	
348.0	
336.0	
323.0	
325.0	
314.0	
303.0	
309.0	
293.0	
277.0	
286.0	
285.0	
274.0	
258.0	
265.0	
259.0	
253.0	
253.0	
241.0	
219.0	
215.0	
205.0	
208.0	
204.0	
195.0	
175.0	
169.0	
159.0	
150.0	
146.0	
149.0	
138.0	
128.0	
133.0	
115.0	
107.0	
109.0	
103.0	
105.0	
90.0	
87.0	
74.0	
61.0	
62.0	
61.0	
48.0	
34.0	
32.0	
34.0	
26.0	
12.0	
0.0	
-2.0	
3.0	
-4.0	
-20.0	
-22.0	
-36.0	
-55.0	
-70.0	
-79.0	
-79.0	
-78.0	
-87.0	
-104.0	
-104.0	
-105.0	
-110.0	
-112.0	
-131.0	
-130.0	
-138.0	
-152.0	
-146.0	
-154.0	
-175.0	
-190.0	
-178.0	
-181.0	
-196.0	
-207.0	
-222.0	
-228.0	
-227.0	
-237.0	
-234.0	
-250.0	
-258.0	
-254.0	
-265.0	
-274.0	
-273.0	
-289.0	
-285.0	
-277.0	
-292.0	
-299.0	
-307.0	
-309.0	
-317.0	
-330.0	
-338.0	
-333.0	
-328.0	
-337.0	
-354.0	
-370.0	
-373.0	
-378.0	
-376.0	
-373.0	
-390.0	
-396.0	
-397.0	
-401.0	
-399.0	
-402.0	
-418.0	
-426.0	
-424.0	
-432.0	
-436.0	
-446.0	
-443.0	
-436.0	
-445.0	
-446.0	
-448.0	
-450.0	
-461.0	
-459.0	
-472.0	
-469.0	
-483.0	
-478.0	
-478.0	
-477.0	
-492.0	
-502.0	
-490.0	
-497.0	
-510.0	
-499.0	
-500.0	
-515.0	
-514.0	
-513.0	
-517.0	
-523.0	
-520.0	
-519.0	
-529.0	
-539.0	
-519.0	
-539.0	
-551.0	
-548.0	
-535.0	
-541.0	
-552.0	
-541.0	
-556.0	
-554.0	
-548.0	
-548.0	
-570.0	
-567.0	
-569.0	
-575.0	
-557.0	
-561.0	
-572.0	
-580.0	
-580.0	
-576.0	
-581.0	
-586.0	
-579.0	
-562.0	
-576.0	
-574.0	
-577.0	
-585.0	
-583.0	
-574.0	
-570.0	
-578.0	
-583.0	
-578.0	
-580.0	
-578.0	
-566.0	
-569.0	
-580.0	
-569.0	
-568.0	
-570.0	
-575.0	
-571.0	
-564.0	
-566.0	
-566.0	
-562.0	
-562.0	
-553.0	
-568.0	
-574.0	
-566.0	
-570.0	
-571.0	
-567.0	
-561.0	
-555.0	
-543.0	
-558.0	
-568.0	
-552.0	
-558.0	
-568.0	
-555.0	
-552.0	
-554.0	
-549.0	
-551.0	
-542.0	
-543.0	
-542.0	
-537.0	
-524.0	
-511.0	
-523.0	
-520.0	
-525.0	
-518.0	
-520.0	
-517.0	
-519.0	
-514.0	
-514.0	
-513.0	
-508.0	
-498.0	
-506.0	
-513.0	
-515.0	
-511.0	
-496.0	
-499.0	
-498.0	
-478.0	
-493.0	
-488.0	
-481.0	
-482.0	
-473.0	
-477.0	
-471.0	
-462.0	
-469.0	
-470.0	
-460.0	
-462.0	
-454.0	
-456.0	
-442.0	
-458.0	
-443.0	
-430.0	
-445.0	
-431.0	
-427.0	
-424.0	
-421.0	
-425.0	
-432.0	
-422.0	
-413.0	
-407.0	
-394.0	
-395.0	
-385.0	
-396.0	
-378.0	
-392.0	
-385.0	
-371.0	
-379.0	
-373.0	
-368.0	
-359.0	
-349.0	
-344.0	
-350.0	
-357.0	
-346.0	
-342.0	
-335.0	
-322.0	
-337.0	
-332.0	
-306.0	
-310.0	
-311.0	
-311.0	
-307.0	
-301.0	
