-259.0	
-251.0	
-258.0	
-253.0	
-247.0	
-260.0	
-257.0	
-260.0	
-258.0	
-273.0	
-264.0	
-262.0	
-282.0	
-266.0	
-268.0	
-271.0	
-279.0	
-279.0	
-265.0	
-269.0	
-287.0	
-273.0	
-286.0	
-279.0	
-284.0	
-280.0	
-293.0	
-284.0	
-270.0	
-267.0	
-268.0	
-279.0	
-278.0	
-278.0	
-284.0	
-280.0	
-294.0	
-298.0	
-290.0	
-280.0	
-295.0	
-311.0	
-291.0	
-287.0	
-286.0	
-289.0	
-275.0	
-279.0	
-299.0	
-300.0	
-295.0	
-300.0	
-296.0	
-294.0	
-294.0	
-310.0	
-306.0	
-298.0	
-304.0	
-308.0	
-300.0	
-308.0	
-294.0	
-294.0	
-306.0	
-316.0	
-309.0	
-317.0	
-321.0	
-318.0	
-317.0	
-310.0	
-313.0	
-309.0	
-306.0	
-312.0	
-320.0	
-318.0	
-315.0	
-326.0	
-325.0	
-335.0	
-326.0	
-328.0	
-322.0	
-320.0	
-323.0	
-314.0	
-307.0	
-320.0	
-308.0	
-310.0	
-323.0	
-325.0	
-321.0	
-305.0	
-312.0	
-312.0	
-313.0	
-312.0	
-323.0	
-321.0	
-314.0	
-312.0	
-312.0	
-310.0	
-310.0	
-312.0	
-319.0	
-319.0	
-309.0	
-303.0	
-306.0	
-311.0	
-313.0	
-324.0	
-315.0	
-315.0	
-315.0	
-315.0	
-314.0	
-315.0	
-306.0	
-322.0	
-329.0	
-316.0	
-306.0	
-302.0	
-310.0	
-312.0	
-306.0	
-311.0	
-308.0	
-302.0	
-300.0	
-308.0	
-299.0	
-285.0	
-299.0	
-296.0	
-288.0	
-297.0	
-281.0	
-270.0	
-275.0	
-276.0	
-285.0	
-274.0	
-279.0	
-284.0	
-275.0	
-271.0	
-265.0	
-279.0	
-280.0	
-267.0	
-266.0	
-255.0	
-265.0	
-261.0	
-257.0	
-255.0	
-259.0	
-267.0	
-262.0	
-252.0	
-241.0	
-240.0	
-236.0	
-227.0	
-226.0	
-232.0	
-239.0	
-226.0	
-224.0	
-228.0	
-232.0	
-239.0	
-230.0	
-217.0	
-217.0	
-219.0	
-220.0	
-213.0	
-203.0	
-190.0	
-185.0	
-189.0	
-194.0	
-192.0	
-177.0	
-180.0	
-183.0	
-175.0	
-167.0	
-188.0	
-177.0	
-164.0	
-176.0	
-182.0	
-173.0	
-172.0	
-162.0	
-163.0	
-158.0	
-155.0	
-155.0	
-169.0	
-157.0	
-155.0	
-145.0	
-141.0	
-147.0	
-132.0	
-128.0	
-123.0	
-128.0	
-120.0	
-108.0	
-113.0	
-114.0	
-114.0	
-118.0	
-121.0	
-102.0	
-115.0	
-105.0	
-105.0	
-101.0	
-91.0	
-90.0	
-90.0	
-92.0	
-90.0	
-74.0	
-81.0	
-81.0	
-81.0	
-69.0	
-67.0	
-73.0	
-64.0	
-60.0	
-73.0	
-75.0	
-68.0	
-59.0	
-53.0	
-40.0	
-34.0	
-45.0	
-51.0	
-38.0	
-43.0	
-49.0	
-38.0	
-42.0	
-50.0	
-49.0	
-45.0	
-28.0	
-23.0	
-19.0	
-25.0	
-19.0	
-23.0	
-13.0	
-12.0	
-8.0	
-2.0	
-11.0	
-18.0	
-13.0	
-14.0	
0.0	
0.0	
-12.0	
-4.0	
-7.0	
-14.0	
-11.0	
-7.0	
-1.0	
0.0	
3.0	
1.0	
0.0	
10.0	
0.0	
8.0	
6.0	
-8.0	
1.0	
4.0	
6.0	
0.0	
3.0	
4.0	
8.0	
11.0	
8.0	
30.0	
27.0	
23.0	
17.0	
13.0	
14.0	
13.0	
7.0	
21.0	
21.0	
14.0	
23.0	
29.0	
17.0	
16.0	
25.0	
15.0	
28.0	
21.0	
26.0	
18.0	
24.0	
22.0	
23.0	
30.0	
30.0	
30.0	
31.0	
38.0	
32.0	
27.0	
40.0	
42.0	
40.0	
58.0	
51.0	
48.0	
49.0	
41.0	
37.0	
31.0	
39.0	
48.0	
50.0	
51.0	
37.0	
27.0	
35.0	
47.0	
48.0	
36.0	
30.0	
22.0	
22.0	
31.0	
30.0	
42.0	
38.0	
29.0	
55.0	
42.0	
32.0	
39.0	
41.0	
30.0	
30.0	
43.0	
37.0	
38.0	
42.0	
32.0	
38.0	
27.0	
25.0	
38.0	
29.0	
29.0	
36.0	
25.0	
24.0	
33.0	
33.0	
26.0	
39.0	
41.0	
40.0	
27.0	
22.0	
25.0	
18.0	
24.0	
18.0	
13.0	
15.0	
18.0	
29.0	
41.0	
22.0	
19.0	
0.0	
5.0	
19.0	
2.0	
4.0	
2.0	
2.0	
-1.0	
1.0	
10.0	
6.0	
2.0	
6.0	
-4.0	
-17.0	
-11.0	
-2.0	
7.0	
-4.0	
-5.0	
-13.0	
-15.0	
-13.0	
-16.0	
-4.0	
5.0	
-13.0	
-26.0	
-14.0	
-12.0	
-11.0	
-36.0	
-28.0	
-31.0	
-32.0	
-8.0	
-24.0	
-38.0	
-34.0	
-38.0	
-27.0	
-27.0	
-38.0	
-42.0	
-50.0	
-52.0	
-41.0	
-44.0	
-52.0	
-54.0	
-44.0	
-56.0	
-55.0	
-52.0	
-42.0	
-52.0	
-57.0	
-53.0	
-59.0	
-57.0	
-77.0	
-63.0	
-55.0	
-60.0	
-70.0	
-94.0	
-99.0	
-79.0	
-88.0	
-76.0	
-65.0	
-81.0	
-81.0	
-74.0	
-74.0	
-74.0	
-87.0	
-87.0	
-80.0	
-87.0	
-95.0	
-74.0	
-98.0	
-110.0	
-98.0	
-107.0	
-112.0	
-99.0	
-101.0	
-98.0	
-108.0	
-107.0	
-113.0	
-118.0	
-111.0	
-118.0	
-117.0	
-133.0	
-130.0	
-126.0	
-122.0	
-125.0	
-117.0	
-141.0	
-139.0	
-127.0	
-127.0	
-130.0	
-135.0	
-137.0	
-129.0	
-125.0	
-133.0	
-143.0	
-155.0	
-135.0	
-128.0	
-141.0	
-130.0	
-142.0	
-144.0	
-152.0	
-147.0	
-152.0	
-150.0	
-149.0	
-147.0	
-157.0	
-150.0	
-163.0	
-169.0	
-160.0	
-170.0	
-182.0	
-181.0	
-168.0	
-170.0	
-188.0	
-178.0	
-166.0	
-171.0	
-190.0	
-175.0	
-178.0	
-175.0	
-179.0	
-180.0	
-172.0	
-188.0	
-179.0	
-182.0	
-172.0	
-175.0	
-196.0	
-179.0	
-185.0	
-184.0	
-192.0	
-189.0	
-186.0	
-183.0	
-181.0	
-192.0	
-194.0	
-203.0	
-204.0	
-197.0	
-195.0	
-202.0	
-210.0	
-190.0	
-199.0	
-212.0	
-213.0	
-224.0	
-218.0	
-203.0	
-206.0	
-204.0	
-192.0	
-198.0	
-209.0	
-221.0	
-216.0	
-212.0	
-213.0	
-211.0	
-218.0	
-218.0	
-210.0	
-207.0	
-223.0	
-221.0	
-204.0	
-206.0	
-204.0	
-204.0	
-220.0	
-217.0	
-210.0	
-203.0	
-202.0	
-201.0	
-204.0	
-211.0	
-228.0	
-218.0	
-206.0	
-213.0	
-218.0	
-219.0	
-212.0	
-207.0	
-204.0	
-204.0	
-218.0	
-205.0	
-214.0	
-219.0	
-208.0	
-195.0	
-206.0	
-214.0	
-213.0	
-200.0	
-201.0	
-205.0	
-205.0	
-195.0	
-202.0	
-213.0	
-216.0	
-201.0	
-192.0	
-218.0	
-222.0	
-212.0	
-227.0	
-222.0	
-216.0	
-211.0	
-214.0	
-196.0	
-199.0	
-213.0	
-211.0	
-204.0	
-213.0	
-216.0	
-203.0	
-199.0	
-201.0	
-218.0	
-206.0	
-217.0	
-212.0	
-208.0	
-200.0	
-205.0	
-211.0	
-196.0	
-205.0	
-195.0	
-193.0	
-199.0	
-207.0	
-197.0	
-188.0	
-200.0	
-212.0	
-197.0	
-192.0	
-193.0	
-192.0	
-199.0	
-196.0	
-193.0	
-199.0	
-192.0	
-195.0	
-193.0	
-193.0	
-184.0	
-178.0	
-171.0	
-188.0	
-187.0	
-183.0	
-173.0	
-188.0	
-179.0	
-168.0	
-179.0	
-181.0	
-174.0	
-185.0	
-188.0	
-184.0	
-180.0	
-167.0	
-183.0	
-184.0	
-183.0	
-176.0	
-169.0	
-184.0	
-169.0	
-181.0	
-166.0	
-170.0	
-167.0	
-171.0	
-176.0	
-163.0	
-163.0	
-162.0	
-158.0	
-151.0	
-153.0	
-153.0	
-162.0	
-165.0	
-161.0	
-151.0	
-160.0	
-163.0	
-152.0	
-166.0	
-148.0	
-138.0	
-157.0	
-141.0	
-146.0	
-147.0	
-144.0	
-145.0	
-148.0	
-158.0	
-157.0	
-157.0	
-146.0	
-130.0	
-142.0	
-140.0	
-132.0	
-131.0	
-125.0	
-123.0	
-126.0	
-109.0	
-127.0	
-128.0	
-116.0	
-123.0	
-123.0	
-120.0	
-129.0	
-134.0	
-124.0	
-127.0	
-122.0	
-122.0	
-125.0	
-132.0	
-113.0	
-114.0	
-110.0	
-106.0	
-100.0	
-117.0	
-122.0	
-116.0	
-117.0	
-112.0	
-100.0	
-109.0	
-110.0	
-91.0	
-106.0	
-113.0	
-114.0	
-114.0	
-103.0	
-101.0	
-86.0	
-90.0	
-100.0	
-97.0	
-89.0	
-82.0	
-93.0	
-93.0	
-90.0	
-80.0	
-84.0	
-83.0	
-83.0	
-95.0	
-86.0	
-77.0	
-74.0	
-85.0	
-70.0	
-75.0	
-68.0	
-67.0	
-78.0	
-72.0	
-63.0	
-67.0	
-68.0	
-65.0	
-78.0	
-77.0	
-78.0	
-65.0	
-64.0	
-69.0	
-63.0	
-85.0	
