150.0	
156.0	
162.0	
174.0	
185.0	
193.0	
186.0	
189.0	
197.0	
211.0	
216.0	
203.0	
229.0	
227.0	
226.0	
240.0	
247.0	
255.0	
256.0	
263.0	
276.0	
289.0	
277.0	
283.0	
293.0	
283.0	
302.0	
309.0	
308.0	
309.0	
313.0	
310.0	
319.0	
323.0	
334.0	
325.0	
331.0	
333.0	
338.0	
333.0	
326.0	
349.0	
368.0	
350.0	
359.0	
361.0	
368.0	
382.0	
379.0	
379.0	
396.0	
403.0	
391.0	
386.0	
392.0	
415.0	
410.0	
396.0	
423.0	
408.0	
405.0	
418.0	
424.0	
434.0	
419.0	
423.0	
421.0	
417.0	
431.0	
432.0	
433.0	
441.0	
436.0	
440.0	
434.0	
431.0	
445.0	
445.0	
447.0	
455.0	
449.0	
450.0	
449.0	
447.0	
444.0	
431.0	
447.0	
463.0	
459.0	
440.0	
434.0	
435.0	
436.0	
438.0	
439.0	
437.0	
449.0	
450.0	
438.0	
433.0	
419.0	
429.0	
423.0	
427.0	
431.0	
421.0	
434.0	
424.0	
427.0	
431.0	
425.0	
430.0	
421.0	
432.0	
424.0	
407.0	
392.0	
407.0	
415.0	
415.0	
409.0	
412.0	
403.0	
403.0	
396.0	
397.0	
386.0	
387.0	
379.0	
389.0	
387.0	
384.0	
385.0	
373.0	
373.0	
359.0	
359.0	
363.0	
372.0	
355.0	
366.0	
355.0	
340.0	
346.0	
338.0	
345.0	
334.0	
336.0	
328.0	
321.0	
300.0	
309.0	
306.0	
301.0	
306.0	
304.0	
301.0	
315.0	
293.0	
285.0	
275.0	
281.0	
285.0	
282.0	
261.0	
260.0	
258.0	
256.0	
252.0	
242.0	
243.0	
241.0	
235.0	
234.0	
233.0	
221.0	
209.0	
208.0	
215.0	
217.0	
207.0	
192.0	
185.0	
184.0	
186.0	
180.0	
166.0	
167.0	
188.0	
171.0	
154.0	
158.0	
165.0	
160.0	
154.0	
160.0	
143.0	
138.0	
146.0	
131.0	
119.0	
116.0	
117.0	
114.0	
110.0	
110.0	
117.0	
102.0	
98.0	
79.0	
71.0	
83.0	
77.0	
63.0	
62.0	
71.0	
58.0	
52.0	
52.0	
63.0	
44.0	
30.0	
35.0	
43.0	
37.0	
29.0	
24.0	
18.0	
20.0	
11.0	
10.0	
13.0	
8.0	
-1.0	
1.0	
4.0	
-8.0	
-17.0	
-14.0	
-25.0	
-23.0	
-26.0	
-35.0	
-23.0	
-31.0	
-47.0	
-42.0	
-44.0	
-45.0	
-44.0	
-52.0	
-49.0	
-51.0	
-66.0	
-59.0	
-56.0	
-61.0	
-63.0	
-69.0	
-69.0	
-79.0	
-85.0	
-85.0	
-93.0	
-92.0	
-90.0	
-97.0	
-97.0	
-95.0	
-106.0	
-92.0	
-97.0	
-116.0	
-112.0	
-100.0	
-114.0	
-118.0	
-128.0	
-125.0	
-125.0	
-130.0	
-133.0	
-130.0	
-127.0	
-138.0	
-147.0	
-139.0	
-132.0	
-141.0	
-149.0	
-139.0	
-145.0	
-147.0	
-154.0	
-156.0	
-162.0	
-148.0	
-150.0	
-161.0	
-169.0	
-163.0	
-157.0	
-159.0	
-164.0	
-179.0	
-177.0	
-177.0	
-173.0	
-179.0	
-184.0	
-174.0	
-181.0	
-175.0	
-177.0	
-189.0	
-193.0	
-191.0	
-190.0	
-192.0	
-174.0	
-178.0	
-195.0	
-192.0	
-181.0	
-189.0	
-188.0	
-187.0	
-191.0	
-188.0	
-197.0	
-208.0	
-195.0	
-181.0	
-194.0	
-197.0	
-206.0	
-190.0	
-191.0	
-196.0	
-207.0	
-207.0	
-201.0	
-194.0	
-208.0	
-212.0	
-194.0	
-208.0	
-218.0	
-207.0	
-206.0	
-212.0	
-206.0	
-210.0	
-197.0	
-189.0	
-207.0	
-210.0	
-204.0	
-179.0	
-188.0	
-204.0	
-197.0	
-191.0	
-180.0	
-177.0	
-183.0	
-190.0	
-193.0	
-190.0	
-186.0	
-194.0	
-190.0	
-192.0	
-186.0	
-180.0	
-183.0	
-183.0	
-181.0	
-184.0	
-183.0	
-184.0	
-177.0	
-185.0	
-177.0	
-184.0	
-174.0	
-158.0	
-152.0	
-163.0	
-164.0	
-166.0	
-159.0	
-163.0	
-148.0	
-145.0	
-151.0	
-151.0	
-159.0	
-148.0	
-150.0	
-150.0	
-150.0	
-145.0	
-148.0	
-139.0	
-132.0	
-140.0	
-142.0	
-126.0	
-126.0	
-121.0	
-135.0	
-115.0	
-112.0	
-115.0	
-121.0	
-112.0	
-109.0	
-117.0	
-107.0	
-91.0	
-88.0	
-85.0	
-79.0	
-83.0	
-86.0	
-88.0	
-78.0	
-87.0	
-71.0	
-72.0	
-83.0	
-83.0	
-77.0	
-67.0	
-64.0	
-51.0	
-52.0	
-53.0	
-53.0	
-57.0	
-54.0	
-36.0	
-44.0	
-49.0	
-27.0	
-25.0	
-29.0	
-17.0	
-29.0	
-22.0	
-19.0	
-14.0	
-13.0	
0.0	
-4.0	
0.0	
10.0	
3.0	
13.0	
22.0	
28.0	
28.0	
29.0	
33.0	
47.0	
41.0	
38.0	
44.0	
41.0	
46.0	
56.0	
63.0	
57.0	
46.0	
69.0	
68.0	
72.0	
79.0	
75.0	
87.0	
95.0	
102.0	
94.0	
92.0	
101.0	
114.0	
109.0	
119.0	
107.0	
104.0	
115.0	
114.0	
138.0	
130.0	
128.0	
132.0	
130.0	
146.0	
140.0	
147.0	
143.0	
151.0	
156.0	
163.0	
175.0	
182.0	
172.0	
172.0	
175.0	
177.0	
169.0	
178.0	
181.0	
168.0	
200.0	
197.0	
188.0	
203.0	
200.0	
194.0	
199.0	
185.0	
207.0	
207.0	
195.0	
199.0	
206.0	
215.0	
209.0	
196.0	
222.0	
222.0	
220.0	
217.0	
229.0	
242.0	
236.0	
235.0	
244.0	
249.0	
246.0	
233.0	
244.0	
247.0	
240.0	
250.0	
255.0	
265.0	
271.0	
264.0	
275.0	
272.0	
270.0	
270.0	
280.0	
279.0	
263.0	
269.0	
281.0	
278.0	
266.0	
272.0	
270.0	
286.0	
288.0	
270.0	
277.0	
269.0	
274.0	
277.0	
268.0	
279.0	
280.0	
290.0	
292.0	
289.0	
284.0	
276.0	
278.0	
267.0	
292.0	
287.0	
274.0	
276.0	
284.0	
287.0	
285.0	
289.0	
287.0	
287.0	
295.0	
274.0	
294.0	
294.0	
286.0	
274.0	
278.0	
287.0	
287.0	
283.0	
286.0	
288.0	
295.0	
293.0	
296.0	
280.0	
277.0	
290.0	
295.0	
292.0	
290.0	
290.0	
280.0	
270.0	
265.0	
279.0	
294.0	
285.0	
280.0	
264.0	
280.0	
272.0	
270.0	
266.0	
273.0	
270.0	
273.0	
260.0	
254.0	
256.0	
252.0	
249.0	
244.0	
253.0	
243.0	
239.0	
241.0	
245.0	
232.0	
238.0	
251.0	
237.0	
221.0	
213.0	
231.0	
243.0	
227.0	
221.0	
228.0	
224.0	
223.0	
232.0	
219.0	
227.0	
229.0	
229.0	
221.0	
207.0	
213.0	
209.0	
208.0	
210.0	
221.0	
213.0	
212.0	
205.0	
203.0	
181.0	
199.0	
190.0	
178.0	
188.0	
203.0	
188.0	
189.0	
187.0	
186.0	
184.0	
185.0	
175.0	
170.0	
177.0	
183.0	
187.0	
166.0	
161.0	
172.0	
179.0	
178.0	
158.0	
164.0	
165.0	
163.0	
150.0	
143.0	
147.0	
145.0	
147.0	
150.0	
132.0	
139.0	
145.0	
124.0	
125.0	
133.0	
133.0	
140.0	
134.0	
130.0	
131.0	
123.0	
123.0	
127.0	
112.0	
126.0	
125.0	
116.0	
119.0	
114.0	
113.0	
106.0	
114.0	
113.0	
99.0	
101.0	
88.0	
97.0	
92.0	
90.0	
94.0	
89.0	
95.0	
94.0	
86.0	
93.0	
86.0	
83.0	
65.0	
63.0	
63.0	
69.0	
64.0	
62.0	
68.0	
59.0	
63.0	
73.0	
60.0	
48.0	
54.0	
51.0	
51.0	
49.0	
45.0	
41.0	
28.0	
34.0	
38.0	
40.0	
32.0	
36.0	
40.0	
20.0	
27.0	
32.0	
23.0	
33.0	
25.0	
26.0	
13.0	
19.0	
19.0	
10.0	
4.0	
6.0	
7.0	
8.0	
3.0	
-3.0	
-2.0	
-4.0	
-9.0	
3.0	
4.0	
1.0	
-8.0	
-18.0	
-9.0	
-2.0	
-12.0	
-15.0	
-11.0	
-4.0	
-7.0	
-8.0	
-22.0	
-23.0	
-18.0	
-17.0	
-26.0	
-30.0	
-23.0	
-21.0	
-27.0	
-33.0	
-15.0	
-20.0	
-31.0	
-27.0	
-24.0	
-33.0	
-40.0	
-44.0	
-39.0	
-31.0	
-37.0	
-50.0	
-43.0	
-44.0	
-48.0	
-40.0	
-44.0	
-52.0	
-51.0	
-52.0	
-46.0	
-43.0	
-51.0	
-48.0	
-61.0	
-64.0	
-58.0	
-49.0	
-56.0	
-66.0	
-74.0	
-74.0	
-65.0	
-66.0	
-46.0	
-56.0	
-69.0	
-59.0	
-64.0	
-59.0	
-59.0	
-60.0	
-71.0	
-67.0	
-61.0	
-64.0	
-79.0	
-68.0	
-65.0	
-61.0	
-73.0	
-52.0	
-63.0	
-67.0	
-66.0	
-63.0	
-67.0	
-72.0	
-66.0	
-61.0	
-79.0	
-68.0	
-73.0	
-82.0	
-72.0	
-58.0	
-61.0	
-68.0	
-75.0	
-69.0	
-59.0	
-72.0	
-73.0	
-64.0	
-61.0	
-70.0	
-76.0	
-69.0	
-89.0	
-86.0	
-70.0	
-87.0	
-81.0	
-83.0	
-89.0	
-71.0	
-80.0	
-93.0	
-88.0	
-76.0	
-77.0	
-84.0	
-85.0	
-66.0	
-73.0	
-72.0	
-63.0	
-71.0	
-66.0	
-52.0	
-75.0	
-63.0	
-73.0	
-75.0	
-83.0	
-74.0	
-70.0	
-78.0	
-73.0	
-67.0	
-69.0	
-57.0	
-55.0	
-61.0	
-60.0	
-59.0	
-84.0	
-80.0	
-52.0	
-59.0	
-74.0	
-51.0	
-53.0	
-59.0	
-64.0	
-63.0	
-56.0	
-56.0	
-59.0	
-46.0	
-45.0	
-56.0	
-54.0	
-65.0	
-39.0	
-51.0	
-57.0	
-46.0	
-44.0	
-49.0	
-43.0	
-54.0	
-42.0	
-32.0	
-54.0	
-41.0	
-26.0	
-45.0	
-40.0	
-15.0	
-26.0	
-29.0	
-45.0	
-38.0	
-27.0	
-33.0	
-37.0	
-29.0	
-23.0	
-19.0	
-13.0	
-15.0	
-31.0	
-15.0	
-18.0	
-28.0	
-20.0	
-19.0	
-6.0	
-14.0	
-21.0	
-12.0	
-11.0	
-15.0	
-7.0	
-3.0	
-7.0	
-4.0	
-2.0	
1.0	
-15.0	
-10.0	
-7.0	
-7.0	
-8.0	
-9.0	
-12.0	
-5.0	
0.0	
3.0	
-5.0	
-2.0	
-2.0	
-4.0	
-3.0	
14.0	
9.0	
15.0	
5.0	
17.0	
27.0	
30.0	
15.0	
12.0	
30.0	
28.0	
30.0	
26.0	
29.0	
24.0	
30.0	
37.0	
42.0	
28.0	
33.0	
35.0	
28.0	
42.0	
46.0	
51.0	
57.0	
47.0	
44.0	
58.0	
50.0	
50.0	
64.0	
57.0	
56.0	
52.0	
51.0	
62.0	
71.0	
58.0	
67.0	
69.0	
71.0	
71.0	
76.0	
80.0	
71.0	
65.0	
71.0	
60.0	
69.0	
86.0	
86.0	
73.0	
71.0	
90.0	
91.0	
82.0	
76.0	
85.0	
91.0	
84.0	
82.0	
76.0	
87.0	
99.0	
82.0	
89.0	
106.0	
98.0	
89.0	
98.0	
93.0	
94.0	
100.0	
110.0	
112.0	
109.0	
109.0	
107.0	
96.0	
99.0	
101.0	
106.0	
96.0	
89.0	
109.0	
106.0	
103.0	
104.0	
111.0	
110.0	
99.0	
109.0	
115.0	
115.0	
114.0	
109.0	
124.0	
125.0	
123.0	
122.0	
132.0	
133.0	
133.0	
113.0	
126.0	
128.0	
122.0	
116.0	
122.0	
