20.0	
28.0	
39.0	
21.0	
36.0	
53.0	
32.0	
35.0	
47.0	
51.0	
56.0	
61.0	
57.0	
65.0	
67.0	
60.0	
60.0	
83.0	
87.0	
88.0	
88.0	
100.0	
104.0	
105.0	
96.0	
95.0	
108.0	
121.0	
127.0	
127.0	
125.0	
122.0	
107.0	
109.0	
126.0	
119.0	
135.0	
155.0	
163.0	
152.0	
145.0	
142.0	
152.0	
150.0	
149.0	
169.0	
167.0	
179.0	
182.0	
179.0	
173.0	
183.0	
173.0	
169.0	
167.0	
173.0	
187.0	
183.0	
191.0	
199.0	
192.0	
185.0	
202.0	
202.0	
200.0	
196.0	
202.0	
199.0	
203.0	
210.0	
206.0	
217.0	
221.0	
213.0	
213.0	
211.0	
215.0	
224.0	
228.0	
226.0	
226.0	
229.0	
231.0	
217.0	
219.0	
230.0	
237.0	
231.0	
257.0	
240.0	
233.0	
240.0	
235.0	
237.0	
240.0	
248.0	
253.0	
241.0	
250.0	
253.0	
247.0	
252.0	
252.0	
244.0	
245.0	
245.0	
262.0	
251.0	
266.0	
262.0	
245.0	
252.0	
253.0	
257.0	
241.0	
243.0	
255.0	
249.0	
251.0	
272.0	
269.0	
250.0	
255.0	
261.0	
257.0	
264.0	
259.0	
255.0	
256.0	
260.0	
261.0	
256.0	
263.0	
250.0	
248.0	
266.0	
254.0	
253.0	
252.0	
245.0	
250.0	
255.0	
268.0	
265.0	
248.0	
252.0	
265.0	
253.0	
242.0	
256.0	
260.0	
259.0	
258.0	
256.0	
254.0	
242.0	
231.0	
239.0	
233.0	
241.0	
242.0	
221.0	
220.0	
226.0	
235.0	
233.0	
233.0	
236.0	
234.0	
228.0	
228.0	
217.0	
216.0	
220.0	
217.0	
211.0	
207.0	
210.0	
201.0	
200.0	
207.0	
201.0	
201.0	
200.0	
194.0	
191.0	
190.0	
175.0	
159.0	
167.0	
180.0	
187.0	
176.0	
188.0	
182.0	
170.0	
167.0	
171.0	
153.0	
148.0	
165.0	
174.0	
167.0	
146.0	
146.0	
133.0	
132.0	
137.0	
143.0	
137.0	
135.0	
117.0	
133.0	
128.0	
116.0	
113.0	
116.0	
108.0	
116.0	
96.0	
92.0	
82.0	
86.0	
92.0	
93.0	
87.0	
78.0	
79.0	
61.0	
56.0	
56.0	
62.0	
50.0	
54.0	
50.0	
43.0	
25.0	
35.0	
24.0	
30.0	
39.0	
24.0	
16.0	
12.0	
8.0	
0.0	
-8.0	
-10.0	
-21.0	
-15.0	
-21.0	
-22.0	
-34.0	
-28.0	
-39.0	
-32.0	
-29.0	
-36.0	
-40.0	
-46.0	
-47.0	
-55.0	
-41.0	
-56.0	
-64.0	
-59.0	
-67.0	
-82.0	
-86.0	
-86.0	
-98.0	
-97.0	
-88.0	
-92.0	
-104.0	
-115.0	
-108.0	
-98.0	
-97.0	
-113.0	
-118.0	
-111.0	
-119.0	
-116.0	
-122.0	
-121.0	
-135.0	
-149.0	
-136.0	
-140.0	
-145.0	
-155.0	
-154.0	
-152.0	
-165.0	
-167.0	
-154.0	
-166.0	
-177.0	
-167.0	
-182.0	
-178.0	
-197.0	
-188.0	
-182.0	
-181.0	
-191.0	
-189.0	
-208.0	
-195.0	
-194.0	
-198.0	
-200.0	
-199.0	
-210.0	
-204.0	
-203.0	
-218.0	
-223.0	
-218.0	
-201.0	
-223.0	
-231.0	
-242.0	
-238.0	
-243.0	
-249.0	
-254.0	
-249.0	
-243.0	
-246.0	
-248.0	
-255.0	
-262.0	
-254.0	
-247.0	
-256.0	
-252.0	
-245.0	
-260.0	
-255.0	
-265.0	
-261.0	
-250.0	
-255.0	
-253.0	
-260.0	
-258.0	
-251.0	
-247.0	
-261.0	
-265.0	
-253.0	
-261.0	
-259.0	
-256.0	
-251.0	
-265.0	
-265.0	
-264.0	
-264.0	
-254.0	
-268.0	
-270.0	
-258.0	
-261.0	
-262.0	
-268.0	
-261.0	
-265.0	
-251.0	
-245.0	
-273.0	
-264.0	
-271.0	
-260.0	
-271.0	
-270.0	
-267.0	
-271.0	
-268.0	
-268.0	
-251.0	
-252.0	
-264.0	
-258.0	
-253.0	
-255.0	
-262.0	
-257.0	
-237.0	
-246.0	
-260.0	
-246.0	
-236.0	
-236.0	
-243.0	
-231.0	
-237.0	
-242.0	
-239.0	
-236.0	
-238.0	
-236.0	
-242.0	
-236.0	
-228.0	
-232.0	
-219.0	
-223.0	
-222.0	
-219.0	
-230.0	
-232.0	
-228.0	
-209.0	
-216.0	
-220.0	
-219.0	
-199.0	
-185.0	
-193.0	
-198.0	
-184.0	
-179.0	
-185.0	
-189.0	
-193.0	
-176.0	
-171.0	
-182.0	
-182.0	
-177.0	
-178.0	
-173.0	
-161.0	
-169.0	
-178.0	
-174.0	
-177.0	
-168.0	
-157.0	
-155.0	
-152.0	
-144.0	
-136.0	
-139.0	
-144.0	
-150.0	
-128.0	
-137.0	
-132.0	
-133.0	
-118.0	
-122.0	
-129.0	
-118.0	
-118.0	
-113.0	
-122.0	
-100.0	
-106.0	
-112.0	
-104.0	
-94.0	
-92.0	
-89.0	
-88.0	
-92.0	
-73.0	
-66.0	
-66.0	
-63.0	
-53.0	
-46.0	
-44.0	
-43.0	
-45.0	
-40.0	
-37.0	
-59.0	
-48.0	
-31.0	
-32.0	
-27.0	
-13.0	
-21.0	
-17.0	
-16.0	
-15.0	
-12.0	
-11.0	
-15.0	
-1.0	
7.0	
-6.0	
6.0	
11.0	
2.0	
17.0	
20.0	
12.0	
16.0	
20.0	
25.0	
25.0	
34.0	
30.0	
36.0	
44.0	
51.0	
38.0	
53.0	
51.0	
50.0	
54.0	
62.0	
70.0	
68.0	
60.0	
54.0	
72.0	
75.0	
71.0	
74.0	
71.0	
75.0	
76.0	
88.0	
98.0	
90.0	
95.0	
93.0	
110.0	
99.0	
105.0	
109.0	
107.0	
108.0	
91.0	
108.0	
127.0	
106.0	
117.0	
127.0	
120.0	
106.0	
118.0	
126.0	
120.0	
124.0	
120.0	
120.0	
129.0	
125.0	
120.0	
130.0	
136.0	
130.0	
141.0	
139.0	
128.0	
138.0	
138.0	
144.0	
147.0	
146.0	
150.0	
131.0	
132.0	
144.0	
143.0	
145.0	
133.0	
133.0	
139.0	
134.0	
143.0	
148.0	
142.0	
144.0	
143.0	
143.0	
144.0	
134.0	
144.0	
163.0	
155.0	
143.0	
136.0	
143.0	
150.0	
143.0	
137.0	
142.0	
153.0	
147.0	
134.0	
143.0	
134.0	
154.0	
149.0	
145.0	
152.0	
142.0	
133.0	
144.0	
150.0	
140.0	
129.0	
144.0	
143.0	
134.0	
129.0	
131.0	
144.0	
146.0	
157.0	
153.0	
135.0	
139.0	
145.0	
135.0	
133.0	
134.0	
132.0	
137.0	
122.0	
126.0	
138.0	
127.0	
116.0	
113.0	
116.0	
112.0	
121.0	
139.0	
134.0	
126.0	
133.0	
132.0	
120.0	
119.0	
112.0	
120.0	
123.0	
109.0	
111.0	
117.0	
115.0	
122.0	
129.0	
112.0	
109.0	
111.0	
106.0	
106.0	
105.0	
124.0	
111.0	
106.0	
114.0	
101.0	
94.0	
97.0	
95.0	
98.0	
87.0	
87.0	
95.0	
102.0	
90.0	
83.0	
88.0	
92.0	
85.0	
94.0	
82.0	
83.0	
91.0	
94.0	
93.0	
104.0	
93.0	
90.0	
94.0	
94.0	
78.0	
76.0	
86.0	
88.0	
89.0	
88.0	
83.0	
83.0	
79.0	
67.0	
65.0	
79.0	
58.0	
68.0	
67.0	
63.0	
62.0	
70.0	
61.0	
57.0	
64.0	
66.0	
68.0	
72.0	
63.0	
56.0	
62.0	
64.0	
62.0	
58.0	
67.0	
72.0	
61.0	
54.0	
61.0	
54.0	
54.0	
75.0	
62.0	
45.0	
46.0	
51.0	
51.0	
47.0	
48.0	
44.0	
37.0	
38.0	
39.0	
46.0	
48.0	
50.0	
34.0	
43.0	
36.0	
35.0	
32.0	
37.0	
