3.0	
2.0	
-7.0	
-5.0	
-22.0	
-30.0	
-29.0	
-31.0	
-30.0	
-24.0	
-44.0	
-43.0	
-39.0	
-62.0	
-62.0	
-56.0	
-63.0	
-75.0	
-84.0	
-85.0	
-85.0	
-108.0	
-94.0	
-95.0	
-116.0	
-117.0	
-107.0	
-121.0	
-119.0	
-117.0	
-117.0	
-138.0	
-150.0	
-145.0	
-147.0	
-157.0	
-160.0	
-152.0	
-172.0	
-173.0	
-165.0	
-173.0	
-183.0	
-171.0	
-175.0	
-189.0	
-195.0	
-205.0	
-202.0	
-208.0	
-214.0	
-223.0	
-214.0	
-218.0	
-218.0	
-212.0	
-222.0	
-219.0	
-231.0	
-238.0	
-237.0	
-246.0	
-251.0	
-241.0	
-236.0	
-242.0	
-255.0	
-254.0	
-249.0	
-241.0	
-228.0	
-242.0	
-249.0	
-242.0	
-236.0	
-253.0	
-247.0	
-246.0	
-255.0	
-246.0	
-240.0	
-251.0	
-240.0	
-237.0	
-232.0	
-233.0	
-245.0	
-237.0	
-243.0	
-244.0	
-245.0	
-233.0	
-227.0	
-234.0	
-242.0	
-243.0	
-227.0	
-223.0	
-227.0	
-216.0	
-217.0	
-213.0	
-217.0	
-216.0	
-219.0	
-211.0	
-202.0	
-188.0	
-191.0	
-189.0	
-198.0	
-169.0	
-163.0	
-165.0	
-167.0	
-176.0	
-168.0	
-157.0	
-147.0	
-165.0	
-155.0	
-153.0	
-134.0	
-132.0	
-131.0	
-122.0	
-114.0	
-107.0	
-114.0	
-118.0	
-97.0	
-119.0	
-109.0	
-93.0	
-88.0	
-86.0	
-95.0	
-83.0	
-76.0	
-68.0	
-87.0	
-66.0	
-48.0	
-55.0	
-50.0	
-42.0	
-44.0	
-33.0	
-25.0	
-18.0	
-22.0	
-13.0	
-20.0	
-11.0	
-10.0	
-3.0	
-4.0	
12.0	
15.0	
16.0	
37.0	
29.0	
26.0	
25.0	
20.0	
31.0	
47.0	
50.0	
51.0	
58.0	
57.0	
51.0	
61.0	
50.0	
44.0	
50.0	
59.0	
71.0	
68.0	
75.0	
94.0	
96.0	
79.0	
98.0	
102.0	
93.0	
110.0	
111.0	
104.0	
113.0	
115.0	
105.0	
108.0	
106.0	
109.0	
120.0	
131.0	
136.0	
135.0	
129.0	
121.0	
123.0	
129.0	
138.0	
139.0	
141.0	
147.0	
141.0	
139.0	
160.0	
156.0	
159.0	
161.0	
142.0	
156.0	
146.0	
144.0	
148.0	
156.0	
156.0	
173.0	
177.0	
165.0	
154.0	
155.0	
165.0	
170.0	
168.0	
179.0	
174.0	
174.0	
159.0	
166.0	
182.0	
187.0	
173.0	
175.0	
172.0	
175.0	
176.0	
172.0	
175.0	
164.0	
179.0	
189.0	
192.0	
175.0	
183.0	
175.0	
178.0	
185.0	
187.0	
189.0	
179.0	
169.0	
164.0	
174.0	
177.0	
165.0	
179.0	
168.0	
160.0	
170.0	
170.0	
162.0	
157.0	
162.0	
169.0	
174.0	
151.0	
151.0	
161.0	
160.0	
170.0	
170.0	
145.0	
147.0	
152.0	
136.0	
120.0	
129.0	
134.0	
131.0	
136.0	
125.0	
115.0	
121.0	
124.0	
124.0	
119.0	
110.0	
107.0	
105.0	
105.0	
105.0	
107.0	
106.0	
112.0	
92.0	
111.0	
97.0	
76.0	
93.0	
85.0	
65.0	
66.0	
76.0	
68.0	
69.0	
60.0	
48.0	
50.0	
54.0	
62.0	
49.0	
62.0	
49.0	
50.0	
40.0	
37.0	
43.0	
30.0	
20.0	
14.0	
22.0	
22.0	
24.0	
30.0	
29.0	
10.0	
7.0	
23.0	
21.0	
10.0	
9.0	
14.0	
5.0	
-5.0	
-3.0	
-14.0	
-3.0	
-6.0	
-18.0	
-17.0	
-9.0	
-24.0	
-24.0	
-30.0	
-48.0	
-30.0	
-32.0	
-31.0	
-32.0	
-28.0	
-39.0	
-50.0	
-55.0	
-46.0	
-45.0	
-56.0	
-52.0	
-55.0	
-64.0	
-55.0	
-65.0	
-75.0	
-69.0	
-64.0	
-61.0	
-66.0	
-78.0	
-89.0	
-82.0	
-89.0	
-85.0	
-76.0	
-89.0	
-96.0	
-98.0	
-93.0	
-95.0	
-98.0	
-95.0	
-88.0	
-93.0	
-89.0	
-91.0	
-90.0	
-90.0	
-97.0	
-100.0	
-112.0	
-103.0	
-91.0	
-102.0	
-102.0	
-107.0	
-105.0	
-100.0	
-94.0	
-105.0	
-107.0	
-108.0	
-110.0	
-113.0	
-110.0	
-99.0	
-99.0	
-99.0	
-98.0	
-104.0	
-104.0	
-113.0	
-111.0	
-103.0	
-113.0	
-111.0	
-99.0	
-96.0	
-107.0	
-114.0	
-109.0	
-107.0	
-124.0	
-115.0	
-108.0	
-114.0	
-111.0	
-112.0	
-112.0	
-104.0	
-91.0	
-90.0	
-109.0	
-100.0	
-90.0	
-87.0	
-102.0	
-89.0	
-94.0	
-97.0	
-98.0	
-101.0	
-90.0	
-94.0	
-86.0	
-83.0	
-94.0	
-86.0	
-90.0	
-80.0	
-72.0	
-82.0	
-74.0	
-81.0	
-82.0	
-88.0	
-75.0	
-81.0	
-81.0	
-76.0	
-66.0	
-68.0	
-69.0	
-71.0	
-62.0	
-63.0	
-62.0	
-68.0	
-54.0	
-53.0	
-55.0	
-60.0	
-56.0	
-51.0	
-47.0	
-52.0	
-32.0	
-43.0	
-42.0	
-28.0	
-33.0	
-29.0	
-19.0	
-21.0	
-16.0	
-31.0	
-22.0	
-21.0	
-22.0	
-12.0	
-16.0	
-16.0	
-17.0	
-17.0	
-3.0	
-21.0	
-10.0	
-2.0	
-8.0	
-5.0	
5.0	
2.0	
-3.0	
-2.0	
11.0	
5.0	
0.0	
3.0	
6.0	
15.0	
19.0	
7.0	
-1.0	
-1.0	
5.0	
12.0	
5.0	
0.0	
10.0	
8.0	
17.0	
29.0	
16.0	
15.0	
23.0	
29.0	
27.0	
9.0	
24.0	
28.0	
28.0	
35.0	
24.0	
16.0	
20.0	
24.0	
9.0	
20.0	
19.0	
34.0	
28.0	
19.0	
32.0	
36.0	
22.0	
24.0	
32.0	
32.0	
9.0	
20.0	
25.0	
10.0	
18.0	
28.0	
25.0	
20.0	
22.0	
32.0	
30.0	
23.0	
12.0	
21.0	
14.0	
5.0	
1.0	
13.0	
27.0	
15.0	
25.0	
25.0	
29.0	
24.0	
10.0	
22.0	
27.0	
24.0	
26.0	
18.0	
26.0	
35.0	
37.0	
24.0	
23.0	
28.0	
15.0	
16.0	
22.0	
9.0	
18.0	
11.0	
21.0	
20.0	
29.0	
29.0	
18.0	
11.0	
7.0	
10.0	
9.0	
11.0	
18.0	
13.0	
25.0	
29.0	
29.0	
18.0	
0.0	
3.0	
5.0	
5.0	
2.0	
0.0	
25.0	
21.0	
1.0	
2.0	
3.0	
4.0	
2.0	
16.0	
14.0	
13.0	
6.0	
5.0	
14.0	
19.0	
11.0	
13.0	
20.0	
22.0	
27.0	
