-24.0	
-19.0	
-44.0	
-43.0	
-50.0	
-63.0	
-67.0	
-78.0	
-76.0	
-84.0	
-89.0	
-82.0	
-90.0	
-102.0	
-102.0	
-93.0	
-109.0	
-125.0	
-128.0	
-128.0	
-128.0	
-138.0	
-151.0	
-146.0	
-151.0	
-150.0	
-154.0	
-173.0	
-167.0	
-164.0	
-172.0	
-178.0	
-187.0	
-191.0	
-202.0	
-204.0	
-207.0	
-211.0	
-202.0	
-214.0	
-231.0	
-227.0	
-237.0	
-238.0	
-236.0	
-263.0	
-264.0	
-266.0	
-269.0	
-279.0	
-291.0	
-306.0	
-311.0	
-310.0	
-312.0	
-320.0	
-324.0	
-311.0	
-306.0	
-313.0	
-315.0	
-326.0	
-314.0	
-302.0	
-305.0	
-309.0	
-317.0	
-312.0	
-309.0	
-313.0	
-316.0	
-321.0	
-322.0	
-331.0	
-348.0	
-344.0	
-357.0	
-368.0	
-372.0	
-368.0	
-371.0	
-375.0	
-361.0	
-361.0	
-367.0	
-359.0	
-376.0	
-352.0	
-345.0	
-342.0	
-358.0	
-339.0	
-336.0	
-352.0	
-339.0	
-332.0	
-339.0	
-337.0	
-332.0	
-324.0	
-317.0	
-332.0	
-309.0	
-293.0	
-308.0	
-312.0	
-311.0	
-304.0	
-295.0	
-295.0	
-294.0	
-291.0	
-279.0	
-292.0	
-286.0	
-280.0	
-275.0	
-270.0	
-252.0	
-257.0	
-242.0	
-253.0	
-257.0	
-238.0	
-230.0	
-242.0	
-236.0	
-226.0	
-219.0	
-203.0	
-217.0	
-210.0	
-205.0	
-196.0	
-172.0	
-187.0	
-176.0	
-158.0	
-161.0	
-155.0	
-144.0	
-131.0	
-133.0	
-131.0	
-118.0	
-105.0	
-112.0	
-119.0	
-102.0	
-84.0	
-86.0	
-100.0	
-92.0	
-74.0	
-52.0	
-55.0	
-65.0	
-51.0	
-49.0	
-35.0	
-35.0	
-26.0	
-10.0	
-13.0	
-22.0	
1.0	
4.0	
7.0	
22.0	
35.0	
27.0	
27.0	
45.0	
47.0	
43.0	
61.0	
57.0	
69.0	
74.0	
71.0	
66.0	
80.0	
101.0	
88.0	
103.0	
89.0	
99.0	
107.0	
93.0	
96.0	
113.0	
119.0	
120.0	
126.0	
126.0	
118.0	
131.0	
142.0	
132.0	
129.0	
142.0	
130.0	
143.0	
151.0	
144.0	
150.0	
136.0	
147.0	
140.0	
147.0	
153.0	
150.0	
148.0	
162.0	
160.0	
146.0	
163.0	
162.0	
153.0	
166.0	
163.0	
166.0	
162.0	
159.0	
150.0	
159.0	
162.0	
171.0	
158.0	
152.0	
173.0	
166.0	
157.0	
169.0	
159.0	
162.0	
146.0	
152.0	
152.0	
153.0	
144.0	
150.0	
148.0	
144.0	
150.0	
145.0	
139.0	
144.0	
156.0	
150.0	
137.0	
126.0	
131.0	
136.0	
131.0	
131.0	
130.0	
131.0	
114.0	
120.0	
127.0	
118.0	
112.0	
110.0	
103.0	
94.0	
90.0	
98.0	
99.0	
95.0	
90.0	
82.0	
67.0	
64.0	
68.0	
65.0	
55.0	
53.0	
63.0	
55.0	
45.0	
56.0	
56.0	
48.0	
40.0	
45.0	
48.0	
29.0	
32.0	
34.0	
36.0	
21.0	
16.0	
20.0	
27.0	
33.0	
12.0	
1.0	
9.0	
16.0	
11.0	
4.0	
-2.0	
-3.0	
2.0	
-15.0	
-21.0	
-19.0	
-25.0	
-31.0	
-31.0	
-33.0	
-31.0	
-37.0	
-28.0	
-37.0	
-49.0	
-51.0	
-58.0	
-51.0	
-52.0	
-59.0	
-59.0	
-69.0	
-65.0	
-55.0	
-55.0	
-54.0	
-61.0	
-71.0	
-68.0	
-83.0	
-80.0	
-80.0	
-88.0	
-99.0	
-101.0	
-85.0	
-79.0	
-87.0	
-86.0	
-74.0	
-94.0	
-87.0	
-78.0	
-91.0	
-105.0	
-100.0	
-92.0	
-79.0	
-96.0	
-106.0	
-101.0	
-101.0	
-98.0	
-111.0	
-101.0	
-105.0	
-106.0	
-104.0	
-97.0	
-101.0	
-90.0	
-74.0	
-81.0	
-95.0	
-97.0	
-112.0	
-115.0	
-102.0	
-112.0	
-95.0	
-94.0	
-100.0	
-100.0	
-97.0	
-106.0	
-108.0	
-103.0	
-96.0	
-88.0	
-90.0	
-89.0	
-100.0	
-95.0	
-105.0	
-107.0	
-94.0	
-100.0	
-89.0	
-86.0	
-92.0	
-98.0	
-86.0	
-91.0	
-89.0	
-67.0	
-82.0	
-91.0	
-92.0	
-96.0	
-90.0	
-73.0	
-81.0	
-75.0	
-74.0	
-73.0	
-73.0	
-66.0	
-79.0	
-75.0	
-67.0	
-62.0	
-72.0	
-78.0	
-75.0	
-63.0	
-55.0	
-70.0	
-77.0	
-58.0	
-57.0	
-57.0	
-70.0	
-65.0	
-58.0	
-59.0	
-42.0	
-48.0	
-54.0	
-57.0	
-45.0	
-30.0	
-34.0	
-41.0	
-49.0	
-36.0	
-33.0	
-22.0	
-2.0	
-15.0	
-26.0	
-20.0	
-26.0	
-14.0	
-9.0	
-6.0	
2.0	
-4.0	
-16.0	
-8.0	
-5.0	
-10.0	
-3.0	
-9.0	
-4.0	
-1.0	
3.0	
2.0	
-1.0	
7.0	
15.0	
14.0	
-1.0	
-6.0	
11.0	
14.0	
9.0	
8.0	
9.0	
10.0	
6.0	
11.0	
12.0	
-2.0	
1.0	
11.0	
29.0	
23.0	
12.0	
28.0	
31.0	
24.0	
15.0	
26.0	
32.0	
9.0	
1.0	
5.0	
10.0	
15.0	
14.0	
3.0	
7.0	
19.0	
14.0	
16.0	
19.0	
15.0	
22.0	
22.0	
26.0	
9.0	
7.0	
15.0	
22.0	
7.0	
16.0	
16.0	
34.0	
25.0	
7.0	
21.0	
25.0	
28.0	
9.0	
7.0	
17.0	
25.0	
25.0	
21.0	
15.0	
7.0	
25.0	
25.0	
15.0	
14.0	
8.0	
11.0	
14.0	
5.0	
15.0	
9.0	
20.0	
11.0	
9.0	
2.0	
13.0	
7.0	
-8.0	
3.0	
9.0	
4.0	
5.0	
7.0	
-3.0	
2.0	
9.0	
14.0	
0.0	
10.0	
13.0	
13.0	
-3.0	
-7.0	
-1.0	
-5.0	
6.0	
17.0	
17.0	
4.0	
8.0	
2.0	
8.0	
-2.0	
-2.0	
7.0	
-2.0	
8.0	
-1.0	
-1.0	
3.0	
-8.0	
-2.0	
-10.0	
-8.0	
-3.0	
3.0	
0.0	
-2.0	
