-23.0	
-22.0	
-33.0	
-33.0	
-43.0	
-50.0	
-51.0	
-65.0	
-72.0	
-74.0	
-79.0	
-85.0	
-86.0	
-92.0	
-113.0	
-140.0	
-134.0	
-136.0	
-149.0	
-155.0	
-162.0	
-162.0	
-160.0	
-172.0	
-177.0	
-182.0	
-198.0	
-182.0	
-196.0	
-208.0	
-208.0	
-212.0	
-213.0	
-224.0	
-217.0	
-222.0	
-218.0	
-234.0	
-227.0	
-239.0	
-245.0	
-252.0	
-257.0	
-237.0	
-249.0	
-255.0	
-254.0	
-267.0	
-272.0	
-270.0	
-276.0	
-273.0	
-269.0	
-276.0	
-264.0	
-272.0	
-273.0	
-266.0	
-270.0	
-272.0	
-276.0	
-275.0	
-277.0	
-271.0	
-271.0	
-275.0	
-273.0	
-274.0	
-273.0	
-282.0	
-274.0	
-264.0	
-258.0	
-250.0	
-257.0	
-241.0	
-242.0	
-249.0	
-227.0	
-242.0	
-243.0	
-227.0	
-229.0	
-238.0	
-235.0	
-228.0	
-226.0	
-219.0	
-223.0	
-216.0	
-210.0	
-216.0	
-200.0	
-190.0	
-195.0	
-176.0	
-182.0	
-183.0	
-178.0	
-169.0	
-159.0	
-141.0	
-151.0	
-145.0	
-137.0	
-134.0	
-133.0	
-125.0	
-123.0	
-105.0	
-112.0	
-101.0	
-95.0	
-81.0	
-63.0	
-48.0	
-52.0	
-59.0	
-54.0	
-42.0	
-39.0	
-34.0	
-8.0	
-1.0	
1.0	
12.0	
17.0	
4.0	
19.0	
29.0	
32.0	
41.0	
47.0	
65.0	
85.0	
73.0	
79.0	
90.0	
108.0	
105.0	
108.0	
113.0	
129.0	
131.0	
138.0	
131.0	
149.0	
156.0	
157.0	
169.0	
176.0	
194.0	
193.0	
183.0	
192.0	
199.0	
200.0	
208.0	
219.0	
228.0	
223.0	
235.0	
256.0	
259.0	
245.0	
245.0	
270.0	
266.0	
264.0	
274.0	
277.0	
286.0	
279.0	
276.0	
281.0	
292.0	
293.0	
305.0	
297.0	
312.0	
302.0	
291.0	
304.0	
308.0	
304.0	
302.0	
287.0	
293.0	
306.0	
302.0	
293.0	
287.0	
298.0	
305.0	
291.0	
282.0	
288.0	
293.0	
290.0	
296.0	
292.0	
280.0	
282.0	
288.0	
279.0	
268.0	
273.0	
277.0	
282.0	
276.0	
267.0	
281.0	
275.0	
273.0	
273.0	
257.0	
251.0	
242.0	
242.0	
241.0	
234.0	
238.0	
223.0	
217.0	
213.0	
212.0	
208.0	
204.0	
204.0	
206.0	
181.0	
170.0	
165.0	
167.0	
159.0	
154.0	
155.0	
141.0	
135.0	
142.0	
135.0	
119.0	
117.0	
98.0	
92.0	
90.0	
80.0	
83.0	
74.0	
75.0	
59.0	
58.0	
38.0	
21.0	
28.0	
31.0	
25.0	
3.0	
-7.0	
-7.0	
-20.0	
-24.0	
-30.0	
-46.0	
-43.0	
-50.0	
-47.0	
-35.0	
-49.0	
-67.0	
-73.0	
-72.0	
-83.0	
-92.0	
-91.0	
-102.0	
-118.0	
-111.0	
-108.0	
-109.0	
-113.0	
-122.0	
-121.0	
-135.0	
-143.0	
-138.0	
-150.0	
-159.0	
-162.0	
-175.0	
-164.0	
-164.0	
-183.0	
-183.0	
-178.0	
-181.0	
-197.0	
-201.0	
-202.0	
-209.0	
-234.0	
-235.0	
-221.0	
-229.0	
-235.0	
-241.0	
-240.0	
-233.0	
-241.0	
-234.0	
-246.0	
-243.0	
-241.0	
-238.0	
-251.0	
-258.0	
-250.0	
-258.0	
-264.0	
-255.0	
-245.0	
-246.0	
-251.0	
-259.0	
-256.0	
-248.0	
-263.0	
-260.0	
-254.0	
-247.0	
-253.0	
-248.0	
-251.0	
-241.0	
-235.0	
-239.0	
-252.0	
-235.0	
-231.0	
-237.0	
-231.0	
-238.0	
-229.0	
-230.0	
-227.0	
-233.0	
-230.0	
-232.0	
-227.0	
-212.0	
-209.0	
-210.0	
-200.0	
-183.0	
-187.0	
-184.0	
-176.0	
-169.0	
-163.0	
-158.0	
-147.0	
-149.0	
-160.0	
-140.0	
-136.0	
-137.0	
-127.0	
-124.0	
-122.0	
-113.0	
-100.0	
-109.0	
-111.0	
-104.0	
-89.0	
-87.0	
-80.0	
-67.0	
-80.0	
-65.0	
-61.0	
-65.0	
-62.0	
-51.0	
-40.0	
-42.0	
-47.0	
-36.0	
-26.0	
-25.0	
-28.0	
-28.0	
-17.0	
-12.0	
-7.0	
8.0	
8.0	
18.0	
11.0	
15.0	
23.0	
13.0	
36.0	
41.0	
27.0	
31.0	
38.0	
41.0	
48.0	
55.0	
56.0	
60.0	
66.0	
71.0	
63.0	
74.0	
75.0	
83.0	
106.0	
98.0	
92.0	
96.0	
89.0	
99.0	
94.0	
97.0	
107.0	
105.0	
110.0	
104.0	
105.0	
110.0	
120.0	
113.0	
104.0	
117.0	
114.0	
111.0	
111.0	
126.0	
124.0	
128.0	
128.0	
131.0	
136.0	
126.0	
137.0	
141.0	
136.0	
137.0	
134.0	
138.0	
143.0	
133.0	
136.0	
145.0	
145.0	
146.0	
138.0	
136.0	
134.0	
130.0	
148.0	
140.0	
134.0	
146.0	
142.0	
141.0	
138.0	
145.0	
135.0	
141.0	
143.0	
136.0	
133.0	
131.0	
132.0	
130.0	
107.0	
113.0	
120.0	
124.0	
120.0	
116.0	
108.0	
117.0	
131.0	
122.0	
100.0	
102.0	
99.0	
89.0	
90.0	
87.0	
88.0	
78.0	
86.0	
69.0	
78.0	
83.0	
76.0	
72.0	
67.0	
70.0	
67.0	
49.0	
39.0	
46.0	
50.0	
57.0	
63.0	
51.0	
30.0	
31.0	
27.0	
21.0	
33.0	
31.0	
28.0	
30.0	
21.0	
14.0	
20.0	
9.0	
-5.0	
-8.0	
9.0	
10.0	
-10.0	
-18.0	
-22.0	
-36.0	
-25.0	
-24.0	
-29.0	
-37.0	
-34.0	
-20.0	
-36.0	
-44.0	
-44.0	
-42.0	
-44.0	
-52.0	
-35.0	
-43.0	
-56.0	
-67.0	
-77.0	
-71.0	
-67.0	
-86.0	
-71.0	
-84.0	
-75.0	
-67.0	
-73.0	
-86.0	
-90.0	
-85.0	
-95.0	
-94.0	
-79.0	
-93.0	
-93.0	
-88.0	
-91.0	
-101.0	
-101.0	
-104.0	
-114.0	
-104.0	
-88.0	
-105.0	
-117.0	
-115.0	
-98.0	
-78.0	
-94.0	
-103.0	
-96.0	
-83.0	
-94.0	
-100.0	
-107.0	
-93.0	
-97.0	
-92.0	
-100.0	
-104.0	
-93.0	
-83.0	
-84.0	
-90.0	
-83.0	
-95.0	
-84.0	
-74.0	
-76.0	
-92.0	
-91.0	
-88.0	
-84.0	
-87.0	
-85.0	
-83.0	
-62.0	
-56.0	
-54.0	
-52.0	
-50.0	
-52.0	
-49.0	
-54.0	
-52.0	
-36.0	
-38.0	
-44.0	
-48.0	
-55.0	
-41.0	
-47.0	
-42.0	
-27.0	
-26.0	
-31.0	
-19.0	
-2.0	
-9.0	
-27.0	
-16.0	
-20.0	
-5.0	
-6.0	
1.0	
3.0	
10.0	
-2.0	
6.0	
12.0	
-7.0	
-6.0	
6.0	
17.0	
18.0	
29.0	
42.0	
41.0	
32.0	
43.0	
37.0	
29.0	
38.0	
37.0	
44.0	
51.0	
39.0	
51.0	
55.0	
55.0	
67.0	
53.0	
66.0	
52.0	
60.0	
67.0	
83.0	
78.0	
76.0	
83.0	
77.0	
73.0	
75.0	
89.0	
88.0	
90.0	
87.0	
83.0	
94.0	
102.0	
89.0	
89.0	
111.0	
107.0	
99.0	
90.0	
82.0	
99.0	
107.0	
93.0	
92.0	
92.0	
104.0	
103.0	
103.0	
98.0	
103.0	
103.0	
102.0	
104.0	
95.0	
87.0	
101.0	
97.0	
89.0	
102.0	
90.0	
72.0	
76.0	
86.0	
81.0	
89.0	
79.0	
77.0	
80.0	
84.0	
75.0	
81.0	
79.0	
72.0	
68.0	
67.0	
57.0	
57.0	
66.0	
73.0	
60.0	
61.0	
51.0	
58.0	
60.0	
47.0	
53.0	
39.0	
41.0	
50.0	
34.0	
33.0	
48.0	
38.0	
37.0	
43.0	
34.0	
29.0	
26.0	
21.0	
25.0	
20.0	
10.0	
8.0	
8.0	
18.0	
