216.0	
228.0	
221.0	
215.0	
225.0	
227.0	
233.0	
246.0	
250.0	
250.0	
256.0	
268.0	
268.0	
262.0	
269.0	
286.0	
286.0	
285.0	
301.0	
300.0	
298.0	
311.0	
316.0	
321.0	
314.0	
328.0	
331.0	
329.0	
338.0	
351.0	
340.0	
366.0	
366.0	
367.0	
370.0	
374.0	
374.0	
374.0	
379.0	
383.0	
398.0	
405.0	
405.0	
395.0	
394.0	
401.0	
407.0	
400.0	
399.0	
403.0	
397.0	
412.0	
410.0	
409.0	
426.0	
408.0	
413.0	
406.0	
421.0	
408.0	
405.0	
414.0	
420.0	
426.0	
408.0	
386.0	
401.0	
417.0	
390.0	
393.0	
398.0	
399.0	
403.0	
398.0	
394.0	
388.0	
381.0	
376.0	
375.0	
374.0	
362.0	
361.0	
355.0	
362.0	
336.0	
329.0	
344.0	
343.0	
340.0	
333.0	
317.0	
313.0	
324.0	
327.0	
318.0	
309.0	
301.0	
290.0	
274.0	
280.0	
270.0	
263.0	
252.0	
266.0	
264.0	
245.0	
249.0	
243.0	
240.0	
234.0	
211.0	
222.0	
221.0	
203.0	
200.0	
199.0	
200.0	
192.0	
188.0	
174.0	
159.0	
160.0	
169.0	
157.0	
141.0	
141.0	
135.0	
121.0	
124.0	
127.0	
119.0	
104.0	
100.0	
97.0	
103.0	
97.0	
98.0	
98.0	
80.0	
77.0	
70.0	
69.0	
67.0	
62.0	
52.0	
61.0	
65.0	
55.0	
43.0	
41.0	
54.0	
44.0	
35.0	
27.0	
32.0	
25.0	
14.0	
17.0	
16.0	
29.0	
26.0	
0.0	
-2.0	
11.0	
8.0	
-7.0	
5.0	
4.0	
0.0	
6.0	
10.0	
-2.0	
-10.0	
-2.0	
-12.0	
-18.0	
-6.0	
-4.0	
-15.0	
-15.0	
-22.0	
-20.0	
-2.0	
-10.0	
-34.0	
-28.0	
-9.0	
-17.0	
-20.0	
-6.0	
-5.0	
-2.0	
-10.0	
-16.0	
-25.0	
-22.0	
-12.0	
-18.0	
-20.0	
-4.0	
-15.0	
-10.0	
0.0	
5.0	
-3.0	
-3.0	
4.0	
2.0	
-7.0	
-5.0	
3.0	
3.0	
4.0	
10.0	
17.0	
12.0	
3.0	
6.0	
8.0	
19.0	
18.0	
6.0	
2.0	
11.0	
23.0	
36.0	
39.0	
33.0	
19.0	
33.0	
30.0	
26.0	
30.0	
43.0	
49.0	
41.0	
57.0	
62.0	
73.0	
67.0	
65.0	
60.0	
52.0	
69.0	
86.0	
91.0	
91.0	
92.0	
91.0	
94.0	
93.0	
94.0	
99.0	
113.0	
106.0	
110.0	
111.0	
107.0	
115.0	
127.0	
132.0	
132.0	
134.0	
150.0	
135.0	
142.0	
148.0	
156.0	
156.0	
156.0	
148.0	
163.0	
156.0	
154.0	
160.0	
170.0	
171.0	
189.0	
183.0	
181.0	
185.0	
183.0	
179.0	
186.0	
197.0	
177.0	
182.0	
195.0	
196.0	
212.0	
205.0	
192.0	
194.0	
203.0	
200.0	
207.0	
211.0	
215.0	
205.0	
206.0	
208.0	
208.0	
204.0	
207.0	
212.0	
210.0	
220.0	
218.0	
220.0	
225.0	
230.0	
236.0	
219.0	
211.0	
215.0	
209.0	
212.0	
219.0	
217.0	
213.0	
215.0	
215.0	
199.0	
204.0	
211.0	
207.0	
200.0	
215.0	
195.0	
203.0	
204.0	
193.0	
197.0	
187.0	
192.0	
181.0	
176.0	
180.0	
191.0	
191.0	
189.0	
190.0	
194.0	
178.0	
180.0	
179.0	
166.0	
159.0	
163.0	
162.0	
165.0	
164.0	
159.0	
148.0	
153.0	
147.0	
149.0	
154.0	
138.0	
131.0	
133.0	
136.0	
131.0	
110.0	
110.0	
103.0	
109.0	
102.0	
90.0	
88.0	
84.0	
81.0	
92.0	
88.0	
82.0	
75.0	
66.0	
65.0	
55.0	
62.0	
64.0	
62.0	
67.0	
53.0	
51.0	
56.0	
45.0	
45.0	
40.0	
40.0	
49.0	
47.0	
33.0	
34.0	
47.0	
30.0	
