79.0	
89.0	
92.0	
95.0	
102.0	
119.0	
131.0	
138.0	
140.0	
154.0	
159.0	
150.0	
172.0	
187.0	
190.0	
210.0	
220.0	
238.0	
251.0	
247.0	
251.0	
267.0	
284.0	
293.0	
303.0	
309.0	
309.0	
325.0	
331.0	
332.0	
344.0	
346.0	
359.0	
371.0	
390.0	
404.0	
404.0	
417.0	
432.0	
423.0	
427.0	
451.0	
455.0	
459.0	
457.0	
446.0	
454.0	
452.0	
451.0	
457.0	
453.0	
453.0	
462.0	
441.0	
434.0	
430.0	
427.0	
412.0	
400.0	
384.0	
365.0	
355.0	
354.0	
341.0	
327.0	
312.0	
288.0	
272.0	
252.0	
235.0	
225.0	
212.0	
201.0	
200.0	
168.0	
157.0	
164.0	
153.0	
146.0	
132.0	
113.0	
104.0	
110.0	
100.0	
85.0	
75.0	
78.0	
74.0	
50.0	
57.0	
42.0	
33.0	
23.0	
10.0	
12.0	
-2.0	
-4.0	
-6.0	
-13.0	
-8.0	
-25.0	
-44.0	
-50.0	
-63.0	
-69.0	
-90.0	
-99.0	
-102.0	
-102.0	
-114.0	
-131.0	
-146.0	
-160.0	
-153.0	
-169.0	
-189.0	
-183.0	
-178.0	
-185.0	
-190.0	
-203.0	
-197.0	
-193.0	
-198.0	
-203.0	
-198.0	
-197.0	
-187.0	
-187.0	
-191.0	
-180.0	
-182.0	
-175.0	
-165.0	
-160.0	
-165.0	
-153.0	
-154.0	
-137.0	
-125.0	
-124.0	
-123.0	
-122.0	
-110.0	
-96.0	
-87.0	
-82.0	
-86.0	
-55.0	
-61.0	
-42.0	
-37.0	
-27.0	
-17.0	
-15.0	
-3.0	
16.0	
33.0	
20.0	
36.0	
52.0	
51.0	
64.0	
67.0	
58.0	
71.0	
73.0	
86.0	
81.0	
82.0	
78.0	
83.0	
83.0	
88.0	
64.0	
85.0	
99.0	
97.0	
96.0	
95.0	
96.0	
93.0	
98.0	
87.0	
71.0	
82.0	
80.0	
81.0	
81.0	
88.0	
63.0	
65.0	
78.0	
60.0	
59.0	
42.0	
43.0	
50.0	
38.0	
27.0	
27.0	
32.0	
18.0	
2.0	
-2.0	
-5.0	
-20.0	
-26.0	
-29.0	
-24.0	
-42.0	
-54.0	
-72.0	
-71.0	
-67.0	
-78.0	
-73.0	
-76.0	
-76.0	
-84.0	
