2.0	
-3.0	
2.0	
0.0	
18.0	
23.0	
24.0	
25.0	
40.0	
53.0	
49.0	
63.0	
72.0	
57.0	
60.0	
78.0	
82.0	
87.0	
90.0	
108.0	
107.0	
108.0	
125.0	
126.0	
135.0	
125.0	
131.0	
141.0	
157.0	
170.0	
173.0	
176.0	
193.0	
183.0	
194.0	
200.0	
204.0	
210.0	
212.0	
213.0	
228.0	
243.0	
251.0	
261.0	
254.0	
258.0	
279.0	
285.0	
280.0	
297.0	
301.0	
298.0	
308.0	
314.0	
318.0	
328.0	
344.0	
346.0	
344.0	
353.0	
348.0	
354.0	
364.0	
379.0	
381.0	
381.0	
392.0	
391.0	
392.0	
397.0	
405.0	
410.0	
420.0	
423.0	
420.0	
423.0	
435.0	
447.0	
441.0	
442.0	
447.0	
441.0	
452.0	
458.0	
459.0	
462.0	
457.0	
449.0	
453.0	
456.0	
461.0	
465.0	
456.0	
468.0	
468.0	
468.0	
466.0	
469.0	
457.0	
460.0	
465.0	
453.0	
454.0	
447.0	
455.0	
460.0	
460.0	
456.0	
462.0	
469.0	
442.0	
443.0	
436.0	
440.0	
442.0	
448.0	
452.0	
446.0	
447.0	
434.0	
441.0	
446.0	
444.0	
439.0	
429.0	
445.0	
452.0	
441.0	
446.0	
437.0	
435.0	
435.0	
424.0	
416.0	
429.0	
423.0	
429.0	
427.0	
419.0	
418.0	
397.0	
399.0	
402.0	
398.0	
404.0	
406.0	
398.0	
402.0	
400.0	
387.0	
386.0	
395.0	
395.0	
386.0	
403.0	
392.0	
382.0	
388.0	
375.0	
374.0	
368.0	
379.0	
381.0	
373.0	
372.0	
364.0	
345.0	
362.0	
360.0	
345.0	
342.0	
335.0	
333.0	
318.0	
330.0	
321.0	
315.0	
313.0	
299.0	
301.0	
287.0	
297.0	
284.0	
273.0	
285.0	
263.0	
265.0	
257.0	
243.0	
243.0	
240.0	
221.0	
215.0	
221.0	
217.0	
197.0	
198.0	
217.0	
207.0	
206.0	
179.0	
178.0	
184.0	
177.0	
168.0	
155.0	
167.0	
164.0	
155.0	
152.0	
147.0	
130.0	
125.0	
125.0	
132.0	
115.0	
111.0	
105.0	
104.0	
97.0	
105.0	
102.0	
95.0	
93.0	
89.0	
75.0	
72.0	
73.0	
66.0	
70.0	
62.0	
69.0	
54.0	
37.0	
25.0	
32.0	
28.0	
37.0	
28.0	
6.0	
7.0	
13.0	
4.0	
4.0	
-5.0	
-8.0	
-7.0	
-16.0	
-6.0	
-3.0	
-16.0	
-29.0	
-15.0	
-19.0	
-26.0	
-30.0	
-18.0	
-32.0	
-29.0	
-28.0	
-45.0	
-36.0	
-22.0	
-42.0	
-32.0	
-28.0	
-34.0	
-38.0	
-43.0	
-36.0	
-39.0	
-27.0	
-30.0	
-36.0	
-34.0	
-31.0	
-16.0	
-17.0	
-25.0	
-21.0	
-23.0	
-36.0	
-21.0	
-26.0	
-36.0	
-19.0	
-10.0	
-7.0	
-6.0	
4.0	
18.0	
0.0	
-2.0	
15.0	
15.0	
0.0	
1.0	
5.0	
20.0	
34.0	
28.0	
29.0	
39.0	
32.0	
43.0	
34.0	
47.0	
67.0	
63.0	
61.0	
66.0	
61.0	
78.0	
63.0	
76.0	
86.0	
83.0	
95.0	
90.0	
84.0	
95.0	
102.0	
100.0	
97.0	
113.0	
114.0	
122.0	
131.0	
136.0	
132.0	
142.0	
149.0	
143.0	
129.0	
143.0	
139.0	
148.0	
159.0	
150.0	
151.0	
146.0	
152.0	
153.0	
164.0	
172.0	
177.0	
165.0	
171.0	
177.0	
185.0	
185.0	
184.0	
191.0	
198.0	
200.0	
210.0	
192.0	
200.0	
208.0	
208.0	
211.0	
196.0	
195.0	
201.0	
198.0	
188.0	
205.0	
201.0	
201.0	
210.0	
217.0	
213.0	
206.0	
201.0	
209.0	
226.0	
209.0	
207.0	
202.0	
203.0	
200.0	
195.0	
190.0	
202.0	
209.0	
198.0	
198.0	
202.0	
198.0	
186.0	
185.0	
180.0	
167.0	
184.0	
189.0	
176.0	
168.0	
165.0	
173.0	
169.0	
172.0	
165.0	
156.0	
154.0	
162.0	
136.0	
145.0	
145.0	
146.0	
154.0	
143.0	
132.0	
138.0	
131.0	
133.0	
137.0	
124.0	
111.0	
95.0	
82.0	
95.0	
96.0	
83.0	
90.0	
96.0	
87.0	
84.0	
74.0	
75.0	
64.0	
67.0	
51.0	
47.0	
42.0	
46.0	
52.0	
36.0	
41.0	
30.0	
28.0	
40.0	
31.0	
32.0	
30.0	
18.0	
20.0	
17.0	
16.0	
13.0	
7.0	
-5.0	
0.0	
-1.0	
-9.0	
-15.0	
-22.0	
-17.0	
-15.0	
-9.0	
-24.0	
-25.0	
-28.0	
-24.0	
-23.0	
-38.0	
-16.0	
-26.0	
-30.0	
-39.0	
-47.0	
-47.0	
-57.0	
-55.0	
-43.0	
-50.0	
-53.0	
-56.0	
-57.0	
-66.0	
-67.0	
-61.0	
-60.0	
-64.0	
-88.0	
-88.0	
-79.0	
-80.0	
-79.0	
-81.0	
-78.0	
-73.0	
-84.0	
-91.0	
-88.0	
-92.0	
-86.0	
-96.0	
-104.0	
-108.0	
-98.0	
-95.0	
-112.0	
-110.0	
-114.0	
-119.0	
-110.0	
-105.0	
-126.0	
-120.0	
-110.0	
-125.0	
-123.0	
-125.0	
-112.0	
-121.0	
-111.0	
-102.0	
-124.0	
-124.0	
-120.0	
-114.0	
-124.0	
-130.0	
-127.0	
-121.0	
-116.0	
-133.0	
-124.0	
-118.0	
-118.0	
-114.0	
-115.0	
-115.0	
-126.0	
-112.0	
-110.0	
-122.0	
-125.0	
-132.0	
-131.0	
-116.0	
-120.0	
-118.0	
-97.0	
-98.0	
-98.0	
-101.0	
-99.0	
-99.0	
-96.0	
-98.0	
-86.0	
-88.0	
-82.0	
-83.0	
-69.0	
-55.0	
-50.0	
-57.0	
-73.0	
-69.0	
-53.0	
-52.0	
-46.0	
-50.0	
-50.0	
-55.0	
