56.0	
57.0	
42.0	
42.0	
39.0	
17.0	
23.0	
27.0	
27.0	
23.0	
16.0	
6.0	
0.0	
-9.0	
-15.0	
-8.0	
-3.0	
-19.0	
-20.0	
-35.0	
-34.0	
-30.0	
-24.0	
-37.0	
-38.0	
-24.0	
-44.0	
-46.0	
-51.0	
-63.0	
-56.0	
-57.0	
-61.0	
-58.0	
-72.0	
-81.0	
-77.0	
-74.0	
-88.0	
-91.0	
-88.0	
-103.0	
-101.0	
-90.0	
-98.0	
-95.0	
-93.0	
-102.0	
-119.0	
-128.0	
-123.0	
-125.0	
-130.0	
-136.0	
-139.0	
-135.0	
-147.0	
-157.0	
-141.0	
-158.0	
-161.0	
-161.0	
-163.0	
-175.0	
-174.0	
-172.0	
-181.0	
-188.0	
-180.0	
-193.0	
-206.0	
-201.0	
-201.0	
-194.0	
-202.0	
-219.0	
-202.0	
-209.0	
-212.0	
-209.0	
-216.0	
-232.0	
-215.0	
-233.0	
-238.0	
-228.0	
-233.0	
-232.0	
-235.0	
-242.0	
-248.0	
-242.0	
-244.0	
-247.0	
-237.0	
-251.0	
-249.0	
-241.0	
-249.0	
-249.0	
-262.0	
-256.0	
-266.0	
-264.0	
-246.0	
-251.0	
-245.0	
-251.0	
-252.0	
-234.0	
-235.0	
-240.0	
-248.0	
-239.0	
-243.0	
-239.0	
-225.0	
-239.0	
-238.0	
-226.0	
-235.0	
-233.0	
-234.0	
-232.0	
-246.0	
-232.0	
-220.0	
-225.0	
-220.0	
-226.0	
-220.0	
-225.0	
-217.0	
-221.0	
-227.0	
-217.0	
-209.0	
-206.0	
-203.0	
-197.0	
-195.0	
-200.0	
-192.0	
-180.0	
-185.0	
-182.0	
-185.0	
-194.0	
-180.0	
-164.0	
-158.0	
-159.0	
-161.0	
-154.0	
-160.0	
-152.0	
-140.0	
-138.0	
-144.0	
-141.0	
-122.0	
-120.0	
-132.0	
-119.0	
-114.0	
-113.0	
-107.0	
-101.0	
-105.0	
-113.0	
-94.0	
-84.0	
-68.0	
-65.0	
-57.0	
-62.0	
-71.0	
-60.0	
-60.0	
-45.0	
-46.0	
-34.0	
-27.0	
-26.0	
-27.0	
-31.0	
-20.0	
-15.0	
-6.0	
-13.0	
-6.0	
15.0	
-6.0	
-1.0	
12.0	
16.0	
27.0	
18.0	
29.0	
36.0	
45.0	
59.0	
59.0	
66.0	
66.0	
67.0	
62.0	
73.0	
90.0	
92.0	
99.0	
117.0	
106.0	
116.0	
125.0	
123.0	
118.0	
125.0	
127.0	
127.0	
148.0	
150.0	
148.0	
131.0	
155.0	
146.0	
141.0	
143.0	
142.0	
149.0	
155.0	
164.0	
159.0	
154.0	
162.0	
160.0	
156.0	
155.0	
158.0	
168.0	
160.0	
170.0	
183.0	
180.0	
188.0	
188.0	
187.0	
190.0	
184.0	
186.0	
202.0	
201.0	
203.0	
201.0	
185.0	
186.0	
196.0	
204.0	
190.0	
200.0	
202.0	
206.0	
206.0	
207.0	
203.0	
193.0	
194.0	
194.0	
203.0	
195.0	
200.0	
199.0	
189.0	
176.0	
171.0	
177.0	
179.0	
177.0	
184.0	
185.0	
161.0	
167.0	
171.0	
165.0	
157.0	
161.0	
152.0	
157.0	
148.0	
139.0	
133.0	
130.0	
113.0	
113.0	
114.0	
113.0	
115.0	
104.0	
112.0	
99.0	
102.0	
98.0	
84.0	
73.0	
74.0	
60.0	
51.0	
50.0	
61.0	
45.0	
29.0	
27.0	
27.0	
21.0	
16.0	
16.0	
18.0	
16.0	
-11.0	
-9.0	
-22.0	
-7.0	
-8.0	
-15.0	
-15.0	
-18.0	
-27.0	
-31.0	
-51.0	
-48.0	
-63.0	
-60.0	
-55.0	
-60.0	
-67.0	
-77.0	
-79.0	
-77.0	
-82.0	
-87.0	
-102.0	
-100.0	
-89.0	
-90.0	
-88.0	
-88.0	
-106.0	
-125.0	
-124.0	
-119.0	
-121.0	
-135.0	
-138.0	
-133.0	
-137.0	
-143.0	
-141.0	
-135.0	
-137.0	
-150.0	
-154.0	
-157.0	
-152.0	
-153.0	
-153.0	
-154.0	
-156.0	
-160.0	
-162.0	
-157.0	
-154.0	
-155.0	
-145.0	
-154.0	
-155.0	
-149.0	
-150.0	
-150.0	
-162.0	
-154.0	
-151.0	
-141.0	
-151.0	
-141.0	
-141.0	
-146.0	
-141.0	
-141.0	
-138.0	
-144.0	
-150.0	
-139.0	
-132.0	
-141.0	
-149.0	
-130.0	
-132.0	
-139.0	
-144.0	
-136.0	
-133.0	
-125.0	
-128.0	
-127.0	
-118.0	
-117.0	
-127.0	
-115.0	
-106.0	
-98.0	
-99.0	
-101.0	
-88.0	
-104.0	
-95.0	
-98.0	
-108.0	
-103.0	
-99.0	
-84.0	
-72.0	
-78.0	
-81.0	
-89.0	
-76.0	
-79.0	
-78.0	
-70.0	
-75.0	
-79.0	
-54.0	
-53.0	
-51.0	
-52.0	
-53.0	
-54.0	
-41.0	
-35.0	
-37.0	
-33.0	
-36.0	
-35.0	
-35.0	
-41.0	
-25.0	
-23.0	
-30.0	
-23.0	
-22.0	
-14.0	
-11.0	
-10.0	
1.0	
1.0	
0.0	
-3.0	
-2.0	
9.0	
12.0	
20.0	
20.0	
10.0	
13.0	
33.0	
47.0	
33.0	
34.0	
33.0	
28.0	
30.0	
40.0	
41.0	
60.0	
56.0	
51.0	
68.0	
73.0	
70.0	
66.0	
73.0	
65.0	
61.0	
66.0	
85.0	
77.0	
80.0	
80.0	
87.0	
93.0	
84.0	
94.0	
88.0	
82.0	
88.0	
106.0	
106.0	
105.0	
104.0	
104.0	
106.0	
101.0	
90.0	
106.0	
118.0	
113.0	
125.0	
116.0	
104.0	
106.0	
99.0	
112.0	
108.0	
104.0	
110.0	
115.0	
96.0	
91.0	
96.0	
114.0	
117.0	
119.0	
105.0	
96.0	
107.0	
107.0	
105.0	
102.0	
102.0	
106.0	
100.0	
100.0	
111.0	
112.0	
106.0	
104.0	
92.0	
119.0	
118.0	
114.0	
104.0	
111.0	
101.0	
116.0	
118.0	
116.0	
113.0	
118.0	
110.0	
115.0	
104.0	
101.0	
110.0	
122.0	
113.0	
120.0	
105.0	
98.0	
98.0	
96.0	
102.0	
115.0	
117.0	
108.0	
99.0	
95.0	
94.0	
101.0	
110.0	
102.0	
100.0	
83.0	
96.0	
108.0	
86.0	
69.0	
87.0	
90.0	
92.0	
108.0	
90.0	
81.0	
80.0	
80.0	
80.0	
83.0	
82.0	
66.0	
58.0	
63.0	
77.0	
84.0	
72.0	
62.0	
72.0	
78.0	
67.0	
60.0	
69.0	
59.0	
59.0	
49.0	
27.0	
52.0	
51.0	
40.0	
41.0	
45.0	
39.0	
31.0	
34.0	
33.0	
26.0	
32.0	
25.0	
25.0	
15.0	
20.0	
20.0	
31.0	
11.0	
