-109.0	
-130.0	
-161.0	
-170.0	
-175.0	
-170.0	
-189.0	
-207.0	
-208.0	
-227.0	
-239.0	
-242.0	
-249.0	
-250.0	
-261.0	
-283.0	
-293.0	
-300.0	
-315.0	
-314.0	
-328.0	
-353.0	
-349.0	
-353.0	
-365.0	
-365.0	
-377.0	
-375.0	
-378.0	
-388.0	
-408.0	
-399.0	
-410.0	
-427.0	
-428.0	
-434.0	
-447.0	
-455.0	
-448.0	
-456.0	
-469.0	
-466.0	
-474.0	
-485.0	
-473.0	
-471.0	
-480.0	
-494.0	
-499.0	
-492.0	
-502.0	
-520.0	
-520.0	
-507.0	
-524.0	
-525.0	
-511.0	
-518.0	
-533.0	
-534.0	
-531.0	
-531.0	
-526.0	
-524.0	
-530.0	
-537.0	
-530.0	
-537.0	
-550.0	
-539.0	
-540.0	
-543.0	
-532.0	
-534.0	
-526.0	
-530.0	
-532.0	
-530.0	
-522.0	
-516.0	
-503.0	
-511.0	
-497.0	
-498.0	
-495.0	
-498.0	
-491.0	
-479.0	
-493.0	
-481.0	
-478.0	
-478.0	
-465.0	
-467.0	
-456.0	
-452.0	
-455.0	
-452.0	
-421.0	
-409.0	
-412.0	
-403.0	
-398.0	
-395.0	
-382.0	
-366.0	
-368.0	
-357.0	
-353.0	
-340.0	
-316.0	
-320.0	
-317.0	
-298.0	
-296.0	
-289.0	
-270.0	
-269.0	
-254.0	
-240.0	
-245.0	
-238.0	
-211.0	
-210.0	
-208.0	
-194.0	
-179.0	
-162.0	
-159.0	
-164.0	
-148.0	
-141.0	
-134.0	
-127.0	
-130.0	
-112.0	
-102.0	
-95.0	
-71.0	
-76.0	
-62.0	
-56.0	
-43.0	
-40.0	
-35.0	
-12.0	
-1.0	
16.0	
20.0	
36.0	
48.0	
49.0	
71.0	
71.0	
65.0	
90.0	
88.0	
89.0	
97.0	
126.0	
137.0	
134.0	
154.0	
152.0	
155.0	
166.0	
187.0	
190.0	
196.0	
212.0	
219.0	
226.0	
226.0	
240.0	
253.0	
257.0	
248.0	
262.0	
282.0	
290.0	
293.0	
299.0	
301.0	
314.0	
326.0	
328.0	
333.0	
339.0	
346.0	
347.0	
354.0	
361.0	
363.0	
364.0	
373.0	
383.0	
385.0	
391.0	
388.0	
393.0	
380.0	
400.0	
401.0	
407.0	
408.0	
412.0	
418.0	
427.0	
431.0	
426.0	
422.0	
411.0	
424.0	
430.0	
412.0	
433.0	
439.0	
427.0	
439.0	
451.0	
439.0	
443.0	
443.0	
453.0	
436.0	
443.0	
449.0	
453.0	
439.0	
425.0	
443.0	
447.0	
441.0	
436.0	
434.0	
428.0	
432.0	
434.0	
433.0	
430.0	
408.0	
403.0	
410.0	
424.0	
408.0	
404.0	
416.0	
423.0	
405.0	
379.0	
411.0	
405.0	
379.0	
377.0	
392.0	
376.0	
369.0	
362.0	
368.0	
352.0	
346.0	
346.0	
346.0	
339.0	
335.0	
326.0	
331.0	
330.0	
317.0	
313.0	
293.0	
287.0	
283.0	
283.0	
280.0	
273.0	
263.0	
251.0	
241.0	
236.0	
237.0	
240.0	
230.0	
236.0	
242.0	
229.0	
215.0	
208.0	
194.0	
185.0	
171.0	
171.0	
168.0	
169.0	
169.0	
147.0	
136.0	
127.0	
128.0	
116.0	
113.0	
110.0	
111.0	
122.0	
90.0	
91.0	
96.0	
79.0	
64.0	
64.0	
60.0	
56.0	
47.0	
32.0	
29.0	
20.0	
16.0	
13.0	
2.0	
-3.0	
-10.0	
-9.0	
-7.0	
-6.0	
-32.0	
-39.0	
-56.0	
-48.0	
-48.0	
-48.0	
-51.0	
-54.0	
-55.0	
-72.0	
-75.0	
-85.0	
-96.0	
-105.0	
-107.0	
-103.0	
-114.0	
-124.0	
-119.0	
-134.0	
-149.0	
-141.0	
-144.0	
-157.0	
-158.0	
-156.0	
-161.0	
-165.0	
-165.0	
-180.0	
-198.0	
-183.0	
-184.0	
-187.0	
-198.0	
-199.0	
-194.0	
-216.0	
-213.0	
-199.0	
-219.0	
-220.0	
-234.0	
-232.0	
-206.0	
-222.0	
-229.0	
-225.0	
-231.0	
-232.0	
-228.0	
-240.0	
-236.0	
-240.0	
-236.0	
-236.0	
-245.0	
-245.0	
-222.0	
-228.0	
-235.0	
-226.0	
-227.0	
-236.0	
-246.0	
-239.0	
-235.0	
-232.0	
-238.0	
-248.0	
-238.0	
-244.0	
-259.0	
-241.0	
-236.0	
-245.0	
-257.0	
-238.0	
-240.0	
-235.0	
-217.0	
-222.0	
-230.0	
-239.0	
-226.0	
-230.0	
-211.0	
-206.0	
-214.0	
-212.0	
-207.0	
-218.0	
-201.0	
-192.0	
-195.0	
-187.0	
-182.0	
-179.0	
-194.0	
-190.0	
-182.0	
-178.0	
-180.0	
-179.0	
-170.0	
-167.0	
-161.0	
-165.0	
-162.0	
-151.0	
-143.0	
-139.0	
-128.0	
-144.0	
-137.0	
-125.0	
-124.0	
-121.0	
-131.0	
-121.0	
-110.0	
-102.0	
-105.0	
-102.0	
-97.0	
-97.0	
-100.0	
-77.0	
-77.0	
-81.0	
-77.0	
-79.0	
-70.0	
-71.0	
-59.0	
-56.0	
-58.0	
-48.0	
-46.0	
-48.0	
-41.0	
-41.0	
-28.0	
-28.0	
-26.0	
-22.0	
-15.0	
-18.0	
-8.0	
-11.0	
-10.0	
-2.0	
-2.0	
0.0	
-9.0	
1.0	
29.0	
-3.0	
4.0	
9.0	
11.0	
7.0	
34.0	
43.0	
20.0	
16.0	
32.0	
29.0	
38.0	
47.0	
42.0	
44.0	
41.0	
32.0	
40.0	
43.0	
54.0	
51.0	
56.0	
60.0	
78.0	
79.0	
63.0	
72.0	
73.0	
74.0	
60.0	
61.0	
79.0	
66.0	
58.0	
64.0	
84.0	
67.0	
59.0	
64.0	
57.0	
59.0	
74.0	
69.0	
71.0	
53.0	
57.0	
63.0	
64.0	
58.0	
63.0	
69.0	
60.0	
59.0	
76.0	
58.0	
65.0	
69.0	
67.0	
76.0	
61.0	
53.0	
51.0	
51.0	
45.0	
41.0	
51.0	
54.0	
55.0	
36.0	
46.0	
44.0	
57.0	
56.0	
36.0	
32.0	
44.0	
