95.0	
85.0	
78.0	
85.0	
94.0	
105.0	
112.0	
106.0	
103.0	
107.0	
116.0	
119.0	
115.0	
121.0	
135.0	
142.0	
137.0	
137.0	
144.0	
158.0	
153.0	
149.0	
157.0	
173.0	
185.0	
163.0	
178.0	
188.0	
188.0	
182.0	
189.0	
192.0	
196.0	
201.0	
216.0	
213.0	
208.0	
223.0	
231.0	
237.0	
239.0	
235.0	
232.0	
227.0	
228.0	
236.0	
245.0	
242.0	
267.0	
278.0	
268.0	
269.0	
284.0	
287.0	
297.0	
297.0	
286.0	
307.0	
299.0	
303.0	
303.0	
293.0	
308.0	
315.0	
313.0	
318.0	
320.0	
322.0	
332.0	
333.0	
317.0	
320.0	
335.0	
337.0	
330.0	
331.0	
339.0	
328.0	
334.0	
343.0	
338.0	
344.0	
338.0	
346.0	
339.0	
334.0	
334.0	
343.0	
348.0	
350.0	
345.0	
348.0	
346.0	
345.0	
354.0	
344.0	
326.0	
327.0	
333.0	
340.0	
333.0	
325.0	
335.0	
336.0	
324.0	
321.0	
335.0	
339.0	
330.0	
337.0	
323.0	
336.0	
332.0	
312.0	
318.0	
326.0	
324.0	
326.0	
326.0	
312.0	
310.0	
313.0	
300.0	
301.0	
316.0	
307.0	
322.0	
306.0	
292.0	
294.0	
305.0	
279.0	
290.0	
284.0	
272.0	
278.0	
282.0	
273.0	
271.0	
273.0	
259.0	
260.0	
252.0	
245.0	
253.0	
258.0	
247.0	
243.0	
247.0	
236.0	
237.0	
235.0	
227.0	
224.0	
226.0	
220.0	
212.0	
201.0	
194.0	
192.0	
199.0	
186.0	
184.0	
207.0	
185.0	
169.0	
177.0	
173.0	
175.0	
174.0	
166.0	
172.0	
166.0	
155.0	
153.0	
151.0	
137.0	
125.0	
124.0	
122.0	
115.0	
123.0	
127.0	
106.0	
109.0	
97.0	
92.0	
83.0	
79.0	
77.0	
74.0	
74.0	
68.0	
62.0	
56.0	
44.0	
39.0	
31.0	
28.0	
23.0	
17.0	
20.0	
14.0	
13.0	
19.0	
9.0	
-3.0	
-11.0	
-10.0	
-10.0	
-26.0	
-32.0	
-32.0	
-35.0	
-28.0	
-51.0	
-58.0	
-63.0	
-71.0	
-66.0	
-74.0	
-92.0	
-84.0	
-80.0	
-87.0	
-98.0	
-98.0	
-99.0	
-107.0	
-109.0	
-111.0	
-129.0	
-121.0	
-126.0	
-146.0	
-145.0	
-151.0	
-159.0	
-172.0	
-175.0	
-176.0	
-183.0	
-183.0	
-181.0	
-191.0	
-185.0	
-208.0	
-214.0	
-210.0	
-215.0	
-224.0	
-225.0	
-233.0	
-242.0	
-237.0	
-236.0	
-237.0	
-250.0	
-242.0	
-257.0	
-272.0	
-270.0	
-270.0	
-265.0	
-283.0	
-282.0	
-280.0	
-283.0	
-292.0	
-292.0	
-287.0	
-295.0	
-298.0	
-301.0	
-301.0	
-310.0	
-314.0	
-313.0	
-314.0	
-326.0	
-312.0	
-326.0	
-329.0	
-333.0	
-333.0	
-317.0	
-339.0	
-331.0	
-341.0	
-332.0	
-344.0	
-355.0	
-332.0	
-336.0	
-347.0	
-350.0	
-347.0	
-339.0	
-333.0	
-336.0	
-332.0	
-329.0	
-329.0	
-337.0	
-341.0	
-346.0	
-346.0	
-334.0	
-349.0	
-350.0	
-352.0	
-358.0	
-341.0	
-321.0	
-330.0	
-326.0	
-333.0	
-320.0	
-321.0	
-324.0	
-329.0	
-340.0	
-314.0	
-321.0	
-323.0	
-316.0	
-319.0	
-308.0	
-302.0	
-299.0	
-307.0	
-302.0	
-292.0	
-306.0	
-296.0	
-309.0	
-319.0	
-299.0	
-286.0	
-276.0	
-275.0	
-279.0	
-262.0	
-251.0	
-262.0	
-259.0	
-262.0	
-251.0	
-244.0	
-248.0	
-246.0	
-226.0	
-225.0	
-225.0	
-234.0	
-226.0	
-228.0	
-204.0	
-215.0	
-217.0	
-192.0	
-200.0	
-190.0	
-191.0	
-179.0	
-192.0	
-189.0	
-174.0	
-172.0	
-156.0	
-145.0	
-145.0	
-143.0	
-145.0	
-128.0	
-133.0	
-132.0	
-134.0	
-129.0	
-111.0	
-98.0	
-95.0	
-101.0	
-96.0	
-100.0	
-84.0	
-80.0	
-83.0	
-65.0	
-65.0	
-54.0	
-53.0	
-45.0	
-44.0	
-38.0	
-31.0	
-25.0	
-25.0	
-22.0	
-14.0	
0.0	
-8.0	
-5.0	
19.0	
11.0	
12.0	
12.0	
14.0	
26.0	
22.0	
19.0	
39.0	
29.0	
68.0	
62.0	
58.0	
58.0	
64.0	
72.0	
82.0	
76.0	
74.0	
92.0	
92.0	
92.0	
97.0	
114.0	
108.0	
112.0	
119.0	
122.0	
139.0	
139.0	
136.0	
141.0	
134.0	
137.0	
144.0	
150.0	
157.0	
161.0	
160.0	
164.0	
169.0	
177.0	
175.0	
170.0	
173.0	
175.0	
177.0	
194.0	
192.0	
191.0	
194.0	
200.0	
198.0	
192.0	
208.0	
205.0	
211.0	
211.0	
210.0	
210.0	
227.0	
219.0	
213.0	
218.0	
230.0	
233.0	
228.0	
239.0	
229.0	
221.0	
228.0	
237.0	
237.0	
220.0	
227.0	
239.0	
232.0	
237.0	
235.0	
237.0	
235.0	
247.0	
249.0	
240.0	
241.0	
236.0	
242.0	
224.0	
221.0	
220.0	
230.0	
231.0	
234.0	
232.0	
226.0	
214.0	
203.0	
212.0	
215.0	
231.0	
233.0	
214.0	
208.0	
210.0	
224.0	
213.0	
213.0	
208.0	
212.0	
207.0	
207.0	
206.0	
208.0	
193.0	
201.0	
205.0	
187.0	
178.0	
169.0	
194.0	
193.0	
177.0	
175.0	
169.0	
178.0	
184.0	
191.0	
192.0	
181.0	
159.0	
165.0	
172.0	
167.0	
168.0	
171.0	
164.0	
163.0	
147.0	
150.0	
158.0	
142.0	
138.0	
142.0	
139.0	
122.0	
123.0	
119.0	
113.0	
121.0	
110.0	
99.0	
113.0	
127.0	
100.0	
102.0	
99.0	
96.0	
90.0	
85.0	
83.0	
79.0	
76.0	
73.0	
75.0	
76.0	
67.0	
60.0	
47.0	
57.0	
57.0	
41.0	
38.0	
51.0	
39.0	
39.0	
47.0	
30.0	
19.0	
13.0	
29.0	
28.0	
9.0	
2.0	
4.0	
9.0	
16.0	
-7.0	
-2.0	
4.0	
-1.0	
-3.0	
-6.0	
-1.0	
-19.0	
-21.0	
-23.0	
-25.0	
-37.0	
-39.0	
-44.0	
-40.0	
-41.0	
-56.0	
-45.0	
-53.0	
-55.0	
-54.0	
-57.0	
-69.0	
-66.0	
-72.0	
-57.0	
-58.0	
-53.0	
-59.0	
-79.0	
-76.0	
-83.0	
-78.0	
-76.0	
-72.0	
-75.0	
-77.0	
-80.0	
-66.0	
-77.0	
-88.0	
-83.0	
-79.0	
-86.0	
-102.0	
-115.0	
-104.0	
-109.0	
-106.0	
-107.0	
-107.0	
-104.0	
-95.0	
-98.0	
-109.0	
-114.0	
-112.0	
-117.0	
-114.0	
-111.0	
-112.0	
-113.0	
-119.0	
-119.0	
-103.0	
-106.0	
-107.0	
-105.0	
-106.0	
-111.0	
-119.0	
-115.0	
-124.0	
-116.0	
-127.0	
-141.0	
-122.0	
-120.0	
-125.0	
-127.0	
-128.0	
-129.0	
-123.0	
-111.0	
-119.0	
-124.0	
-113.0	
-124.0	
-123.0	
-119.0	
-113.0	
-125.0	
-127.0	
-116.0	
-124.0	
-125.0	
-126.0	
-125.0	
-129.0	
-131.0	
-121.0	
-128.0	
-117.0	
-126.0	
-116.0	
-97.0	
-117.0	
-124.0	
-124.0	
-128.0	
-125.0	
-115.0	
-110.0	
-107.0	
-126.0	
-131.0	
-123.0	
-114.0	
-114.0	
-106.0	
-107.0	
-115.0	
-122.0	
-115.0	
-113.0	
-122.0	
-108.0	
-110.0	
-109.0	
-127.0	
-115.0	
-97.0	
-103.0	
-97.0	
-92.0	
-113.0	
-95.0	
-97.0	
-108.0	
-96.0	
-100.0	
-90.0	
-97.0	
-95.0	
-82.0	
-89.0	
-98.0	
-84.0	
-84.0	
-85.0	
-78.0	
-87.0	
-90.0	
-77.0	
-94.0	
-91.0	
-93.0	
-80.0	
-78.0	
-82.0	
-76.0	
-76.0	
-77.0	
-67.0	
-63.0	
-72.0	
-69.0	
-75.0	
-62.0	
-58.0	
-61.0	
-62.0	
-57.0	
-59.0	
-64.0	
-66.0	
-63.0	
-65.0	
-54.0	
-61.0	
-53.0	
-49.0	
-49.0	
-55.0	
-45.0	
-40.0	
-42.0	
-49.0	
-50.0	
-41.0	
-46.0	
-33.0	
-30.0	
-27.0	
-22.0	
-16.0	
-29.0	
-29.0	
-19.0	
-24.0	
-24.0	
-7.0	
-14.0	
0.0	
-7.0	
-5.0	
-9.0	
-11.0	
0.0	
4.0	
5.0	
0.0	
0.0	
6.0	
6.0	
15.0	
12.0	
20.0	
20.0	
23.0	
35.0	
20.0	
13.0	
35.0	
45.0	
30.0	
24.0	
38.0	
50.0	
36.0	
44.0	
51.0	
48.0	
54.0	
54.0	
53.0	
52.0	
57.0	
60.0	
61.0	
68.0	
59.0	
59.0	
62.0	
62.0	
72.0	
86.0	
80.0	
71.0	
73.0	
85.0	
78.0	
91.0	
90.0	
84.0	
91.0	
89.0	
105.0	
105.0	
86.0	
91.0	
121.0	
117.0	
105.0	
125.0	
124.0	
115.0	
119.0	
126.0	
108.0	
104.0	
130.0	
146.0	
137.0	
136.0	
129.0	
136.0	
142.0	
140.0	
131.0	
148.0	
153.0	
147.0	
128.0	
127.0	
135.0	
138.0	
154.0	
146.0	
140.0	
129.0	
139.0	
146.0	
139.0	
143.0	
146.0	
147.0	
150.0	
163.0	
149.0	
156.0	
159.0	
153.0	
157.0	
149.0	
150.0	
148.0	
165.0	
180.0	
167.0	
161.0	
171.0	
166.0	
159.0	
165.0	
172.0	
172.0	
171.0	
160.0	
168.0	
160.0	
160.0	
165.0	
159.0	
166.0	
171.0	
171.0	
165.0	
159.0	
164.0	
178.0	
170.0	
173.0	
179.0	
172.0	
170.0	
180.0	
181.0	
174.0	
170.0	
177.0	
176.0	
168.0	
172.0	
155.0	
163.0	
182.0	
171.0	
176.0	
158.0	
153.0	
149.0	
147.0	
163.0	
173.0	
164.0	
160.0	
167.0	
155.0	
153.0	
169.0	
165.0	
166.0	
153.0	
157.0	
159.0	
152.0	
154.0	
164.0	
166.0	
161.0	
159.0	
162.0	
145.0	
145.0	
153.0	
154.0	
142.0	
133.0	
149.0	
149.0	
127.0	
129.0	
138.0	
136.0	
126.0	
132.0	
136.0	
131.0	
134.0	
135.0	
140.0	
120.0	
114.0	
119.0	
121.0	
110.0	
117.0	
115.0	
117.0	
104.0	
90.0	
100.0	
103.0	
109.0	
104.0	
109.0	
99.0	
106.0	
91.0	
94.0	
98.0	
81.0	
91.0	
85.0	
85.0	
86.0	
74.0	
77.0	
82.0	
79.0	
69.0	
84.0	
63.0	
60.0	
73.0	
68.0	
63.0	
57.0	
60.0	
67.0	
55.0	
52.0	
74.0	
66.0	
50.0	
46.0	
43.0	
41.0	
43.0	
41.0	
50.0	
29.0	
26.0	
15.0	
22.0	
25.0	
24.0	
24.0	
32.0	
30.0	
24.0	
25.0	
12.0	
24.0	
18.0	
14.0	
-2.0	
10.0	
16.0	
5.0	
-3.0	
-3.0	
-4.0	
-12.0	
-13.0	
-17.0	
-22.0	
-15.0	
-15.0	
-16.0	
-3.0	
-25.0	
-35.0	
-33.0	
-23.0	
-24.0	
-23.0	
-22.0	
-34.0	
-43.0	
-43.0	
-42.0	
-42.0	
-26.0	
-21.0	
-48.0	
-40.0	
-40.0	
-40.0	
-40.0	
-37.0	
-47.0	
-44.0	
-32.0	
-40.0	
-59.0	
-67.0	
-49.0	
-55.0	
-65.0	
-53.0	
-54.0	
-53.0	
-62.0	
-54.0	
-60.0	
-66.0	
-60.0	
-69.0	
-59.0	
-60.0	
-75.0	
-62.0	
-73.0	
-76.0	
-73.0	
-62.0	
-70.0	
-70.0	
-64.0	
-79.0	
-80.0	
-75.0	
-62.0	
-69.0	
-64.0	
-63.0	
-65.0	
-71.0	
-86.0	
-78.0	
-70.0	
-62.0	
-74.0	
-78.0	
-76.0	
-73.0	
-80.0	
-79.0	
-84.0	
-87.0	
-80.0	
-83.0	
-81.0	
-88.0	
-93.0	
-82.0	
-93.0	
-86.0	
-90.0	
-76.0	
-90.0	
-77.0	
-73.0	
-79.0	
-85.0	
-95.0	
-93.0	
-89.0	
-77.0	
-76.0	
-80.0	
-87.0	
-86.0	
-95.0	
-98.0	
-102.0	
-89.0	
-90.0	
-97.0	
-100.0	
-98.0	
-103.0	
-107.0	
-105.0	
-99.0	
-98.0	
-94.0	
-91.0	
-87.0	
-80.0	
-81.0	
-77.0	
-87.0	
-103.0	
-100.0	
-74.0	
-74.0	
-86.0	
-90.0	
-69.0	
-75.0	
-86.0	
-86.0	
-89.0	
-91.0	
-92.0	
-85.0	
-84.0	
-78.0	
-91.0	
-74.0	
-76.0	
-81.0	
-80.0	
-93.0	
-82.0	
-87.0	
-82.0	
-80.0	
-68.0	
-81.0	
-82.0	
-90.0	
-79.0	
-69.0	
-87.0	
-99.0	
-74.0	
-89.0	
-91.0	
-97.0	
-93.0	
-94.0	
-86.0	
-85.0	
-89.0	
-89.0	
-87.0	
-81.0	
-86.0	
-90.0	
-84.0	
-82.0	
-87.0	
-75.0	
-86.0	
-90.0	
-94.0	
-84.0	
-77.0	
-81.0	
-88.0	
-77.0	
-63.0	
-99.0	
-91.0	
-73.0	
-73.0	
-61.0	
-68.0	
-75.0	
-72.0	
-71.0	
-71.0	
-68.0	
-73.0	
-71.0	
-71.0	
-66.0	
-56.0	
-85.0	
-80.0	
-65.0	
-77.0	
-77.0	
-68.0	
-82.0	
-71.0	
-68.0	
-64.0	
-77.0	
-73.0	
-65.0	
-78.0	
-69.0	
-52.0	
-54.0	
-64.0	
-60.0	
-67.0	
-63.0	
-56.0	
-57.0	
-54.0	
-61.0	
-75.0	
-74.0	
-61.0	
-59.0	
-67.0	
-54.0	
-65.0	
-66.0	
-58.0	
-49.0	
-39.0	
-41.0	
-40.0	
-57.0	
-51.0	
-59.0	
-62.0	
-49.0	
-53.0	
-49.0	
-44.0	
-63.0	
-57.0	
-60.0	
-31.0	
-43.0	
-53.0	
-47.0	
-37.0	
-34.0	
-39.0	
-43.0	
-48.0	
-30.0	
-40.0	
-43.0	
-33.0	
-36.0	
-50.0	
-44.0	
-37.0	
-35.0	
-21.0	
-33.0	
-26.0	
-28.0	
-41.0	
-32.0	
-32.0	
-24.0	
-26.0	
-26.0	
-18.0	
-24.0	
-31.0	
-34.0	
-35.0	
-25.0	
-14.0	
-12.0	
-16.0	
-20.0	
-12.0	
-16.0	
-31.0	
-20.0	
-16.0	
-15.0	
-23.0	
-9.0	
-7.0	
-24.0	
-17.0	
-19.0	
0.0	
-5.0	
0.0	
-8.0	
