308.0	
304.0	
320.0	
324.0	
336.0	
355.0	
346.0	
354.0	
356.0	
361.0	
375.0	
382.0	
377.0	
374.0	
367.0	
372.0	
382.0	
375.0	
370.0	
367.0	
350.0	
341.0	
339.0	
322.0	
311.0	
298.0	
285.0	
257.0	
242.0	
232.0	
220.0	
186.0	
154.0	
143.0	
114.0	
110.0	
72.0	
46.0	
29.0	
-7.0	
-35.0	
-54.0	
-66.0	
-98.0	
-108.0	
-134.0	
-138.0	
-149.0	
-172.0	
-199.0	
-201.0	
-207.0	
-219.0	
-227.0	
-238.0	
-242.0	
-253.0	
-264.0	
-276.0	
-278.0	
-274.0	
-283.0	
-290.0	
-285.0	
-288.0	
-296.0	
-299.0	
-306.0	
-307.0	
-299.0	
-305.0	
-306.0	
-309.0	
-324.0	
-324.0	
-339.0	
-325.0	
-315.0	
-318.0	
-304.0	
-307.0	
-308.0	
-293.0	
-297.0	
-303.0	
-301.0	
-283.0	
-281.0	
-277.0	
-274.0	
-250.0	
-236.0	
-231.0	
-221.0	
-209.0	
-202.0	
-206.0	
-186.0	
-188.0	
-176.0	
-168.0	
-168.0	
-146.0	
-129.0	
-129.0	
-117.0	
-112.0	
-123.0	
-107.0	
-84.0	
-80.0	
-76.0	
-73.0	
-59.0	
-50.0	
-48.0	
-42.0	
-31.0	
-24.0	
-28.0	
-16.0	
-14.0	
-12.0	
-5.0	
-8.0	
-3.0	
39.0	
34.0	
37.0	
44.0	
59.0	
71.0	
72.0	
61.0	
63.0	
80.0	
113.0	
137.0	
151.0	
178.0	
186.0	
196.0	
172.0	
156.0	
147.0	
167.0	
168.0	
160.0	
198.0	
224.0	
240.0	
244.0	
244.0	
245.0	
231.0	
218.0	
217.0	
217.0	
238.0	
229.0	
236.0	
271.0	
278.0	
268.0	
250.0	
233.0	
207.0	
190.0	
168.0	
166.0	
160.0	
160.0	
155.0	
153.0	
136.0	
112.0	
95.0	
87.0	
86.0	
83.0	
68.0	
66.0	
51.0	
50.0	
38.0	
37.0	
21.0	
12.0	
7.0	
5.0	
6.0	
-12.0	
-24.0	
-15.0	
-4.0	
-9.0	
-8.0	
-25.0	
-36.0	
-52.0	
-58.0	
-72.0	
-71.0	
-88.0	
-102.0	
-99.0	
-104.0	
-112.0	
-102.0	
-97.0	
-110.0	
-109.0	
-120.0	
-125.0	
-122.0	
-136.0	
-140.0	
-158.0	
-151.0	
-156.0	
-155.0	
-150.0	
-157.0	
-157.0	
-159.0	
-152.0	
-134.0	
-150.0	
-149.0	
-134.0	
-137.0	
-130.0	
-125.0	
-122.0	
-111.0	
-117.0	
-123.0	
-115.0	
-121.0	
-106.0	
-96.0	
-100.0	
-102.0	
-79.0	
-72.0	
-76.0	
-59.0	
-51.0	
-59.0	
-51.0	
-43.0	
-48.0	
-22.0	
-17.0	
-26.0	
-3.0	
9.0	
2.0	
13.0	
30.0	
7.0	
18.0	
30.0	
41.0	
43.0	
42.0	
51.0	
45.0	
38.0	
35.0	
51.0	
54.0	
47.0	
72.0	
66.0	
61.0	
57.0	
56.0	
64.0	
60.0	
70.0	
62.0	
54.0	
60.0	
61.0	
65.0	
77.0	
71.0	
71.0	
67.0	
66.0	
51.0	
52.0	
60.0	
63.0	
67.0	
61.0	
57.0	
49.0	
47.0	
50.0	
45.0	
53.0	
