249.0	
271.0	
265.0	
274.0	
293.0	
311.0	
320.0	
354.0	
358.0	
366.0	
371.0	
386.0	
402.0	
403.0	
430.0	
446.0	
441.0	
446.0	
460.0	
475.0	
483.0	
499.0	
510.0	
508.0	
513.0	
525.0	
541.0	
538.0	
548.0	
560.0	
563.0	
573.0	
584.0	
595.0	
589.0	
591.0	
600.0	
601.0	
600.0	
599.0	
599.0	
606.0	
603.0	
614.0	
631.0	
611.0	
601.0	
598.0	
621.0	
618.0	
612.0	
615.0	
613.0	
624.0	
610.0	
602.0	
607.0	
617.0	
603.0	
607.0	
597.0	
588.0	
583.0	
578.0	
587.0	
581.0	
567.0	
565.0	
560.0	
560.0	
537.0	
531.0	
533.0	
522.0	
508.0	
499.0	
493.0	
496.0	
490.0	
490.0	
476.0	
475.0	
469.0	
449.0	
428.0	
439.0	
422.0	
414.0	
417.0	
424.0	
409.0	
382.0	
380.0	
373.0	
371.0	
345.0	
336.0	
332.0	
328.0	
323.0	
297.0	
290.0	
295.0	
292.0	
289.0	
265.0	
258.0	
247.0	
250.0	
236.0	
217.0	
199.0	
190.0	
189.0	
182.0	
175.0	
155.0	
138.0	
139.0	
145.0	
139.0	
104.0	
114.0	
98.0	
86.0	
76.0	
64.0	
52.0	
56.0	
57.0	
47.0	
32.0	
11.0	
11.0	
5.0	
-11.0	
-3.0	
-19.0	
-28.0	
-37.0	
-43.0	
-44.0	
-45.0	
-70.0	
-78.0	
-82.0	
-92.0	
-89.0	
-95.0	
-101.0	
-107.0	
-113.0	
-112.0	
-131.0	
-137.0	
-144.0	
-150.0	
-140.0	
-144.0	
-166.0	
-178.0	
-164.0	
-168.0	
-177.0	
-187.0	
-187.0	
-183.0	
-185.0	
-188.0	
-187.0	
-190.0	
-198.0	
-201.0	
-196.0	
-191.0	
-181.0	
-193.0	
-203.0	
-206.0	
-203.0	
-200.0	
-199.0	
-197.0	
-203.0	
-204.0	
-200.0	
-206.0	
-193.0	
-191.0	
-185.0	
-182.0	
-182.0	
-171.0	
-179.0	
-183.0	
-167.0	
-163.0	
-154.0	
-152.0	
-136.0	
-133.0	
-140.0	
-116.0	
-104.0	
-96.0	
-94.0	
-95.0	
-104.0	
-80.0	
-67.0	
-58.0	
-48.0	
-42.0	
-33.0	
-27.0	
-12.0	
-8.0	
-5.0	
18.0	
22.0	
41.0	
66.0	
60.0	
71.0	
76.0	
76.0	
96.0	
111.0	
120.0	
123.0	
146.0	
160.0	
158.0	
184.0	
186.0	
189.0	
204.0	
215.0	
236.0	
233.0	
236.0	
244.0	
253.0	
260.0	
274.0	
287.0	
299.0	
307.0	
305.0	
300.0	
318.0	
335.0	
335.0	
349.0	
343.0	
333.0	
347.0	
354.0	
355.0	
368.0	
383.0	
380.0	
378.0	
382.0	
383.0	
375.0	
394.0	
397.0	
378.0	
393.0	
385.0	
380.0	
379.0	
385.0	
381.0	
389.0	
387.0	
380.0	
366.0	
357.0	
375.0	
372.0	
367.0	
355.0	
347.0	
346.0	
340.0	
351.0	
340.0	
335.0	
336.0	
315.0	
310.0	
310.0	
313.0	
305.0	
282.0	
291.0	
279.0	
261.0	
257.0	
253.0	
251.0	
232.0	
238.0	
214.0	
194.0	
202.0	
199.0	
177.0	
171.0	
160.0	
153.0	
131.0	
127.0	
121.0	
113.0	
