-95.0	
-91.0	
-106.0	
-103.0	
-96.0	
-102.0	
-116.0	
-110.0	
-107.0	
-115.0	
-117.0	
-133.0	
-137.0	
-146.0	
-139.0	
-135.0	
-145.0	
-142.0	
-151.0	
-142.0	
-145.0	
-175.0	
-167.0	
-157.0	
-153.0	
-161.0	
-174.0	
-172.0	
-167.0	
-171.0	
-173.0	
-181.0	
-193.0	
-192.0	
-172.0	
-177.0	
-187.0	
-166.0	
-180.0	
-182.0	
-189.0	
-198.0	
-189.0	
-205.0	
-197.0	
-195.0	
-186.0	
-180.0	
-191.0	
-199.0	
-193.0	
-194.0	
-202.0	
-208.0	
-207.0	
-205.0	
-203.0	
-200.0	
-205.0	
-211.0	
-198.0	
-191.0	
-202.0	
-199.0	
-183.0	
-192.0	
-193.0	
-202.0	
-201.0	
-191.0	
-190.0	
-201.0	
-201.0	
-192.0	
-181.0	
-187.0	
-179.0	
-199.0	
-193.0	
-186.0	
-173.0	
-180.0	
-184.0	
-179.0	
-162.0	
-177.0	
-165.0	
-177.0	
-178.0	
-174.0	
-174.0	
-175.0	
-163.0	
-159.0	
-159.0	
-164.0	
-160.0	
-155.0	
-156.0	
-159.0	
-153.0	
-140.0	
-136.0	
-141.0	
-139.0	
-123.0	
-126.0	
-130.0	
-122.0	
-117.0	
-116.0	
-122.0	
-106.0	
-107.0	
-105.0	
-103.0	
-85.0	
-76.0	
-93.0	
-91.0	
-90.0	
-81.0	
-92.0	
-80.0	
-73.0	
-71.0	
-61.0	
-56.0	
-56.0	
-50.0	
-41.0	
-50.0	
-49.0	
-29.0	
-33.0	
-41.0	
-43.0	
-35.0	
-17.0	
-23.0	
-24.0	
-18.0	
0.0	
3.0	
-2.0	
7.0	
13.0	
22.0	
20.0	
39.0	
39.0	
25.0	
32.0	
50.0	
42.0	
54.0	
49.0	
56.0	
70.0	
72.0	
78.0	
79.0	
87.0	
93.0	
85.0	
104.0	
113.0	
115.0	
129.0	
125.0	
127.0	
141.0	
141.0	
134.0	
150.0	
164.0	
165.0	
158.0	
170.0	
169.0	
162.0	
164.0	
181.0	
184.0	
199.0	
203.0	
196.0	
203.0	
216.0	
222.0	
216.0	
216.0	
230.0	
236.0	
226.0	
239.0	
243.0	
234.0	
229.0	
234.0	
247.0	
256.0	
244.0	
240.0	
257.0	
248.0	
241.0	
242.0	
234.0	
240.0	
258.0	
259.0	
264.0	
267.0	
269.0	
260.0	
252.0	
248.0	
255.0	
266.0	
259.0	
258.0	
258.0	
249.0	
248.0	
247.0	
247.0	
248.0	
245.0	
245.0	
249.0	
263.0	
267.0	
256.0	
258.0	
249.0	
249.0	
256.0	
244.0	
234.0	
248.0	
234.0	
224.0	
226.0	
230.0	
231.0	
199.0	
209.0	
196.0	
200.0	
195.0	
192.0	
190.0	
181.0	
176.0	
185.0	
190.0	
182.0	
172.0	
170.0	
164.0	
162.0	
155.0	
156.0	
149.0	
151.0	
152.0	
142.0	
125.0	
126.0	
123.0	
117.0	
110.0	
105.0	
96.0	
95.0	
79.0	
89.0	
94.0	
80.0	
69.0	
51.0	
63.0	
80.0	
60.0	
38.0	
40.0	
47.0	
40.0	
45.0	
35.0	
26.0	
20.0	
9.0	
12.0	
-2.0	
-6.0	
-13.0	
-6.0	
4.0	
-11.0	
-19.0	
-14.0	
-17.0	
-32.0	
-40.0	
-24.0	
-27.0	
-51.0	
-50.0	
-51.0	
-56.0	
-78.0	
-73.0	
-56.0	
-65.0	
-79.0	
-93.0	
-89.0	
-70.0	
-82.0	
-79.0	
-69.0	
-85.0	
-98.0	
-87.0	
-83.0	
-108.0	
-108.0	
-115.0	
-107.0	
-104.0	
-100.0	
-101.0	
-108.0	
-114.0	
-113.0	
-117.0	
-121.0	
-126.0	
-118.0	
-107.0	
-107.0	
-128.0	
-127.0	
-123.0	
-125.0	
-121.0	
-127.0	
-124.0	
-131.0	
-131.0	
-123.0	
-121.0	
-121.0	
-108.0	
-122.0	
-118.0	
-109.0	
-117.0	
-116.0	
-125.0	
-123.0	
-102.0	
-116.0	
-120.0	
-122.0	
-112.0	
-110.0	
-108.0	
-106.0	
-109.0	
-111.0	
-99.0	
-103.0	
-107.0	
-100.0	
-89.0	
-107.0	
-107.0	
-90.0	
-91.0	
-76.0	
-75.0	
-84.0	
-79.0	
-87.0	
-72.0	
-77.0	
-75.0	
-72.0	
-73.0	
-68.0	
-75.0	
-73.0	
-73.0	
-81.0	
-64.0	
-50.0	
-61.0	
-58.0	
-57.0	
-53.0	
-40.0	
-35.0	
-45.0	
-45.0	
-37.0	
-30.0	
