-21.0	
-23.0	
-28.0	
-39.0	
-38.0	
-42.0	
-47.0	
-59.0	
-59.0	
-55.0	
-45.0	
-67.0	
-71.0	
-81.0	
-81.0	
-74.0	
-89.0	
-98.0	
-85.0	
-94.0	
-102.0	
-103.0	
-113.0	
-123.0	
-122.0	
-122.0	
-139.0	
-125.0	
-135.0	
-138.0	
-146.0	
-144.0	
-140.0	
-155.0	
-157.0	
-155.0	
-153.0	
-161.0	
-152.0	
-158.0	
-174.0	
-183.0	
-179.0	
-169.0	
-177.0	
-180.0	
-185.0	
-199.0	
-202.0	
-211.0	
-212.0	
-205.0	
-203.0	
-208.0	
-201.0	
-198.0	
-224.0	
-236.0	
-222.0	
-212.0	
-215.0	
-225.0	
-236.0	
-235.0	
-227.0	
-242.0	
-241.0	
-241.0	
-224.0	
-236.0	
-235.0	
-223.0	
-230.0	
-226.0	
-229.0	
-229.0	
-242.0	
-235.0	
-247.0	
-237.0	
-234.0	
-228.0	
-219.0	
-209.0	
-224.0	
-229.0	
-226.0	
-217.0	
-211.0	
-215.0	
-211.0	
-201.0	
-195.0	
-204.0	
-199.0	
-190.0	
-198.0	
-193.0	
-186.0	
-171.0	
-163.0	
-166.0	
-166.0	
-155.0	
-154.0	
-143.0	
-143.0	
-144.0	
-122.0	
-119.0	
-129.0	
-117.0	
-113.0	
-108.0	
-95.0	
-91.0	
-78.0	
-82.0	
-85.0	
-64.0	
-66.0	
-61.0	
-50.0	
-35.0	
-48.0	
-35.0	
-12.0	
-7.0	
-10.0	
-7.0	
-20.0	
-7.0	
7.0	
19.0	
20.0	
24.0	
31.0	
39.0	
71.0	
55.0	
50.0	
62.0	
68.0	
68.0	
103.0	
104.0	
106.0	
106.0	
124.0	
119.0	
122.0	
140.0	
133.0	
149.0	
155.0	
154.0	
153.0	
169.0	
182.0	
177.0	
188.0	
186.0	
191.0	
199.0	
196.0	
199.0	
201.0	
201.0	
213.0	
213.0	
217.0	
218.0	
223.0	
234.0	
226.0	
225.0	
243.0	
227.0	
233.0	
249.0	
235.0	
228.0	
235.0	
237.0	
234.0	
233.0	
227.0	
215.0	
211.0	
218.0	
207.0	
203.0	
200.0	
193.0	
194.0	
205.0	
200.0	
200.0	
183.0	
170.0	
173.0	
182.0	
175.0	
170.0	
169.0	
158.0	
169.0	
170.0	
154.0	
153.0	
150.0	
150.0	
130.0	
139.0	
127.0	
109.0	
120.0	
92.0	
88.0	
88.0	
85.0	
73.0	
76.0	
63.0	
54.0	
48.0	
48.0	
68.0	
48.0	
32.0	
39.0	
40.0	
32.0	
26.0	
24.0	
27.0	
16.0	
1.0	
-8.0	
-4.0	
-15.0	
-22.0	
-5.0	
-16.0	
-25.0	
-36.0	
-46.0	
-47.0	
-39.0	
-51.0	
-67.0	
-81.0	
-77.0	
-84.0	
-86.0	
-85.0	
-94.0	
-92.0	
-92.0	
-101.0	
-107.0	
-109.0	
-126.0	
-120.0	
-117.0	
-125.0	
-130.0	
-127.0	
-129.0	
-134.0	
-133.0	
-137.0	
-140.0	
-150.0	
-150.0	
-143.0	
-147.0	
-147.0	
-148.0	
-155.0	
-164.0	
-158.0	
-161.0	
-161.0	
-166.0	
-163.0	
-156.0	
-149.0	
-157.0	
-164.0	
-151.0	
-158.0	
-164.0	
-163.0	
-160.0	
-163.0	
-164.0	
-153.0	
-169.0	
-171.0	
-139.0	
-131.0	
-138.0	
-148.0	
-148.0	
-145.0	
-150.0	
-151.0	
-141.0	
-132.0	
-134.0	
-127.0	
-124.0	
-129.0	
-133.0	
-134.0	
-125.0	
-118.0	
-111.0	
-112.0	
-113.0	
-100.0	
-83.0	
-89.0	
-108.0	
-98.0	
-85.0	
-79.0	
-80.0	
-80.0	
-76.0	
-80.0	
-76.0	
-69.0	
-60.0	
-60.0	
-47.0	
-48.0	
-36.0	
-31.0	
-30.0	
-40.0	
-34.0	
-33.0	
-17.0	
-17.0	
-13.0	
-17.0	
-2.0	
3.0	
0.0	
0.0	
-5.0	
14.0	
4.0	
0.0	
8.0	
22.0	
17.0	
