-15.0	
-33.0	
-32.0	
-47.0	
-50.0	
-60.0	
-81.0	
-89.0	
-87.0	
-90.0	
-101.0	
-127.0	
-126.0	
-128.0	
-134.0	
-147.0	
-159.0	
-159.0	
-163.0	
-178.0	
-170.0	
-181.0	
-218.0	
-217.0	
-228.0	
-227.0	
-232.0	
-253.0	
-261.0	
-263.0	
-274.0	
-286.0	
-302.0	
-309.0	
-303.0	
-316.0	
-335.0	
-340.0	
-331.0	
-347.0	
-359.0	
-358.0	
-366.0	
-380.0	
-382.0	
-386.0	
-403.0	
-408.0	
-413.0	
-432.0	
-434.0	
-444.0	
-438.0	
-454.0	
-457.0	
-469.0	
-476.0	
-473.0	
-485.0	
-492.0	
-497.0	
-492.0	
-506.0	
-519.0	
-520.0	
-518.0	
-515.0	
-519.0	
-525.0	
-521.0	
-526.0	
-526.0	
-542.0	
-548.0	
-549.0	
-550.0	
-551.0	
-555.0	
-554.0	
-558.0	
-537.0	
-536.0	
-552.0	
-551.0	
-549.0	
-550.0	
-560.0	
-550.0	
-551.0	
-562.0	
-561.0	
-547.0	
-552.0	
-548.0	
-537.0	
-542.0	
-545.0	
-538.0	
-536.0	
-510.0	
-520.0	
-518.0	
-509.0	
-516.0	
-508.0	
-502.0	
-504.0	
-491.0	
-480.0	
-469.0	
-463.0	
-464.0	
-447.0	
-441.0	
-446.0	
-442.0	
-428.0	
-423.0	
-410.0	
-414.0	
-394.0	
-385.0	
-386.0	
-374.0	
-363.0	
-351.0	
-339.0	
-336.0	
-329.0	
-313.0	
-307.0	
-312.0	
-293.0	
-269.0	
-256.0	
-244.0	
-229.0	
-224.0	
-221.0	
-206.0	
-194.0	
-196.0	
-192.0	
-175.0	
-154.0	
-140.0	
-130.0	
-135.0	
-122.0	
-106.0	
-97.0	
-82.0	
-80.0	
-66.0	
-47.0	
-44.0	
-38.0	
-30.0	
-18.0	
-2.0	
6.0	
17.0	
24.0	
45.0	
58.0	
63.0	
63.0	
72.0	
95.0	
108.0	
109.0	
132.0	
132.0	
141.0	
164.0	
175.0	
169.0	
177.0	
187.0	
193.0	
201.0	
219.0	
219.0	
224.0	
228.0	
230.0	
248.0	
255.0	
276.0	
277.0	
270.0	
270.0	
282.0	
305.0	
309.0	
309.0	
321.0	
322.0	
318.0	
328.0	
336.0	
341.0	
346.0	
339.0	
363.0	
362.0	
360.0	
371.0	
358.0	
368.0	
362.0	
368.0	
366.0	
384.0	
385.0	
390.0	
384.0	
387.0	
393.0	
403.0	
401.0	
392.0	
400.0	
402.0	
392.0	
398.0	
410.0	
410.0	
415.0	
401.0	
400.0	
400.0	
405.0	
397.0	
385.0	
389.0	
388.0	
386.0	
398.0	
383.0	
382.0	
384.0	
398.0	
404.0	
389.0	
394.0	
382.0	
391.0	
387.0	
374.0	
382.0	
383.0	
374.0	
386.0	
380.0	
376.0	
365.0	
367.0	
375.0	
370.0	
362.0	
346.0	
353.0	
349.0	
344.0	
359.0	
346.0	
337.0	
330.0	
326.0	
324.0	
330.0	
332.0	
314.0	
311.0	
318.0	
314.0	
306.0	
305.0	
300.0	
290.0	
294.0	
293.0	
282.0	
277.0	
265.0	
260.0	
270.0	
267.0	
262.0	
241.0	
239.0	
246.0	
224.0	
226.0	
223.0	
224.0	
214.0	
200.0	
202.0	
190.0	
175.0	
177.0	
178.0	
170.0	
167.0	
151.0	
144.0	
151.0	
150.0	
135.0	
135.0	
133.0	
117.0	
100.0	
100.0	
83.0	
85.0	
90.0	
86.0	
78.0	
68.0	
62.0	
51.0	
48.0	
39.0	
31.0	
30.0	
28.0	
20.0	
9.0	
-5.0	
-6.0	
-5.0	
-24.0	
-39.0	
-44.0	
-52.0	
-72.0	
-43.0	
-60.0	
-66.0	
-67.0	
-83.0	
-80.0	
-93.0	
-94.0	
-106.0	
-117.0	
-120.0	
-123.0	
-109.0	
-116.0	
-140.0	
-135.0	
-149.0	
-157.0	
-157.0	
-156.0	
-164.0	
-160.0	
-171.0	
-179.0	
-188.0	
-192.0	
-206.0	
-216.0	
-213.0	
-220.0	
-233.0	
-232.0	
-227.0	
-237.0	
-231.0	
-238.0	
-245.0	
-245.0	
-249.0	
-268.0	
-276.0	
-267.0	
-286.0	
-276.0	
-275.0	
-280.0	
-284.0	
-291.0	
-311.0	
-306.0	
-305.0	
-314.0	
-317.0	
-316.0	
-323.0	
-323.0	
-330.0	
-330.0	
-325.0	
-342.0	
-340.0	
-352.0	
-354.0	
-342.0	
-351.0	
-365.0	
-358.0	
-370.0	
-362.0	
-361.0	
-369.0	
-371.0	
-378.0	
-371.0	
-374.0	
-376.0	
-375.0	
-376.0	
-382.0	
-387.0	
-386.0	
-377.0	
-371.0	
-386.0	
-378.0	
-385.0	
-388.0	
-376.0	
-377.0	
-385.0	
-383.0	
-384.0	
-387.0	
-386.0	
-374.0	
-384.0	
-388.0	
-384.0	
-378.0	
-365.0	
-372.0	
-368.0	
-370.0	
-388.0	
-382.0	
-376.0	
-379.0	
-367.0	
-367.0	
-361.0	
-356.0	
-366.0	
-370.0	
-366.0	
-355.0	
-352.0	
-355.0	
-360.0	
-356.0	
-349.0	
-341.0	
-340.0	
-340.0	
-323.0	
-316.0	
-328.0	
-326.0	
-322.0	
-310.0	
-319.0	
-305.0	
-293.0	
-293.0	
-292.0	
-291.0	
-280.0	
-283.0	
-277.0	
-276.0	
-271.0	
-252.0	
-246.0	
-247.0	
-239.0	
-245.0	
-237.0	
-235.0	
-219.0	
-207.0	
-206.0	
-201.0	
-196.0	
-194.0	
-197.0	
-183.0	
-181.0	
-167.0	
-156.0	
-156.0	
-144.0	
-130.0	
-129.0	
-124.0	
-122.0	
-120.0	
-121.0	
-99.0	
-90.0	
-91.0	
-82.0	
-73.0	
-62.0	
-50.0	
-52.0	
-50.0	
-40.0	
-32.0	
-19.0	
-22.0	
-17.0	
-5.0	
5.0	
17.0	
24.0	
28.0	
42.0	
49.0	
56.0	
71.0	
67.0	
71.0	
70.0	
83.0	
92.0	
97.0	
104.0	
104.0	
118.0	
120.0	
131.0	
143.0	
147.0	
155.0	
166.0	
171.0	
172.0	
170.0	
172.0	
187.0	
178.0	
193.0	
209.0	
212.0	
211.0	
217.0	
222.0	
236.0	
241.0	
238.0	
239.0	
239.0	
242.0	
253.0	
260.0	
262.0	
266.0	
274.0	
275.0	
293.0	
293.0	
284.0	
303.0	
301.0	
298.0	
301.0	
303.0	
290.0	
304.0	
318.0	
333.0	
316.0	
328.0	
330.0	
321.0	
323.0	
325.0	
328.0	
346.0	
348.0	
336.0	
340.0	
331.0	
343.0	
333.0	
340.0	
341.0	
333.0	
331.0	
326.0	
333.0	
335.0	
331.0	
331.0	
328.0	
338.0	
336.0	
328.0	
318.0	
312.0	
323.0	
322.0	
332.0	
320.0	
309.0	
312.0	
318.0	
305.0	
298.0	
299.0	
293.0	
294.0	
298.0	
302.0	
286.0	
277.0	
269.0	
256.0	
262.0	
262.0	
257.0	
268.0	
249.0	
252.0	
253.0	
243.0	
244.0	
242.0	
233.0	
245.0	
226.0	
217.0	
204.0	
201.0	
207.0	
202.0	
192.0	
178.0	
178.0	
177.0	
168.0	
165.0	
166.0	
157.0	
139.0	
142.0	
131.0	
121.0	
134.0	
136.0	
118.0	
121.0	
108.0	
93.0	
97.0	
105.0	
95.0	
83.0	
81.0	
67.0	
70.0	
56.0	
55.0	
41.0	
31.0	
15.0	
17.0	
12.0	
0.0	
-7.0	
4.0	
4.0	
-1.0	
-22.0	
-29.0	
-30.0	
-27.0	
-36.0	
-61.0	
-57.0	
-69.0	
-80.0	
-83.0	
-65.0	
-82.0	
-94.0	
-93.0	
-95.0	
-93.0	
-106.0	
-126.0	
-125.0	
-115.0	
-122.0	
-128.0	
-143.0	
-138.0	
-143.0	
-161.0	
-146.0	
-152.0	
-168.0	
-174.0	
-180.0	
-171.0	
-179.0	
-196.0	
-192.0	
-199.0	
-196.0	
-208.0	
-197.0	
-209.0	
-215.0	
-207.0	
-206.0	
-216.0	
-221.0	
-236.0	
-234.0	
-234.0	
-242.0	
-232.0	
-254.0	
-261.0	
-240.0	
-242.0	
-247.0	
-253.0	
-261.0	
-255.0	
-247.0	
-265.0	
-264.0	
-252.0	
-260.0	
-269.0	
-262.0	
-260.0	
-273.0	
-256.0	
-249.0	
-260.0	
-273.0	
-272.0	
-270.0	
-269.0	
-262.0	
-275.0	
-265.0	
-265.0	
-253.0	
-259.0	
-270.0	
-264.0	
-253.0	
-250.0	
-259.0	
-254.0	
-255.0	
-231.0	
-246.0	
-239.0	
-240.0	
-242.0	
-247.0	
-240.0	
-234.0	
-248.0	
-233.0	
-232.0	
-227.0	
-235.0	
-228.0	
-229.0	
-229.0	
-220.0	
-211.0	
-203.0	
-206.0	
-203.0	
-202.0	
-192.0	
-198.0	
-189.0	
-183.0	
-193.0	
-192.0	
-186.0	
-172.0	
-174.0	
-177.0	
-173.0	
-172.0	
-164.0	
-158.0	
-174.0	
-156.0	
-145.0	
-148.0	
-141.0	
-135.0	
-129.0	
-125.0	
-128.0	
-115.0	
-116.0	
-121.0	
-111.0	
-106.0	
-104.0	
-84.0	
-93.0	
-103.0	
-76.0	
-62.0	
-76.0	
-69.0	
-61.0	
-56.0	
-43.0	
-51.0	
-62.0	
-44.0	
-16.0	
-37.0	
-32.0	
-36.0	
-37.0	
-26.0	
-20.0	
-13.0	
-3.0	
0.0	
10.0	
12.0	
4.0	
3.0	
22.0	
27.0	
15.0	
32.0	
44.0	
25.0	
30.0	
54.0	
61.0	
56.0	
55.0	
60.0	
49.0	
73.0	
81.0	
76.0	
91.0	
92.0	
93.0	
97.0	
94.0	
91.0	
100.0	
107.0	
124.0	
109.0	
116.0	
118.0	
132.0	
140.0	
121.0	
133.0	
141.0	
146.0	
149.0	
140.0	
152.0	
146.0	
151.0	
170.0	
166.0	
155.0	
162.0	
153.0	
161.0	
184.0	
173.0	
165.0	
174.0	
181.0	
177.0	
173.0	
177.0	
173.0	
193.0	
182.0	
181.0	
177.0	
180.0	
184.0	
198.0	
202.0	
182.0	
189.0	
194.0	
189.0	
195.0	
203.0	
199.0	
189.0	
183.0	
200.0	
181.0	
183.0	
188.0	
186.0	
186.0	
190.0	
194.0	
189.0	
196.0	
195.0	
196.0	
190.0	
180.0	
183.0	
179.0	
185.0	
172.0	
185.0	
171.0	
168.0	
173.0	
169.0	
164.0	
164.0	
163.0	
168.0	
164.0	
152.0	
160.0	
162.0	
146.0	
148.0	
147.0	
148.0	
137.0	
133.0	
133.0	
130.0	
124.0	
126.0	
106.0	
121.0	
114.0	
100.0	
111.0	
111.0	
104.0	
115.0	
102.0	
98.0	
87.0	
95.0	
85.0	
82.0	
78.0	
88.0	
84.0	
64.0	
72.0	
60.0	
57.0	
59.0	
53.0	
52.0	
45.0	
44.0	
42.0	
40.0	
37.0	
26.0	
37.0	
26.0	
9.0	
9.0	
10.0	
10.0	
5.0	
3.0	
6.0	
-1.0	
-1.0	
2.0	
-7.0	
-2.0	
-10.0	
-20.0	
-24.0	
-21.0	
-27.0	
-19.0	
-22.0	
-33.0	
-27.0	
-28.0	
-30.0	
-44.0	
-36.0	
-31.0	
-30.0	
-50.0	
-47.0	
-60.0	
-51.0	
-58.0	
-68.0	
-69.0	
-52.0	
-53.0	
-63.0	
-60.0	
-63.0	
-69.0	
-60.0	
-69.0	
-66.0	
-67.0	
-73.0	
-85.0	
-96.0	
-87.0	
-89.0	
-88.0	
-101.0	
-89.0	
-88.0	
-83.0	
-93.0	
-103.0	
-108.0	
-101.0	
-95.0	
-98.0	
-93.0	
-100.0	
-101.0	
-110.0	
-106.0	
-101.0	
-112.0	
-108.0	
-96.0	
-89.0	
-99.0	
-106.0	
-98.0	
-106.0	
-111.0	
-80.0	
-84.0	
-99.0	
-111.0	
-109.0	
-111.0	
-89.0	
-90.0	
-98.0	
-108.0	
-108.0	
-85.0	
-94.0	
-100.0	
-85.0	
-88.0	
-97.0	
-87.0	
-99.0	
-88.0	
-62.0	
-65.0	
-77.0	
-71.0	
-89.0	
-90.0	
-85.0	
-85.0	
-71.0	
-71.0	
-73.0	
-68.0	
-75.0	
-89.0	
-87.0	
-94.0	
-97.0	
