20.0	
34.0	
47.0	
43.0	
30.0	
26.0	
31.0	
40.0	
49.0	
57.0	
52.0	
47.0	
53.0	
54.0	
56.0	
63.0	
74.0	
76.0	
63.0	
57.0	
70.0	
77.0	
80.0	
76.0	
78.0	
88.0	
101.0	
105.0	
98.0	
111.0	
106.0	
103.0	
100.0	
84.0	
85.0	
102.0	
99.0	
115.0	
104.0	
117.0	
110.0	
117.0	
126.0	
138.0	
136.0	
132.0	
135.0	
136.0	
125.0	
127.0	
115.0	
133.0	
137.0	
132.0	
126.0	
131.0	
128.0	
122.0	
129.0	
136.0	
120.0	
114.0	
134.0	
139.0	
144.0	
130.0	
128.0	
135.0	
144.0	
147.0	
135.0	
137.0	
130.0	
136.0	
125.0	
132.0	
132.0	
137.0	
138.0	
139.0	
138.0	
130.0	
145.0	
139.0	
119.0	
129.0	
126.0	
124.0	
132.0	
135.0	
142.0	
125.0	
113.0	
123.0	
129.0	
115.0	
113.0	
117.0	
112.0	
111.0	
119.0	
128.0	
107.0	
114.0	
115.0	
118.0	
110.0	
93.0	
86.0	
87.0	
99.0	
101.0	
87.0	
79.0	
75.0	
79.0	
76.0	
61.0	
54.0	
56.0	
68.0	
59.0	
52.0	
51.0	
42.0	
47.0	
53.0	
47.0	
43.0	
41.0	
41.0	
23.0	
25.0	
34.0	
20.0	
26.0	
15.0	
19.0	
15.0	
25.0	
8.0	
0.0	
-6.0	
-24.0	
-13.0	
-10.0	
-20.0	
-16.0	
-20.0	
-20.0	
-20.0	
-27.0	
-38.0	
-52.0	
-58.0	
-56.0	
-54.0	
-66.0	
-61.0	
-60.0	
-59.0	
-77.0	
-87.0	
-89.0	
-95.0	
-93.0	
-91.0	
-91.0	
-85.0	
-101.0	
-120.0	
-109.0	
-104.0	
-112.0	
-100.0	
-105.0	
-110.0	
-132.0	
-115.0	
-110.0	
-130.0	
-137.0	
-135.0	
-139.0	
-141.0	
-140.0	
-149.0	
-166.0	
-156.0	
-162.0	
-161.0	
-163.0	
-170.0	
-163.0	
-170.0	
-172.0	
-166.0	
-180.0	
-176.0	
-171.0	
-192.0	
-198.0	
-201.0	
-200.0	
-226.0	
-221.0	
-211.0	
-214.0	
-212.0	
-210.0	
-221.0	
-222.0	
-228.0	
-234.0	
-226.0	
-215.0	
-229.0	
-233.0	
-243.0	
-237.0	
-245.0	
-243.0	
-245.0	
-255.0	
-261.0	
-251.0	
-242.0	
-254.0	
-251.0	
-245.0	
-250.0	
-248.0	
-242.0	
-261.0	
-270.0	
-259.0	
-258.0	
-263.0	
-266.0	
-254.0	
-266.0	
-255.0	
-244.0	
-254.0	
-249.0	
-248.0	
-263.0	
-263.0	
-274.0	
-267.0	
-269.0	
-265.0	
-260.0	
-260.0	
-267.0	
-285.0	
-277.0	
-274.0	
-277.0	
-267.0	
-273.0	
-281.0	
-277.0	
-268.0	
-277.0	
-275.0	
-270.0	
-281.0	
-278.0	
-278.0	
-283.0	
-271.0	
-265.0	
-254.0	
-245.0	
-270.0	
-274.0	
-258.0	
-278.0	
-272.0	
-259.0	
-269.0	
-267.0	
-267.0	
-275.0	
-256.0	
-262.0	
-245.0	
-260.0	
-273.0	
-270.0	
-264.0	
-254.0	
-255.0	
-246.0	
-250.0	
-261.0	
-256.0	
-246.0	
-261.0	
-243.0	
-246.0	
-249.0	
-252.0	
-244.0	
-245.0	
-238.0	
-241.0	
-239.0	
-254.0	
-240.0	
-225.0	
-239.0	
-240.0	
-231.0	
-229.0	
-237.0	
-229.0	
-244.0	
-239.0	
-227.0	
-231.0	
-223.0	
-225.0	
-225.0	
-204.0	
-214.0	
-206.0	
-207.0	
-213.0	
-210.0	
-214.0	
-213.0	
-212.0	
-211.0	
-195.0	
-190.0	
-197.0	
-189.0	
-201.0	
-206.0	
-183.0	
-192.0	
-198.0	
-196.0	
-186.0	
-191.0	
-181.0	
-176.0	
-170.0	
-173.0	
-178.0	
-168.0	
-174.0	
-172.0	
-172.0	
-186.0	
-167.0	
-162.0	
-175.0	
-165.0	
-161.0	
-171.0	
-164.0	
-168.0	
-154.0	
-148.0	
-165.0	
-152.0	
-163.0	
-164.0	
-152.0	
-133.0	
-135.0	
-145.0	
-140.0	
-153.0	
-149.0	
-141.0	
-135.0	
-142.0	
-131.0	
-127.0	
-122.0	
-134.0	
-130.0	
-125.0	
-111.0	
-108.0	
-98.0	
-109.0	
-100.0	
-99.0	
-100.0	
-99.0	
-110.0	
-102.0	
-98.0	
-103.0	
-100.0	
-90.0	
-83.0	
-72.0	
-76.0	
-80.0	
-79.0	
-88.0	
-99.0	
-91.0	
-56.0	
-71.0	
-65.0	
-50.0	
-53.0	
-63.0	
-58.0	
-47.0	
-61.0	
-73.0	
-63.0	
-57.0	
-54.0	
-55.0	
-44.0	
-50.0	
-62.0	
-45.0	
-49.0	
-40.0	
-26.0	
-33.0	
-38.0	
-28.0	
-25.0	
-18.0	
-20.0	
-29.0	
-21.0	
-23.0	
-19.0	
-17.0	
-30.0	
-18.0	
-16.0	
-29.0	
-26.0	
-15.0	
-19.0	
-25.0	
-16.0	
-16.0	
-12.0	
1.0	
-2.0	
2.0	
7.0	
4.0	
7.0	
2.0	
6.0	
14.0	
9.0	
12.0	
18.0	
4.0	
-3.0	
16.0	
25.0	
24.0	
12.0	
8.0	
15.0	
22.0	
29.0	
20.0	
15.0	
15.0	
8.0	
17.0	
32.0	
33.0	
39.0	
37.0	
43.0	
44.0	
19.0	
24.0	
36.0	
25.0	
25.0	
32.0	
42.0	
40.0	
38.0	
39.0	
41.0	
41.0	
39.0	
33.0	
44.0	
38.0	
40.0	
44.0	
45.0	
45.0	
27.0	
27.0	
33.0	
40.0	
41.0	
34.0	
35.0	
26.0	
31.0	
29.0	
29.0	
34.0	
34.0	
18.0	
20.0	
25.0	
29.0	
22.0	
32.0	
28.0	
17.0	
11.0	
19.0	
17.0	
27.0	
21.0	
25.0	
22.0	
19.0	
20.0	
26.0	
32.0	
32.0	
19.0	
18.0	
30.0	
21.0	
15.0	
13.0	
11.0	
9.0	
8.0	
4.0	
5.0	
3.0	
12.0	
22.0	
-4.0	
10.0	
5.0	
9.0	
3.0	
2.0	
-12.0	
-5.0	
-4.0	
-16.0	
-11.0	
-4.0	
-6.0	
6.0	
-14.0	
-8.0	
-5.0	
-4.0	
