-94.0	
-110.0	
-126.0	
-113.0	
-120.0	
-128.0	
-156.0	
-166.0	
-176.0	
-171.0	
-180.0	
-204.0	
-209.0	
-204.0	
-215.0	
-218.0	
-233.0	
-237.0	
-239.0	
-253.0	
-260.0	
-271.0	
-275.0	
-291.0	
-294.0	
-286.0	
-297.0	
-286.0	
-287.0	
-301.0	
-299.0	
-289.0	
-302.0	
-308.0	
-297.0	
-313.0	
-325.0	
-326.0	
-327.0	
-319.0	
-320.0	
-330.0	
-322.0	
-327.0	
-330.0	
-323.0	
-316.0	
-317.0	
-311.0	
-310.0	
-316.0	
-317.0	
-317.0	
-306.0	
-286.0	
-296.0	
-310.0	
-294.0	
-290.0	
-282.0	
-279.0	
-277.0	
-271.0	
-273.0	
-278.0	
-273.0	
-256.0	
-260.0	
-246.0	
-229.0	
-232.0	
-220.0	
-223.0	
-241.0	
-223.0	
-216.0	
-220.0	
-214.0	
-193.0	
-188.0	
-190.0	
-182.0	
-178.0	
-153.0	
-154.0	
-165.0	
-165.0	
-158.0	
-153.0	
-143.0	
-130.0	
-120.0	
-98.0	
-108.0	
-104.0	
-107.0	
-87.0	
-82.0	
-77.0	
-69.0	
-62.0	
-48.0	
-43.0	
-44.0	
-27.0	
-32.0	
-25.0	
-10.0	
16.0	
16.0	
13.0	
18.0	
25.0	
36.0	
48.0	
46.0	
68.0	
69.0	
79.0	
104.0	
94.0	
109.0	
120.0	
132.0	
124.0	
136.0	
157.0	
149.0	
168.0	
174.0	
177.0	
185.0	
190.0	
195.0	
207.0	
211.0	
223.0	
218.0	
231.0	
233.0	
240.0	
253.0	
256.0	
261.0	
270.0	
269.0	
266.0	
279.0	
279.0	
278.0	
278.0	
282.0	
292.0	
289.0	
301.0	
296.0	
292.0	
305.0	
295.0	
291.0	
292.0	
297.0	
304.0	
309.0	
303.0	
299.0	
303.0	
293.0	
286.0	
293.0	
294.0	
294.0	
292.0	
299.0	
294.0	
287.0	
276.0	
275.0	
277.0	
269.0	
259.0	
258.0	
264.0	
254.0	
249.0	
239.0	
228.0	
221.0	
224.0	
222.0	
218.0	
213.0	
213.0	
198.0	
198.0	
198.0	
185.0	
190.0	
182.0	
173.0	
169.0	
169.0	
159.0	
147.0	
141.0	
124.0	
115.0	
122.0	
112.0	
119.0	
108.0	
102.0	
104.0	
98.0	
86.0	
91.0	
85.0	
66.0	
70.0	
59.0	
54.0	
56.0	
55.0	
47.0	
49.0	
49.0	
59.0	
49.0	
32.0	
20.0	
10.0	
15.0	
2.0	
7.0	
17.0	
18.0	
-4.0	
-12.0	
-24.0	
-9.0	
-18.0	
-16.0	
-24.0	
-41.0	
-39.0	
-36.0	
-31.0	
-30.0	
-31.0	
-34.0	
-45.0	
-57.0	
-55.0	
-58.0	
-55.0	
-68.0	
-67.0	
-64.0	
-63.0	
-69.0	
-95.0	
-89.0	
-82.0	
-71.0	
-76.0	
-93.0	
-84.0	
-77.0	
-96.0	
-91.0	
-90.0	
-87.0	
-76.0	
-91.0	
-76.0	
-79.0	
-86.0	
-80.0	
-60.0	
-56.0	
-70.0	
-81.0	
-72.0	
-66.0	
-66.0	
-59.0	
-51.0	
-64.0	
-60.0	
-60.0	
-57.0	
-50.0	
-47.0	
-47.0	
-54.0	
-59.0	
-50.0	
-53.0	
-57.0	
-49.0	
-38.0	
-62.0	
-51.0	
-34.0	
-46.0	
-42.0	
-45.0	
-46.0	
-3.0	
