-9.0	
-9.0	
12.0	
14.0	
4.0	
18.0	
12.0	
24.0	
47.0	
38.0	
42.0	
44.0	
47.0	
24.0	
39.0	
53.0	
60.0	
59.0	
67.0	
84.0	
77.0	
78.0	
87.0	
98.0	
95.0	
97.0	
104.0	
110.0	
120.0	
134.0	
133.0	
131.0	
142.0	
149.0	
148.0	
149.0	
157.0	
153.0	
158.0	
164.0	
169.0	
180.0	
189.0	
192.0	
208.0	
220.0	
215.0	
223.0	
227.0	
247.0	
240.0	
236.0	
234.0	
242.0	
256.0	
256.0	
251.0	
264.0	
283.0	
279.0	
290.0	
300.0	
294.0	
297.0	
310.0	
298.0	
303.0	
324.0	
321.0	
332.0	
320.0	
319.0	
331.0	
336.0	
344.0	
337.0	
344.0	
360.0	
367.0	
367.0	
371.0	
381.0	
376.0	
377.0	
381.0	
383.0	
399.0	
406.0	
400.0	
397.0	
413.0	
395.0	
394.0	
402.0	
414.0	
411.0	
416.0	
410.0	
405.0	
411.0	
419.0	
418.0	
419.0	
422.0	
418.0	
417.0	
428.0	
430.0	
429.0	
428.0	
421.0	
425.0	
432.0	
430.0	
420.0	
423.0	
430.0	
440.0	
447.0	
436.0	
429.0	
438.0	
426.0	
428.0	
422.0	
433.0	
439.0	
420.0	
421.0	
431.0	
418.0	
423.0	
427.0	
437.0	
436.0	
430.0	
418.0	
415.0	
416.0	
411.0	
411.0	
418.0	
407.0	
410.0	
406.0	
399.0	
413.0	
385.0	
387.0	
397.0	
379.0	
377.0	
393.0	
387.0	
376.0	
370.0	
375.0	
378.0	
371.0	
371.0	
362.0	
356.0	
360.0	
347.0	
351.0	
344.0	
347.0	
341.0	
341.0	
328.0	
337.0	
328.0	
317.0	
321.0	
307.0	
301.0	
306.0	
306.0	
300.0	
298.0	
299.0	
276.0	
292.0	
297.0	
287.0	
266.0	
272.0	
280.0	
268.0	
259.0	
262.0	
251.0	
234.0	
239.0	
247.0	
236.0	
231.0	
225.0	
228.0	
210.0	
214.0	
214.0	
198.0	
209.0	
202.0	
186.0	
174.0	
182.0	
187.0	
175.0	
182.0	
171.0	
176.0	
165.0	
154.0	
143.0	
147.0	
134.0	
125.0	
126.0	
131.0	
119.0	
104.0	
108.0	
117.0	
104.0	
109.0	
95.0	
84.0	
88.0	
100.0	
83.0	
81.0	
68.0	
65.0	
77.0	
81.0	
69.0	
56.0	
66.0	
63.0	
56.0	
44.0	
30.0	
23.0	
21.0	
19.0	
19.0	
20.0	
22.0	
25.0	
16.0	
19.0	
-3.0	
-7.0	
-10.0	
-4.0	
-2.0	
-18.0	
-17.0	
-22.0	
-17.0	
-23.0	
-32.0	
-37.0	
-44.0	
-49.0	
-52.0	
-57.0	
-56.0	
-66.0	
-65.0	
-63.0	
-68.0	
-73.0	
-85.0	
-73.0	
-63.0	
-72.0	
-82.0	
-69.0	
-81.0	
-81.0	
-88.0	
-84.0	
-93.0	
-112.0	
-104.0	
-86.0	
-87.0	
-102.0	
-121.0	
-121.0	
-100.0	
-112.0	
-110.0	
-121.0	
-127.0	
-118.0	
-118.0	
-115.0	
-126.0	
-135.0	
-124.0	
-120.0	
-147.0	
-142.0	
-135.0	
-134.0	
-138.0	
-132.0	
-155.0	
-147.0	
-144.0	
-155.0	
-153.0	
-148.0	
-143.0	
-153.0	
-153.0	
-150.0	
-150.0	
-149.0	
-155.0	
-167.0	
-167.0	
-162.0	
-174.0	
-156.0	
-155.0	
-169.0	
-180.0	
-172.0	
-171.0	
-171.0	
-172.0	
-174.0	
-171.0	
-168.0	
-176.0	
-180.0	
-167.0	
-168.0	
-175.0	
-179.0	
-179.0	
-185.0	
-179.0	
-174.0	
-172.0	
-165.0	
-171.0	
-168.0	
-174.0	
-178.0	
-189.0	
-197.0	
-187.0	
-181.0	
-190.0	
-184.0	
-188.0	
-186.0	
-191.0	
-189.0	
-171.0	
-179.0	
-189.0	
-192.0	
-190.0	
-185.0	
-192.0	
-186.0	
-179.0	
-194.0	
-177.0	
-187.0	
-179.0	
-187.0	
-187.0	
-183.0	
-168.0	
-171.0	
-177.0	
-174.0	
-185.0	
-179.0	
-158.0	
-159.0	
-159.0	
-161.0	
-165.0	
-169.0	
-163.0	
-166.0	
-156.0	
-161.0	
-179.0	
-173.0	
-164.0	
-156.0	
-161.0	
-173.0	
-174.0	
-162.0	
-156.0	
-168.0	
-160.0	
-148.0	
-157.0	
-168.0	
-158.0	
-153.0	
-162.0	
-152.0	
-148.0	
-153.0	
-156.0	
-155.0	
-159.0	
-153.0	
-144.0	
-131.0	
-129.0	
-118.0	
-112.0	
-121.0	
-126.0	
-138.0	
-123.0	
-110.0	
-104.0	
-115.0	
-104.0	
-99.0	
-109.0	
-100.0	
-98.0	
-110.0	
-101.0	
-102.0	
-107.0	
-94.0	
-92.0	
-83.0	
-86.0	
-89.0	
-85.0	
-73.0	
-70.0	
-71.0	
-71.0	
-73.0	
-84.0	
-67.0	
-70.0	
-66.0	
-64.0	
-61.0	
-62.0	
-64.0	
-47.0	
-53.0	
-58.0	
-41.0	
-32.0	
-35.0	
-37.0	
-33.0	
-22.0	
-18.0	
-13.0	
-25.0	
-22.0	
-22.0	
-2.0	
0.0	
-3.0	
3.0	
6.0	
-1.0	
0.0	
3.0	
24.0	
27.0	
22.0	
8.0	
17.0	
24.0	
19.0	
22.0	
25.0	
36.0	
40.0	
39.0	
48.0	
43.0	
40.0	
40.0	
36.0	
59.0	
52.0	
54.0	
75.0	
78.0	
72.0	
94.0	
99.0	
100.0	
88.0	
91.0	
115.0	
104.0	
98.0	
108.0	
118.0	
116.0	
113.0	
129.0	
130.0	
133.0	
126.0	
115.0	
130.0	
131.0	
142.0	
145.0	
141.0	
153.0	
141.0	
147.0	
160.0	
151.0	
156.0	
169.0	
164.0	
162.0	
159.0	
166.0	
179.0	
191.0	
176.0	
176.0	
169.0	
183.0	
179.0	
173.0	
181.0	
183.0	
190.0	
208.0	
207.0	
213.0	
214.0	
222.0	
211.0	
213.0	
214.0	
200.0	
207.0	
219.0	
215.0	
216.0	
229.0	
230.0	
239.0	
230.0	
234.0	
235.0	
235.0	
232.0	
227.0	
237.0	
247.0	
258.0	
256.0	
250.0	
243.0	
253.0	
243.0	
243.0	
241.0	
253.0	
253.0	
259.0	
257.0	
254.0	
253.0	
258.0	
263.0	
265.0	
267.0	
262.0	
258.0	
258.0	
259.0	
256.0	
261.0	
264.0	
278.0	
266.0	
258.0	
259.0	
264.0	
259.0	
249.0	
247.0	
259.0	
267.0	
259.0	
253.0	
258.0	
256.0	
247.0	
245.0	
261.0	
263.0	
268.0	
270.0	
257.0	
261.0	
264.0	
249.0	
255.0	
257.0	
271.0	
258.0	
244.0	
254.0	
261.0	
256.0	
247.0	
241.0	
253.0	
256.0	
247.0	
254.0	
241.0	
243.0	
249.0	
246.0	
255.0	
250.0	
248.0	
246.0	
233.0	
243.0	
237.0	
235.0	
247.0	
244.0	
247.0	
247.0	
255.0	
246.0	
241.0	
249.0	
232.0	
242.0	
220.0	
227.0	
239.0	
237.0	
232.0	
231.0	
225.0	
229.0	
222.0	
228.0	
212.0	
229.0	
226.0	
212.0	
216.0	
220.0	
213.0	
204.0	
195.0	
213.0	
217.0	
203.0	
207.0	
223.0	
200.0	
181.0	
183.0	
184.0	
195.0	
192.0	
174.0	
188.0	
186.0	
165.0	
166.0	
184.0	
176.0	
169.0	
174.0	
170.0	
160.0	
163.0	
176.0	
167.0	
173.0	
173.0	
169.0	
161.0	
156.0	
157.0	
155.0	
149.0	
152.0	
151.0	
143.0	
140.0	
140.0	
145.0	
132.0	
130.0	
131.0	
138.0	
135.0	
126.0	
130.0	
122.0	
124.0	
120.0	
122.0	
127.0	
117.0	
123.0	
125.0	
127.0	
124.0	
122.0	
112.0	
125.0	
112.0	
105.0	
107.0	
100.0	
85.0	
90.0	
90.0	
105.0	
97.0	
99.0	
96.0	
92.0	
83.0	
85.0	
80.0	
80.0	
75.0	
80.0	
78.0	
80.0	
79.0	
78.0	
79.0	
78.0	
70.0	
58.0	
65.0	
61.0	
61.0	
59.0	
65.0	
66.0	
61.0	
56.0	
61.0	
57.0	
55.0	
50.0	
40.0	
51.0	
45.0	
55.0	
57.0	
53.0	
46.0	
40.0	
44.0	
40.0	
46.0	
50.0	
43.0	
44.0	
35.0	
33.0	
51.0	
44.0	
34.0	
40.0	
44.0	
32.0	
27.0	
19.0	
20.0	
32.0	
25.0	
15.0	
17.0	
26.0	
13.0	
15.0	
12.0	
14.0	
5.0	
-1.0	
6.0	
3.0	
14.0	
3.0	
-3.0	
-10.0	
-13.0	
0.0	
0.0	
7.0	
-3.0	
-13.0	
-1.0	
-19.0	
-15.0	
-15.0	
-11.0	
-11.0	
-12.0	
-15.0	
-14.0	
-19.0	
-22.0	
-32.0	
-31.0	
-30.0	
-40.0	
-20.0	
-23.0	
-20.0	
-28.0	
-25.0	
-30.0	
-34.0	
-30.0	
-34.0	
-22.0	
-23.0	
-31.0	
-33.0	
-33.0	
-42.0	
-43.0	
-45.0	
-47.0	
-49.0	
-53.0	
-48.0	
-47.0	
-38.0	
-53.0	
-57.0	
-48.0	
-56.0	
-39.0	
-45.0	
-49.0	
-44.0	
-45.0	
-47.0	
-42.0	
-51.0	
-54.0	
-61.0	
-63.0	
-71.0	
-64.0	
-73.0	
-56.0	
-58.0	
-62.0	
-61.0	
-64.0	
-68.0	
-78.0	
-68.0	
-54.0	
-59.0	
-68.0	
-57.0	
-60.0	
-70.0	
-76.0	
-63.0	
-69.0	
-79.0	
-74.0	
-67.0	
-67.0	
-60.0	
-66.0	
-66.0	
-61.0	
-59.0	
-71.0	
-64.0	
-62.0	
-77.0	
-79.0	
-67.0	
-59.0	
-70.0	
-66.0	
-67.0	
-71.0	
-81.0	
-73.0	
-77.0	
-72.0	
-74.0	
-65.0	
-72.0	
-88.0	
-77.0	
-72.0	
-79.0	
-70.0	
-64.0	
-74.0	
-67.0	
-63.0	
-56.0	
-78.0	
-81.0	
-70.0	
-63.0	
-73.0	
-72.0	
-66.0	
-60.0	
-61.0	
-72.0	
-70.0	
-68.0	
-62.0	
-78.0	
-75.0	
-64.0	
-65.0	
-66.0	
-63.0	
-72.0	
-74.0	
-62.0	
-66.0	
-59.0	
-63.0	
-56.0	
-66.0	
-64.0	
-65.0	
-59.0	
-61.0	
-60.0	
-49.0	
-51.0	
-64.0	
-61.0	
-46.0	
-48.0	
-36.0	
-53.0	
-60.0	
-54.0	
-43.0	
-40.0	
-30.0	
-35.0	
-49.0	
-42.0	
-39.0	
-35.0	
-30.0	
-41.0	
-43.0	
-25.0	
-27.0	
-29.0	
-34.0	
-29.0	
-28.0	
-19.0	
-15.0	
-18.0	
-20.0	
-18.0	
-9.0	
-13.0	
-18.0	
-13.0	
-23.0	
-17.0	
-22.0	
-11.0	
-12.0	
-18.0	
-6.0	
-12.0	
-15.0	
-18.0	
-10.0	
-10.0	
8.0	
-13.0	
0.0	
4.0	
2.0	
-2.0	
4.0	
8.0	
4.0	
11.0	
18.0	
17.0	
22.0	
13.0	
0.0	
9.0	
11.0	
15.0	
15.0	
18.0	
30.0	
24.0	
22.0	
18.0	
20.0	
33.0	
25.0	
24.0	
30.0	
44.0	
36.0	
28.0	
38.0	
33.0	
38.0	
34.0	
27.0	
38.0	
30.0	
48.0	
48.0	
46.0	
52.0	
54.0	
49.0	
59.0	
59.0	
60.0	
67.0	
64.0	
69.0	
60.0	
51.0	
60.0	
76.0	
71.0	
59.0	
64.0	
68.0	
57.0	
60.0	
65.0	
65.0	
52.0	
64.0	
79.0	
67.0	
65.0	
79.0	
91.0	
80.0	
65.0	
77.0	
85.0	
69.0	
82.0	
85.0	
88.0	
100.0	
107.0	
97.0	
95.0	
97.0	
93.0	
100.0	
89.0	
92.0	
102.0	
99.0	
96.0	
100.0	
93.0	
86.0	
87.0	
107.0	
101.0	
101.0	
106.0	
111.0	
112.0	
119.0	
114.0	
101.0	
112.0	
117.0	
118.0	
111.0	
106.0	
107.0	
100.0	
100.0	
113.0	
104.0	
110.0	
108.0	
117.0	
120.0	
110.0	
114.0	
126.0	
124.0	
119.0	
116.0	
130.0	
131.0	
117.0	
127.0	
115.0	
122.0	
142.0	
136.0	
132.0	
137.0	
120.0	
137.0	
126.0	
124.0	
136.0	
120.0	
130.0	
121.0	
129.0	
135.0	
133.0	
122.0	
127.0	
128.0	
137.0	
133.0	
125.0	
131.0	
136.0	
130.0	
135.0	
123.0	
112.0	
122.0	
126.0	
124.0	
122.0	
124.0	
116.0	
139.0	
127.0	
124.0	
127.0	
131.0	
113.0	
126.0	
136.0	
137.0	
127.0	
120.0	
126.0	
138.0	
132.0	
125.0	
119.0	
135.0	
123.0	
110.0	
112.0	
115.0	
119.0	
122.0	
123.0	
123.0	
121.0	
125.0	
128.0	
123.0	
122.0	
120.0	
134.0	
117.0	
118.0	
126.0	
123.0	
122.0	
121.0	
121.0	
117.0	
116.0	
107.0	
110.0	
115.0	
113.0	
114.0	
125.0	
117.0	
110.0	
104.0	
100.0	
96.0	
99.0	
100.0	
108.0	
100.0	
110.0	
103.0	
94.0	
100.0	
101.0	
95.0	
95.0	
103.0	
95.0	
101.0	
107.0	
94.0	
92.0	
93.0	
93.0	
97.0	
101.0	
95.0	
97.0	
95.0	
89.0	
94.0	
88.0	
97.0	
83.0	
76.0	
89.0	
85.0	
70.0	
96.0	
90.0	
86.0	
85.0	
95.0	
92.0	
88.0	
81.0	
83.0	
80.0	
78.0	
68.0	
64.0	
56.0	
80.0	
68.0	
66.0	
71.0	
61.0	
55.0	
55.0	
55.0	
60.0	
59.0	
44.0	
53.0	
58.0	
40.0	
44.0	
57.0	
44.0	
48.0	
52.0	
55.0	
59.0	
48.0	
40.0	
46.0	
35.0	
33.0	
48.0	
48.0	
40.0	
19.0	
23.0	
28.0	
29.0	
34.0	
30.0	
23.0	
37.0	
20.0	
18.0	
23.0	
15.0	
29.0	
24.0	
11.0	
14.0	
12.0	
9.0	
25.0	
11.0	
1.0	
23.0	
18.0	
6.0	
10.0	
19.0	
12.0	
0.0	
-6.0	
0.0	
8.0	
10.0	
8.0	
9.0	
13.0	
10.0	
13.0	
12.0	
4.0	
11.0	
16.0	
16.0	
2.0	
18.0	
8.0	
11.0	
21.0	
2.0	
11.0	
3.0	
9.0	
12.0	
6.0	
12.0	
19.0	
17.0	
8.0	
9.0	
10.0	
19.0	
4.0	
-2.0	
2.0	
-10.0	
-7.0	
3.0	
-6.0	
-8.0	
13.0	
1.0	
1.0	
11.0	
2.0	
-19.0	
-23.0	
-13.0	
-12.0	
-26.0	
-16.0	
-12.0	
-14.0	
-9.0	
-20.0	
-17.0	
-18.0	
-28.0	
-25.0	
-11.0	
-9.0	
-12.0	
-23.0	
-21.0	
-17.0	
-16.0	
-13.0	
-21.0	
-10.0	
-14.0	
-18.0	
-4.0	
-3.0	
0.0	
-6.0	
-8.0	
-5.0	
-8.0	
-9.0	
-9.0	
-17.0	
-25.0	
0.0	
-5.0	
-12.0	
-16.0	
-4.0	
-4.0	
-13.0	
-15.0	
-17.0	
-3.0	
-5.0	
-17.0	
-17.0	
-11.0	
-18.0	
-19.0	
-7.0	
-15.0	
-20.0	
-24.0	
-19.0	
-1.0	
-9.0	
-15.0	
-12.0	
-5.0	
-15.0	
-11.0	
2.0	
-1.0	
-3.0	
-6.0	
-7.0	
1.0	
-1.0	
-12.0	
-9.0	
-4.0	
-8.0	
1.0	
-11.0	
-5.0	
-16.0	
-12.0	
-2.0	
-13.0	
-4.0	
-11.0	
-18.0	
-12.0	
-15.0	
-9.0	
-12.0	
-16.0	
-2.0	
-6.0	
7.0	
-14.0	
-6.0	
-4.0	
-2.0	
-3.0	
0.0	
6.0	
0.0	
1.0	
5.0	
2.0	
5.0	
7.0	
14.0	
10.0	
5.0	
-7.0	
-2.0	
10.0	
1.0	
4.0	
6.0	
0.0	
0.0	
17.0	
12.0	
-1.0	
7.0	
14.0	
13.0	
27.0	
4.0	
4.0	
14.0	
1.0	
12.0	
20.0	
16.0	
13.0	
19.0	
24.0	
13.0	
7.0	
-9.0	
15.0	
20.0	
13.0	
24.0	
20.0	
14.0	
15.0	
12.0	
12.0	
16.0	
23.0	
26.0	
30.0	
42.0	
36.0	
27.0	
27.0	
18.0	
19.0	
36.0	
21.0	
18.0	
30.0	
45.0	
32.0	
38.0	
32.0	
34.0	
40.0	
39.0	
38.0	
34.0	
31.0	
31.0	
33.0	
31.0	
33.0	
42.0	
42.0	
34.0	
38.0	
43.0	
45.0	
35.0	
38.0	
46.0	
44.0	
40.0	
34.0	
47.0	
47.0	
37.0	
48.0	
55.0	
45.0	
41.0	
49.0	
48.0	
57.0	
61.0	
55.0	
51.0	
39.0	
40.0	
58.0	
52.0	
44.0	
50.0	
52.0	
54.0	
56.0	
55.0	
43.0	
56.0	
55.0	
66.0	
69.0	
55.0	
41.0	
42.0	
58.0	
43.0	
49.0	
57.0	
52.0	
37.0	
43.0	
45.0	
52.0	
60.0	
53.0	
59.0	
50.0	
40.0	
50.0	
67.0	
66.0	
48.0	
61.0	
51.0	
48.0	
63.0	
56.0	
41.0	
51.0	
56.0	
46.0	
52.0	
41.0	
40.0	
50.0	
53.0	
56.0	
47.0	
69.0	
66.0	
31.0	
47.0	
54.0	
50.0	
45.0	
58.0	
49.0	
46.0	
51.0	
60.0	
52.0	
55.0	
55.0	
46.0	
41.0	
56.0	
52.0	
45.0	
56.0	
50.0	
48.0	
46.0	
44.0	
44.0	
47.0	
26.0	
45.0	
54.0	
59.0	
49.0	
59.0	
43.0	
33.0	
43.0	
55.0	
59.0	
50.0	
47.0	
42.0	
41.0	
36.0	
38.0	
44.0	
50.0	
54.0	
44.0	
42.0	
36.0	
32.0	
39.0	
39.0	
37.0	
32.0	
46.0	
60.0	
40.0	
25.0	
34.0	
31.0	
35.0	
22.0	
33.0	
39.0	
26.0	
26.0	
45.0	
39.0	
29.0	
26.0	
30.0	
32.0	
21.0	
32.0	
24.0	
22.0	
10.0	
18.0	
30.0	
34.0	
24.0	
21.0	
28.0	
21.0	
13.0	
14.0	
16.0	
13.0	
21.0	
5.0	
18.0	
13.0	
24.0	
17.0	
8.0	
14.0	
20.0	
14.0	
25.0	
26.0	
25.0	
22.0	
33.0	
25.0	
20.0	
20.0	
29.0	
20.0	
22.0	
33.0	
12.0	
14.0	
1.0	
0.0	
6.0	
11.0	
-7.0	
-1.0	
0.0	
-5.0	
7.0	
11.0	
10.0	
15.0	
6.0	
6.0	
4.0	
