23.0	
18.0	
5.0	
-3.0	
-7.0	
-21.0	
-31.0	
-25.0	
-19.0	
-27.0	
-33.0	
-21.0	
-25.0	
-33.0	
-38.0	
-40.0	
-40.0	
-58.0	
-68.0	
-78.0	
-74.0	
-91.0	
-99.0	
-106.0	
-94.0	
-94.0	
-106.0	
-114.0	
-128.0	
-132.0	
-129.0	
-131.0	
-124.0	
-126.0	
-145.0	
-153.0	
-141.0	
-150.0	
-152.0	
-148.0	
-172.0	
-156.0	
-153.0	
-171.0	
-163.0	
-175.0	
-184.0	
-175.0	
-185.0	
-192.0	
-196.0	
-191.0	
-197.0	
-200.0	
-192.0	
-196.0	
-204.0	
-207.0	
-201.0	
-211.0	
-215.0	
-197.0	
-202.0	
-210.0	
-211.0	
-209.0	
-217.0	
-200.0	
-207.0	
-208.0	
-203.0	
-209.0	
-208.0	
-198.0	
-203.0	
-213.0	
-203.0	
-201.0	
-204.0	
-199.0	
-189.0	
-185.0	
-198.0	
-201.0	
-187.0	
-187.0	
-181.0	
-177.0	
-178.0	
-184.0	
-181.0	
-173.0	
-186.0	
-171.0	
-163.0	
-172.0	
-162.0	
-160.0	
-165.0	
-153.0	
-156.0	
-156.0	
-136.0	
-140.0	
-142.0	
-134.0	
-125.0	
-117.0	
-130.0	
-115.0	
-113.0	
-114.0	
-110.0	
-105.0	
-96.0	
-95.0	
-97.0	
-90.0	
-88.0	
-77.0	
-80.0	
-82.0	
-61.0	
-53.0	
-59.0	
-44.0	
-50.0	
-49.0	
-49.0	
-33.0	
-18.0	
-21.0	
-20.0	
-19.0	
-14.0	
-13.0	
-6.0	
-11.0	
3.0	
1.0	
12.0	
19.0	
36.0	
26.0	
31.0	
26.0	
31.0	
52.0	
49.0	
49.0	
60.0	
54.0	
60.0	
68.0	
65.0	
78.0	
89.0	
100.0	
102.0	
87.0	
90.0	
91.0	
106.0	
90.0	
106.0	
118.0	
118.0	
107.0	
104.0	
116.0	
109.0	
113.0	
117.0	
119.0	
139.0	
142.0	
140.0	
151.0	
141.0	
132.0	
139.0	
149.0	
145.0	
153.0	
157.0	
141.0	
135.0	
148.0	
157.0	
150.0	
158.0	
151.0	
160.0	
151.0	
145.0	
149.0	
155.0	
145.0	
151.0	
150.0	
154.0	
160.0	
162.0	
157.0	
155.0	
155.0	
153.0	
152.0	
150.0	
147.0	
132.0	
137.0	
146.0	
149.0	
146.0	
136.0	
132.0	
137.0	
135.0	
132.0	
132.0	
118.0	
115.0	
131.0	
132.0	
128.0	
123.0	
118.0	
115.0	
117.0	
113.0	
110.0	
109.0	
111.0	
94.0	
98.0	
98.0	
91.0	
100.0	
101.0	
88.0	
86.0	
84.0	
87.0	
82.0	
79.0	
75.0	
74.0	
77.0	
63.0	
66.0	
69.0	
73.0	
68.0	
60.0	
54.0	
66.0	
59.0	
50.0	
53.0	
52.0	
46.0	
49.0	
43.0	
44.0	
30.0	
37.0	
31.0	
21.0	
26.0	
14.0	
26.0	
22.0	
9.0	
-3.0	
-7.0	
2.0	
0.0	
-14.0	
-23.0	
-9.0	
-3.0	
-12.0	
-12.0	
-10.0	
3.0	
-25.0	
-28.0	
-18.0	
-30.0	
-41.0	
-23.0	
-7.0	
-23.0	
-33.0	
-37.0	
-39.0	
-36.0	
-32.0	
-33.0	
-38.0	
-42.0	
-48.0	
-44.0	
-48.0	
-43.0	
-35.0	
-37.0	
-54.0	
-54.0	
-55.0	
-66.0	
-75.0	
-69.0	
-76.0	
-55.0	
-54.0	
-59.0	
-67.0	
-69.0	
-62.0	
-61.0	
-63.0	
-70.0	
-61.0	
-60.0	
-66.0	
-72.0	
-66.0	
-69.0	
-64.0	
-62.0	
-58.0	
-51.0	
-51.0	
-53.0	
-53.0	
-62.0	
-63.0	
-72.0	
-77.0	
-74.0	
-58.0	
-59.0	
-48.0	
-54.0	
-53.0	
-54.0	
-58.0	
-56.0	
-63.0	
-58.0	
-54.0	
-47.0	
-35.0	
-49.0	
-47.0	
-46.0	
-46.0	
-40.0	
-39.0	
-45.0	
-30.0	
-37.0	
-36.0	
-24.0	
-26.0	
-22.0	
-12.0	
-32.0	
-31.0	
-14.0	
-4.0	
-10.0	
-6.0	
-23.0	
-17.0	
-8.0	
-5.0	
2.0	
-10.0	
-8.0	
-6.0	
3.0	
5.0	
