114.0	
108.0	
104.0	
131.0	
132.0	
124.0	
146.0	
150.0	
154.0	
155.0	
171.0	
168.0	
164.0	
169.0	
159.0	
156.0	
180.0	
187.0	
178.0	
175.0	
191.0	
203.0	
208.0	
203.0	
202.0	
202.0	
201.0	
218.0	
208.0	
209.0	
211.0	
222.0	
229.0	
222.0	
221.0	
228.0	
237.0	
240.0	
250.0	
237.0	
247.0	
243.0	
247.0	
252.0	
248.0	
244.0	
237.0	
244.0	
267.0	
250.0	
244.0	
251.0	
232.0	
241.0	
261.0	
250.0	
263.0	
259.0	
261.0	
268.0	
262.0	
261.0	
249.0	
261.0	
285.0	
287.0	
268.0	
257.0	
261.0	
278.0	
286.0	
286.0	
270.0	
281.0	
284.0	
267.0	
276.0	
275.0	
272.0	
273.0	
266.0	
274.0	
269.0	
261.0	
272.0	
262.0	
247.0	
253.0	
267.0	
259.0	
256.0	
261.0	
248.0	
256.0	
259.0	
260.0	
248.0	
263.0	
267.0	
240.0	
244.0	
245.0	
259.0	
244.0	
246.0	
245.0	
244.0	
242.0	
235.0	
239.0	
258.0	
249.0	
240.0	
249.0	
245.0	
226.0	
228.0	
227.0	
235.0	
217.0	
210.0	
221.0	
220.0	
215.0	
210.0	
206.0	
203.0	
209.0	
208.0	
199.0	
183.0	
187.0	
185.0	
174.0	
167.0	
170.0	
175.0	
169.0	
158.0	
149.0	
155.0	
154.0	
143.0	
146.0	
139.0	
129.0	
123.0	
124.0	
122.0	
132.0	
124.0	
109.0	
89.0	
116.0	
110.0	
95.0	
93.0	
94.0	
85.0	
67.0	
70.0	
69.0	
68.0	
67.0	
51.0	
34.0	
36.0	
58.0	
44.0	
29.0	
30.0	
30.0	
27.0	
26.0	
21.0	
15.0	
13.0	
6.0	
3.0	
13.0	
5.0	
-12.0	
-17.0	
-23.0	
-24.0	
-31.0	
-35.0	
-33.0	
-41.0	
-44.0	
-40.0	
-53.0	
-66.0	
-55.0	
-58.0	
-61.0	
-63.0	
-59.0	
-73.0	
-80.0	
-77.0	
-80.0	
-84.0	
-98.0	
-96.0	
-101.0	
-120.0	
-121.0	
-108.0	
-114.0	
-94.0	
-111.0	
-132.0	
-123.0	
-134.0	
-134.0	
-127.0	
-113.0	
-128.0	
-133.0	
-120.0	
-134.0	
-140.0	
-148.0	
-145.0	
-155.0	
-149.0	
-148.0	
-149.0	
-152.0	
-147.0	
-167.0	
-167.0	
-174.0	
-192.0	
-182.0	
-178.0	
-184.0	
-187.0	
-190.0	
-190.0	
-186.0	
-186.0	
-194.0	
-201.0	
-198.0	
-183.0	
-197.0	
-185.0	
-192.0	
-190.0	
-184.0	
-192.0	
-187.0	
-191.0	
-205.0	
-201.0	
-202.0	
-208.0	
-211.0	
-187.0	
-203.0	
-216.0	
-224.0	
-214.0	
-215.0	
-222.0	
-235.0	
-226.0	
-216.0	
-214.0	
-227.0	
-228.0	
-230.0	
-226.0	
-232.0	
-231.0	
-224.0	
-237.0	
-235.0	
-231.0	
-223.0	
-221.0	
-234.0	
-238.0	
-230.0	
-222.0	
-224.0	
-234.0	
-239.0	
-241.0	
-234.0	
-240.0	
-238.0	
-222.0	
-232.0	
-227.0	
-229.0	
-228.0	
-247.0	
-256.0	
-254.0	
-249.0	
-249.0	
-254.0	
-243.0	
-250.0	
-251.0	
-243.0	
-214.0	
-216.0	
-225.0	
-214.0	
-205.0	
-208.0	
-205.0	
-210.0	
-215.0	
-225.0	
-229.0	
-216.0	
-207.0	
-216.0	
-213.0	
-213.0	
-228.0	
-227.0	
-182.0	
-184.0	
-181.0	
-188.0	
-188.0	
-173.0	
-167.0	
-180.0	
-186.0	
-180.0	
-174.0	
-177.0	
-160.0	
-157.0	
-154.0	
-167.0	
-161.0	
-154.0	
-162.0	
-159.0	
-146.0	
-143.0	
-148.0	
-127.0	
-124.0	
-132.0	
-122.0	
-120.0	
-115.0	
-108.0	
-101.0	
-111.0	
-103.0	
-109.0	
-103.0	
-94.0	
-98.0	
-92.0	
-88.0	
-91.0	
-98.0	
-78.0	
-75.0	
-76.0	
-56.0	
-57.0	
-68.0	
-65.0	
-69.0	
-68.0	
-61.0	
-63.0	
-46.0	
-45.0	
-35.0	
-37.0	
-38.0	
-26.0	
-40.0	
-36.0	
-22.0	
-12.0	
-12.0	
-10.0	
-9.0	
-12.0	
-5.0	
0.0	
6.0	
13.0	
20.0	
9.0	
-1.0	
18.0	
19.0	
14.0	
27.0	
23.0	
21.0	
21.0	
34.0	
48.0	
45.0	
48.0	
50.0	
49.0	
48.0	
55.0	
70.0	
61.0	
45.0	
60.0	
65.0	
51.0	
65.0	
61.0	
59.0	
75.0	
89.0	
70.0	
68.0	
86.0	
78.0	
75.0	
86.0	
74.0	
79.0	
73.0	
80.0	
86.0	
76.0	
77.0	
89.0	
83.0	
81.0	
98.0	
98.0	
95.0	
90.0	
85.0	
97.0	
95.0	
100.0	
102.0	
97.0	
100.0	
102.0	
109.0	
99.0	
89.0	
97.0	
103.0	
118.0	
108.0	
109.0	
137.0	
118.0	
114.0	
116.0	
110.0	
115.0	
119.0	
112.0	
105.0	
112.0	
100.0	
105.0	
109.0	
121.0	
112.0	
95.0	
115.0	
118.0	
127.0	
119.0	
124.0	
118.0	
118.0	
112.0	
109.0	
111.0	
130.0	
119.0	
100.0	
105.0	
106.0	
116.0	
109.0	
118.0	
120.0	
121.0	
113.0	
100.0	
101.0	
89.0	
104.0	
93.0	
98.0	
96.0	
89.0	
98.0	
101.0	
97.0	
105.0	
109.0	
104.0	
103.0	
91.0	
93.0	
88.0	
96.0	
99.0	
77.0	
78.0	
97.0	
97.0	
95.0	
83.0	
102.0	
110.0	
89.0	
90.0	
91.0	
86.0	
92.0	
98.0	
87.0	
92.0	
90.0	
96.0	
81.0	
85.0	
86.0	
79.0	
76.0	
78.0	
73.0	
82.0	
75.0	
81.0	
88.0	
76.0	
71.0	
79.0	
69.0	
71.0	
81.0	
68.0	
68.0	
