-61.0	
-61.0	
-65.0	
-72.0	
-80.0	
-89.0	
-92.0	
-92.0	
-99.0	
-117.0	
-122.0	
-128.0	
-130.0	
-141.0	
-139.0	
-148.0	
-176.0	
-172.0	
-175.0	
-186.0	
-182.0	
-198.0	
-210.0	
-211.0	
-222.0	
-223.0	
-234.0	
-237.0	
-238.0	
-249.0	
-252.0	
-262.0	
-270.0	
-279.0	
-272.0	
-275.0	
-287.0	
-304.0	
-303.0	
-311.0	
-317.0	
-306.0	
-327.0	
-327.0	
-330.0	
-347.0	
-349.0	
-340.0	
-344.0	
-347.0	
-357.0	
-358.0	
-371.0	
-378.0	
-366.0	
-371.0	
-379.0	
-376.0	
-388.0	
-385.0	
-391.0	
-399.0	
-396.0	
-401.0	
-391.0	
-389.0	
-386.0	
-391.0	
-393.0	
-395.0	
-394.0	
-379.0	
-389.0	
-370.0	
-377.0	
-375.0	
-381.0	
-387.0	
-374.0	
-383.0	
-380.0	
-377.0	
-371.0	
-371.0	
-366.0	
-365.0	
-373.0	
-370.0	
-361.0	
-351.0	
-350.0	
-357.0	
-358.0	
-363.0	
-338.0	
-333.0	
-325.0	
-315.0	
-334.0	
-336.0	
-326.0	
-325.0	
-318.0	
-317.0	
-314.0	
-311.0	
-307.0	
-294.0	
-281.0	
-272.0	
-263.0	
-263.0	
-261.0	
-256.0	
-250.0	
-253.0	
-262.0	
-240.0	
-225.0	
-227.0	
-230.0	
-225.0	
-219.0	
-211.0	
-198.0	
-179.0	
-184.0	
-177.0	
-167.0	
-173.0	
-162.0	
-162.0	
-158.0	
-142.0	
-127.0	
-131.0	
-121.0	
-131.0	
-106.0	
-94.0	
-94.0	
-92.0	
-90.0	
-88.0	
-69.0	
-72.0	
-47.0	
-34.0	
-36.0	
-38.0	
-32.0	
-30.0	
-19.0	
-1.0	
15.0	
11.0	
-1.0	
17.0	
34.0	
21.0	
35.0	
61.0	
57.0	
47.0	
78.0	
76.0	
74.0	
72.0	
81.0	
89.0	
105.0	
96.0	
104.0	
124.0	
124.0	
130.0	
135.0	
135.0	
152.0	
165.0	
167.0	
163.0	
162.0	
168.0	
176.0	
178.0	
195.0	
193.0	
192.0	
197.0	
205.0	
208.0	
207.0	
220.0	
222.0	
221.0	
234.0	
243.0	
236.0	
236.0	
247.0	
253.0	
248.0	
254.0	
274.0	
262.0	
261.0	
268.0	
280.0	
279.0	
282.0	
288.0	
289.0	
289.0	
297.0	
290.0	
297.0	
298.0	
296.0	
304.0	
307.0	
312.0	
312.0	
308.0	
321.0	
321.0	
321.0	
330.0	
329.0	
337.0	
323.0	
315.0	
320.0	
316.0	
327.0	
333.0	
327.0	
325.0	
327.0	
341.0	
342.0	
326.0	
326.0	
334.0	
326.0	
315.0	
324.0	
334.0	
325.0	
327.0	
323.0	
329.0	
328.0	
331.0	
340.0	
333.0	
337.0	
336.0	
333.0	
328.0	
327.0	
323.0	
323.0	
303.0	
315.0	
318.0	
299.0	
302.0	
290.0	
304.0	
309.0	
302.0	
302.0	
302.0	
289.0	
290.0	
300.0	
288.0	
270.0	
287.0	
266.0	
262.0	
273.0	
259.0	
248.0	
248.0	
251.0	
237.0	
231.0	
241.0	
226.0	
230.0	
228.0	
210.0	
225.0	
207.0	
191.0	
195.0	
189.0	
196.0	
188.0	
175.0	
163.0	
177.0	
155.0	
159.0	
167.0	
143.0	
132.0	
126.0	
129.0	
124.0	
117.0	
128.0	
116.0	
99.0	
102.0	
94.0	
97.0	
91.0	
84.0	
69.0	
47.0	
36.0	
43.0	
50.0	
55.0	
40.0	
29.0	
24.0	
18.0	
23.0	
4.0	
-5.0	
-5.0	
-5.0	
-29.0	
-48.0	
-33.0	
-36.0	
-40.0	
-55.0	
-56.0	
-50.0	
-48.0	
-66.0	
-64.0	
-69.0	
-73.0	
-83.0	
-106.0	
-96.0	
-105.0	
-97.0	
-103.0	
-104.0	
-109.0	
-123.0	
-128.0	
-132.0	
-121.0	
-139.0	
-156.0	
-152.0	
-139.0	
-144.0	
-163.0	
-156.0	
-163.0	
-169.0	
-168.0	
-174.0	
-182.0	
-189.0	
-193.0	
-196.0	
-204.0	
-206.0	
-211.0	
-218.0	
-213.0	
-204.0	
-210.0	
-219.0	
-221.0	
-225.0	
-231.0	
-218.0	
-232.0	
-235.0	
-242.0	
-235.0	
-243.0	
-248.0	
-254.0	
-234.0	
-232.0	
-234.0	
-237.0	
-239.0	
-239.0	
-243.0	
-247.0	
-247.0	
-247.0	
-257.0	
-256.0	
-252.0	
-261.0	
-259.0	
-252.0	
-253.0	
-247.0	
-258.0	
-255.0	
-249.0	
-245.0	
-252.0	
-252.0	
-248.0	
-258.0	
-241.0	
-240.0	
-231.0	
-240.0	
-237.0	
-225.0	
-229.0	
-223.0	
-222.0	
-211.0	
-213.0	
-227.0	
-216.0	
-214.0	
-208.0	
-212.0	
-217.0	
-215.0	
-207.0	
-190.0	
-194.0	
-196.0	
-197.0	
-190.0	
-193.0	
-195.0	
-180.0	
-170.0	
-163.0	
-163.0	
-170.0	
-163.0	
-149.0	
-149.0	
-155.0	
-143.0	
-143.0	
-132.0	
-124.0	
-117.0	
-122.0	
-112.0	
-111.0	
-102.0	
-101.0	
-90.0	
-97.0	
-99.0	
-81.0	
-91.0	
-92.0	
-71.0	
-71.0	
-71.0	
-72.0	
-71.0	
-59.0	
-57.0	
-44.0	
-58.0	
-51.0	
-33.0	
-23.0	
-30.0	
-29.0	
-8.0	
-16.0	
-17.0	
-13.0	
-1.0	
5.0	
9.0	
6.0	
16.0	
34.0	
28.0	
26.0	
43.0	
44.0	
46.0	
54.0	
49.0	
46.0	
52.0	
59.0	
56.0	
69.0	
73.0	
70.0	
67.0	
70.0	
70.0	
90.0	
88.0	
89.0	
92.0	
101.0	
123.0	
106.0	
93.0	
109.0	
105.0	
104.0	
110.0	
108.0	
106.0	
120.0	
110.0	
106.0	
116.0	
118.0	
121.0	
125.0	
121.0	
122.0	
115.0	
112.0	
112.0	
121.0	
119.0	
123.0	
124.0	
117.0	
122.0	
133.0	
127.0	
124.0	
125.0	
119.0	
125.0	
127.0	
113.0	
116.0	
126.0	
122.0	
119.0	
115.0	
112.0	
112.0	
117.0	
127.0	
112.0	
109.0	
116.0	
114.0	
114.0	
108.0	
107.0	
104.0	
103.0	
114.0	
104.0	
95.0	
94.0	
93.0	
94.0	
92.0	
91.0	
88.0	
91.0	
89.0	
85.0	
77.0	
86.0	
67.0	
67.0	
70.0	
75.0	
40.0	
47.0	
50.0	
61.0	
51.0	
48.0	
45.0	
40.0	
36.0	
35.0	
29.0	
44.0	
49.0	
29.0	
41.0	
33.0	
16.0	
17.0	
11.0	
7.0	
9.0	
18.0	
8.0	
-7.0	
1.0	
4.0	
-7.0	
-19.0	
-6.0	
-3.0	
4.0	
-1.0	
-19.0	
-20.0	
-21.0	
-25.0	
-26.0	
-20.0	
-29.0	
-23.0	
-33.0	
-38.0	
-34.0	
-49.0	
-51.0	
-52.0	
-50.0	
-42.0	
-59.0	
-54.0	
-54.0	
-65.0	
-65.0	
-59.0	
-50.0	
-59.0	
-68.0	
-58.0	
-66.0	
-74.0	
-58.0	
-65.0	
-59.0	
-72.0	
-72.0	
-64.0	
-71.0	
-79.0	
-71.0	
-74.0	
-87.0	
-81.0	
-84.0	
-85.0	
-80.0	
-81.0	
-77.0	
-80.0	
-80.0	
-79.0	
-84.0	
-73.0	
-76.0	
-79.0	
-82.0	
-85.0	
-89.0	
-81.0	
-80.0	
-76.0	
-84.0	
-83.0	
-79.0	
-88.0	
-86.0	
-90.0	
-93.0	
-90.0	
-87.0	
-76.0	
-80.0	
-77.0	
-86.0	
-90.0	
-86.0	
-81.0	
-85.0	
-76.0	
-75.0	
-75.0	
-82.0	
-79.0	
-83.0	
-78.0	
-78.0	
-68.0	
-72.0	
-77.0	
-72.0	
-60.0	
-71.0	
-73.0	
-63.0	
-69.0	
-70.0	
-63.0	
-57.0	
-53.0	
-55.0	
-46.0	
-45.0	
-52.0	
-50.0	
-41.0	
-52.0	
-49.0	
-39.0	
-40.0	
-43.0	
-45.0	
-34.0	
-32.0	
-36.0	
-20.0	
-18.0	
-22.0	
-19.0	
-26.0	
-27.0	
-37.0	
-24.0	
-15.0	
-6.0	
-13.0	
-11.0	
-13.0	
6.0	
8.0	
-4.0	
5.0	
3.0	
4.0	
1.0	
-5.0	
-5.0	
10.0	
8.0	
6.0	
9.0	
9.0	
10.0	
