7.0	
18.0	
28.0	
50.0	
59.0	
57.0	
64.0	
51.0	
52.0	
69.0	
79.0	
79.0	
98.0	
84.0	
84.0	
97.0	
105.0	
118.0	
126.0	
129.0	
140.0	
151.0	
154.0	
168.0	
165.0	
158.0	
166.0	
159.0	
171.0	
177.0	
193.0	
189.0	
188.0	
194.0	
218.0	
230.0	
234.0	
224.0	
230.0	
227.0	
235.0	
237.0	
262.0	
260.0	
256.0	
271.0	
263.0	
274.0	
284.0	
280.0	
290.0	
291.0	
295.0	
309.0	
307.0	
304.0	
310.0	
313.0	
311.0	
316.0	
310.0	
330.0	
332.0	
334.0	
335.0	
336.0	
338.0	
342.0	
354.0	
353.0	
374.0	
372.0	
364.0	
368.0	
377.0	
373.0	
377.0	
391.0	
388.0	
391.0	
386.0	
400.0	
393.0	
411.0	
402.0	
400.0	
397.0	
399.0	
405.0	
412.0	
405.0	
404.0	
418.0	
424.0	
414.0	
415.0	
424.0	
431.0	
434.0	
439.0	
433.0	
442.0	
452.0	
435.0	
432.0	
441.0	
443.0	
437.0	
443.0	
443.0	
437.0	
446.0	
454.0	
453.0	
430.0	
444.0	
446.0	
437.0	
442.0	
436.0	
428.0	
432.0	
428.0	
436.0	
433.0	
422.0	
425.0	
424.0	
420.0	
417.0	
412.0	
410.0	
407.0	
391.0	
388.0	
387.0	
383.0	
386.0	
368.0	
367.0	
365.0	
348.0	
347.0	
349.0	
341.0	
334.0	
318.0	
309.0	
293.0	
297.0	
294.0	
277.0	
262.0	
262.0	
249.0	
241.0	
229.0	
215.0	
232.0	
211.0	
187.0	
193.0	
185.0	
181.0	
184.0	
167.0	
156.0	
140.0	
131.0	
107.0	
100.0	
101.0	
84.0	
85.0	
89.0	
68.0	
56.0	
49.0	
36.0	
13.0	
11.0	
8.0	
-16.0	
-32.0	
-43.0	
-52.0	
-59.0	
-69.0	
-72.0	
-74.0	
-98.0	
-102.0	
-106.0	
-123.0	
-128.0	
-153.0	
-151.0	
-160.0	
-174.0	
-186.0	
-193.0	
-198.0	
-199.0	
-209.0	
-219.0	
-227.0	
-247.0	
-243.0	
-260.0	
-275.0	
-286.0	
-281.0	
-284.0	
-301.0	
-308.0	
-310.0	
-317.0	
-318.0	
-331.0	
-339.0	
-333.0	
-343.0	
-355.0	
-351.0	
-366.0	
-373.0	
-386.0	
-387.0	
-375.0	
-394.0	
-391.0	
-394.0	
-399.0	
-394.0	
-403.0	
-396.0	
-381.0	
-399.0	
-420.0	
-405.0	
-400.0	
-422.0	
-420.0	
-414.0	
-427.0	
-428.0	
-419.0	
-431.0	
-431.0	
-424.0	
-422.0	
-419.0	
-418.0	
-419.0	
-416.0	
-423.0	
-426.0	
-414.0	
-410.0	
-418.0	
-418.0	
-417.0	
-430.0	
-412.0	
-393.0	
-393.0	
-394.0	
-395.0	
-384.0	
-391.0	
-381.0	
-379.0	
-385.0	
-384.0	
-373.0	
-376.0	
-370.0	
-355.0	
-344.0	
-342.0	
-334.0	
-342.0	
-344.0	
-331.0	
-338.0	
-333.0	
-317.0	
-328.0	
-314.0	
-293.0	
-299.0	
-289.0	
-283.0	
-272.0	
-274.0	
-273.0	
-266.0	
-251.0	
-248.0	
-239.0	
-227.0	
-231.0	
-217.0	
-213.0	
-215.0	
-228.0	
-218.0	
-210.0	
-202.0	
-202.0	
-184.0	
-169.0	
-166.0	
-167.0	
-155.0	
-144.0	
-137.0	
-134.0	
-126.0	
-120.0	
-108.0	
-109.0	
-106.0	
-110.0	
-116.0	
-99.0	
-73.0	
-67.0	
-63.0	
-58.0	
-60.0	
-48.0	
-36.0	
-43.0	
-42.0	
-44.0	
-38.0	
-16.0	
5.0	
19.0	
14.0	
2.0	
21.0	
30.0	
42.0	
52.0	
55.0	
49.0	
70.0	
75.0	
80.0	
92.0	
95.0	
89.0	
112.0	
101.0	
118.0	
135.0	
137.0	
132.0	
133.0	
142.0	
151.0	
154.0	
151.0	
147.0	
150.0	
152.0	
169.0	
182.0	
183.0	
194.0	
214.0	
214.0	
220.0	
225.0	
214.0	
221.0	
224.0	
238.0	
244.0	
261.0	
253.0	
261.0	
254.0	
263.0	
278.0	
303.0	
299.0	
289.0	
287.0	
292.0	
292.0	
301.0	
306.0	
307.0	
308.0	
314.0	
317.0	
320.0	
316.0	
326.0	
327.0	
335.0	
342.0	
336.0	
339.0	
355.0	
345.0	
354.0	
356.0	
343.0	
361.0	
374.0	
359.0	
364.0	
372.0	
363.0	
375.0	
367.0	
373.0	
377.0	
382.0	
375.0	
391.0	
369.0	
391.0	
392.0	
390.0	
385.0	
376.0	
382.0	
379.0	
384.0	
391.0	
378.0	
383.0	
379.0	
383.0	
400.0	
391.0	
377.0	
375.0	
393.0	
393.0	
390.0	
380.0	
392.0	
382.0	
374.0	
379.0	
389.0	
390.0	
391.0	
384.0	
378.0	
384.0	
374.0	
375.0	
370.0	
368.0	
370.0	
365.0	
370.0	
371.0	
371.0	
361.0	
351.0	
344.0	
356.0	
354.0	
348.0	
355.0	
358.0	
362.0	
358.0	
354.0	
341.0	
339.0	
337.0	
334.0	
325.0	
326.0	
330.0	
326.0	
325.0	
319.0	
316.0	
312.0	
319.0	
308.0	
293.0	
289.0	
291.0	
304.0	
300.0	
291.0	
273.0	
283.0	
286.0	
274.0	
277.0	
272.0	
265.0	
250.0	
251.0	
253.0	
250.0	
235.0	
238.0	
237.0	
231.0	
225.0	
219.0	
217.0	
225.0	
213.0	
204.0	
215.0	
200.0	
197.0	
209.0	
210.0	
202.0	
193.0	
184.0	
184.0	
190.0	
186.0	
162.0	
160.0	
165.0	
158.0	
151.0	
149.0	
145.0	
145.0	
133.0	
139.0	
142.0	
134.0	
127.0	
120.0	
118.0	
118.0	
130.0	
114.0	
103.0	
97.0	
100.0	
88.0	
96.0	
112.0	
98.0	
86.0	
84.0	
75.0	
68.0	
84.0	
67.0	
78.0	
81.0	
84.0	
67.0	
61.0	
67.0	
53.0	
51.0	
46.0	
43.0	
40.0	
46.0	
45.0	
29.0	
47.0	
39.0	
26.0	
29.0	
12.0	
20.0	
12.0	
13.0	
18.0	
0.0	
7.0	
5.0	
8.0	
16.0	
-13.0	
-7.0	
-3.0	
-7.0	
-14.0	
-15.0	
-20.0	
-32.0	
-26.0	
-15.0	
-13.0	
-17.0	
-21.0	
-23.0	
-28.0	
-28.0	
-25.0	
-26.0	
47.0	
