55.0	
61.0	
65.0	
54.0	
61.0	
66.0	
68.0	
58.0	
70.0	
70.0	
82.0	
88.0	
80.0	
83.0	
79.0	
72.0	
86.0	
95.0	
95.0	
92.0	
103.0	
107.0	
101.0	
98.0	
105.0	
111.0	
114.0	
131.0	
140.0	
125.0	
139.0	
152.0	
141.0	
144.0	
153.0	
148.0	
151.0	
159.0	
186.0	
168.0	
167.0	
183.0	
176.0	
173.0	
188.0	
192.0	
197.0	
198.0	
205.0	
208.0	
206.0	
208.0	
218.0	
224.0	
228.0	
226.0	
219.0	
226.0	
239.0	
241.0	
246.0	
251.0	
249.0	
247.0	
259.0	
270.0	
266.0	
271.0	
271.0	
262.0	
271.0	
294.0	
303.0	
301.0	
291.0	
291.0	
304.0	
306.0	
317.0	
319.0	
319.0	
319.0	
325.0	
319.0	
332.0	
324.0	
321.0	
334.0	
337.0	
349.0	
349.0	
344.0	
343.0	
341.0	
328.0	
338.0	
338.0	
332.0	
344.0	
335.0	
352.0	
357.0	
363.0	
361.0	
370.0	
364.0	
365.0	
358.0	
367.0	
363.0	
364.0	
356.0	
355.0	
353.0	
352.0	
335.0	
355.0	
366.0	
358.0	
364.0	
364.0	
347.0	
347.0	
344.0	
341.0	
346.0	
346.0	
336.0	
331.0	
333.0	
349.0	
345.0	
341.0	
336.0	
327.0	
335.0	
344.0	
334.0	
340.0	
329.0	
323.0	
340.0	
328.0	
313.0	
315.0	
313.0	
315.0	
320.0	
301.0	
305.0	
307.0	
296.0	
294.0	
293.0	
307.0	
302.0	
290.0	
278.0	
287.0	
284.0	
272.0	
260.0	
267.0	
268.0	
253.0	
247.0	
251.0	
243.0	
238.0	
228.0	
231.0	
233.0	
238.0	
238.0	
225.0	
220.0	
226.0	
223.0	
215.0	
212.0	
199.0	
185.0	
189.0	
180.0	
164.0	
169.0	
155.0	
163.0	
167.0	
159.0	
151.0	
145.0	
144.0	
137.0	
131.0	
132.0	
130.0	
133.0	
120.0	
112.0	
109.0	
97.0	
93.0	
96.0	
102.0	
93.0	
92.0	
94.0	
76.0	
77.0	
73.0	
56.0	
47.0	
43.0	
45.0	
41.0	
27.0	
34.0	
23.0	
17.0	
24.0	
23.0	
17.0	
-5.0	
1.0	
0.0	
-7.0	
-11.0	
-10.0	
-13.0	
-27.0	
-22.0	
-42.0	
-40.0	
-31.0	
-37.0	
-54.0	
-65.0	
-58.0	
-52.0	
-60.0	
-77.0	
-78.0	
-70.0	
-68.0	
-76.0	
-86.0	
-93.0	
-107.0	
-108.0	
-100.0	
-107.0	
-110.0	
-106.0	
-114.0	
-124.0	
-117.0	
-110.0	
-125.0	
-132.0	
-141.0	
-147.0	
-150.0	
-147.0	
-152.0	
-165.0	
-160.0	
-166.0	
-163.0	
-167.0	
-165.0	
-178.0	
-178.0	
-172.0	
-175.0	
-190.0	
-203.0	
-200.0	
-202.0	
-191.0	
-197.0	
-202.0	
-205.0	
-208.0	
-219.0	
-207.0	
-211.0	
-215.0	
-206.0	
-211.0	
-224.0	
-222.0	
-223.0	
-230.0	
-216.0	
-224.0	
-221.0	
-220.0	
-227.0	
-221.0	
-218.0	
-219.0	
-225.0	
-216.0	
-238.0	
-219.0	
-221.0	
-231.0	
-235.0	
-231.0	
-227.0	
-228.0	
-226.0	
-232.0	
-235.0	
-237.0	
-238.0	
-245.0	
-243.0	
-246.0	
-235.0	
-226.0	
-223.0	
-212.0	
-218.0	
-225.0	
-239.0	
-227.0	
-224.0	
-226.0	
-230.0	
-223.0	
-223.0	
-225.0	
-211.0	
-213.0	
-220.0	
-220.0	
-191.0	
-195.0	
-216.0	
-201.0	
-214.0	
-225.0	
-212.0	
-215.0	
-206.0	
-204.0	
-203.0	
-192.0	
-191.0	
-190.0	
-200.0	
-194.0	
-191.0	
-185.0	
-185.0	
-182.0	
-176.0	
-183.0	
-165.0	
-161.0	
-174.0	
-173.0	
-171.0	
-168.0	
-165.0	
-150.0	
-149.0	
-149.0	
-150.0	
-146.0	
-142.0	
-150.0	
-140.0	
-149.0	
-139.0	
-131.0	
-139.0	
-142.0	
-132.0	
-113.0	
-109.0	
-112.0	
-109.0	
-109.0	
-115.0	
-97.0	
-94.0	
-93.0	
-84.0	
-83.0	
-88.0	
-96.0	
-75.0	
-64.0	
-56.0	
-52.0	
-54.0	
-57.0	
-54.0	
-62.0	
-49.0	
-48.0	
-41.0	
-36.0	
-22.0	
-23.0	
-32.0	
-24.0	
-22.0	
-16.0	
-13.0	
-6.0	
13.0	
19.0	
14.0	
8.0	
19.0	
12.0	
15.0	
35.0	
27.0	
23.0	
30.0	
42.0	
46.0	
36.0	
43.0	
52.0	
50.0	
63.0	
70.0	
68.0	
83.0	
85.0	
79.0	
83.0	
94.0	
105.0	
111.0	
103.0	
97.0	
108.0	
119.0	
122.0	
120.0	
123.0	
126.0	
123.0	
135.0	
155.0	
146.0	
149.0	
157.0	
160.0	
153.0	
162.0	
162.0	
160.0	
170.0	
175.0	
181.0	
189.0	
189.0	
170.0	
187.0	
181.0	
173.0	
196.0	
187.0	
194.0	
199.0	
194.0	
199.0	
201.0	
202.0	
219.0	
214.0	
212.0	
235.0	
229.0	
217.0	
215.0	
229.0	
234.0	
235.0	
230.0	
225.0	
234.0	
232.0	
234.0	
241.0	
235.0	
243.0	
241.0	
250.0	
263.0	
251.0	
249.0	
250.0	
245.0	
245.0	
249.0	
246.0	
252.0	
255.0	
244.0	
248.0	
262.0	
240.0	
263.0	
269.0	
258.0	
252.0	
258.0	
263.0	
270.0	
271.0	
266.0	
248.0	
260.0	
265.0	
266.0	
264.0	
260.0	
268.0	
255.0	
258.0	
249.0	
241.0	
241.0	
247.0	
255.0	
248.0	
241.0	
235.0	
233.0	
229.0	
227.0	
237.0	
241.0	
239.0	
215.0	
226.0	
220.0	
211.0	
227.0	
220.0	
218.0	
220.0	
221.0	
221.0	
208.0	
205.0	
212.0	
206.0	
204.0	
200.0	
197.0	
196.0	
199.0	
198.0	
193.0	
198.0	
197.0	
183.0	
167.0	
168.0	
172.0	
181.0	
170.0	
150.0	
171.0	
167.0	
157.0	
146.0	
145.0	
149.0	
144.0	
154.0	
141.0	
130.0	
141.0	
126.0	
127.0	
131.0	
114.0	
125.0	
121.0	
114.0	
124.0	
117.0	
115.0	
109.0	
111.0	
107.0	
104.0	
96.0	
99.0	
97.0	
92.0	
94.0	
90.0	
88.0	
77.0	
79.0	
84.0	
81.0	
82.0	
83.0	
77.0	
