26.0	
14.0	
15.0	
3.0	
-1.0	
-11.0	
-11.0	
-4.0	
-17.0	
-10.0	
-25.0	
-14.0	
-18.0	
-28.0	
-43.0	
-47.0	
-48.0	
-46.0	
-58.0	
-58.0	
-62.0	
-71.0	
-77.0	
-75.0	
-82.0	
-108.0	
-103.0	
-95.0	
-100.0	
-130.0	
-116.0	
-116.0	
-125.0	
-139.0	
-142.0	
-141.0	
-148.0	
-156.0	
-152.0	
-163.0	
-151.0	
-153.0	
-172.0	
-174.0	
-168.0	
-189.0	
-199.0	
-187.0	
-191.0	
-211.0	
-208.0	
-216.0	
-201.0	
-214.0	
-227.0	
-217.0	
-224.0	
-233.0	
-232.0	
-247.0	
-241.0	
-238.0	
-252.0	
-240.0	
-249.0	
-253.0	
-261.0	
-273.0	
-278.0	
-266.0	
-267.0	
-265.0	
-262.0	
-259.0	
-258.0	
-271.0	
-271.0	
-260.0	
-264.0	
-284.0	
-287.0	
-280.0	
-270.0	
-273.0	
-276.0	
-268.0	
-279.0	
-280.0	
-267.0	
-272.0	
-272.0	
-270.0	
-263.0	
-260.0	
-264.0	
-254.0	
-274.0	
-254.0	
-262.0	
-257.0	
-255.0	
-249.0	
-237.0	
-224.0	
-224.0	
-229.0	
-234.0	
-228.0	
-229.0	
-222.0	
-224.0	
-218.0	
-206.0	
-207.0	
-206.0	
-197.0	
-189.0	
-193.0	
-182.0	
-174.0	
-176.0	
-175.0	
-181.0	
-155.0	
-148.0	
-151.0	
-154.0	
-142.0	
-153.0	
-150.0	
-129.0	
-125.0	
-114.0	
-119.0	
-108.0	
-99.0	
-107.0	
-119.0	
-110.0	
-90.0	
-95.0	
-77.0	
-87.0	
-74.0	
-80.0	
-64.0	
-81.0	
-76.0	
-58.0	
-42.0	
-53.0	
-45.0	
-28.0	
-17.0	
-19.0	
-24.0	
-16.0	
-6.0	
-7.0	
-11.0	
-6.0	
1.0	
14.0	
16.0	
20.0	
18.0	
19.0	
41.0	
44.0	
39.0	
40.0	
41.0	
55.0	
64.0	
67.0	
68.0	
64.0	
69.0	
64.0	
67.0	
85.0	
91.0	
94.0	
98.0	
98.0	
105.0	
102.0	
111.0	
112.0	
107.0	
112.0	
130.0	
131.0	
135.0	
141.0	
135.0	
140.0	
135.0	
140.0	
128.0	
142.0	
151.0	
140.0	
146.0	
153.0	
151.0	
155.0	
162.0	
151.0	
171.0	
177.0	
160.0	
168.0	
153.0	
152.0	
168.0	
170.0	
165.0	
168.0	
167.0	
170.0	
168.0	
170.0	
189.0	
189.0	
181.0	
183.0	
180.0	
175.0	
174.0	
180.0	
184.0	
174.0	
178.0	
176.0	
184.0	
183.0	
192.0	
190.0	
187.0	
195.0	
186.0	
184.0	
189.0	
186.0	
188.0	
184.0	
181.0	
164.0	
177.0	
181.0	
174.0	
183.0	
183.0	
175.0	
172.0	
171.0	
178.0	
173.0	
177.0	
173.0	
179.0	
181.0	
178.0	
182.0	
162.0	
177.0	
185.0	
159.0	
157.0	
158.0	
174.0	
166.0	
175.0	
164.0	
161.0	
146.0	
169.0	
166.0	
151.0	
146.0	
151.0	
146.0	
144.0	
148.0	
140.0	
134.0	
135.0	
122.0	
136.0	
140.0	
145.0	
147.0	
142.0	
124.0	
132.0	
127.0	
130.0	
126.0	
114.0	
114.0	
111.0	
110.0	
105.0	
92.0	
87.0	
93.0	
94.0	
87.0	
91.0	
89.0	
89.0	
88.0	
88.0	
84.0	
80.0	
83.0	
81.0	
82.0	
78.0	
64.0	
73.0	
60.0	
50.0	
50.0	
55.0	
44.0	
45.0	
37.0	
30.0	
36.0	
23.0	
13.0	
10.0	
22.0	
14.0	
-3.0	
5.0	
4.0	
9.0	
1.0	
-11.0	
-12.0	
7.0	
-2.0	
-1.0	
-5.0	
-20.0	
-12.0	
-32.0	
-20.0	
-10.0	
-26.0	
-14.0	
-22.0	
-17.0	
-30.0	
-29.0	
-38.0	
-39.0	
-39.0	
-51.0	
-49.0	
-44.0	
-55.0	
-55.0	
-42.0	
-58.0	
-61.0	
-63.0	
-61.0	
-62.0	
-74.0	
-82.0	
-77.0	
-69.0	
-85.0	
-78.0	
-88.0	
-85.0	
-96.0	
-95.0	
-88.0	
-78.0	
-95.0	
-83.0	
-86.0	
-88.0	
-80.0	
-99.0	
-83.0	
-89.0	
-98.0	
-93.0	
-92.0	
-98.0	
-101.0	
-103.0	
-82.0	
-92.0	
-87.0	
-85.0	
-99.0	
-100.0	
-104.0	
-100.0	
-114.0	
-113.0	
-110.0	
-121.0	
-100.0	
-98.0	
-104.0	
-102.0	
-103.0	
-99.0	
-105.0	
-123.0	
-119.0	
-110.0	
-99.0	
-101.0	
-94.0	
-102.0	
-96.0	
-88.0	
-104.0	
-118.0	
-109.0	
-103.0	
-103.0	
-93.0	
-96.0	
-105.0	
-117.0	
-86.0	
-96.0	
-91.0	
-96.0	
-106.0	
-101.0	
-97.0	
-106.0	
-106.0	
-101.0	
-96.0	
-92.0	
-77.0	
-74.0	
-83.0	
-97.0	
-97.0	
-85.0	
-81.0	
-83.0	
-78.0	
-82.0	
-79.0	
-70.0	
-68.0	
-83.0	
-75.0	
-65.0	
-72.0	
-81.0	
-73.0	
-80.0	
-77.0	
-73.0	
-71.0	
-63.0	
-68.0	
-65.0	
-60.0	
-49.0	
-69.0	
-72.0	
-60.0	
-68.0	
-61.0	
-55.0	
-64.0	
-63.0	
-56.0	
-51.0	
-51.0	
-62.0	
-60.0	
-39.0	
-48.0	
-59.0	
-52.0	
-52.0	
-63.0	
-57.0	
-53.0	
-50.0	
-42.0	
-29.0	
-28.0	
-24.0	
-22.0	
-35.0	
-39.0	
-33.0	
-32.0	
-35.0	
-43.0	
-34.0	
-44.0	
-38.0	
-32.0	
-20.0	
-36.0	
-36.0	
-28.0	
-35.0	
-22.0	
-4.0	
-13.0	
-24.0	
-20.0	
-28.0	
-15.0	
-8.0	
-6.0	
-2.0	
-8.0	
-19.0	
-2.0	
11.0	
3.0	
1.0	
9.0	
5.0	
5.0	
2.0	
-2.0	
11.0	
-5.0	
-9.0	
-6.0	
8.0	
15.0	
22.0	
25.0	
26.0	
12.0	
26.0	
16.0	
23.0	
16.0	
19.0	
13.0	
13.0	
15.0	
14.0	
23.0	
24.0	
20.0	
18.0	
30.0	
38.0	
27.0	
23.0	
30.0	
24.0	
18.0	
25.0	
31.0	
29.0	
26.0	
20.0	
31.0	
27.0	
20.0	
21.0	
30.0	
26.0	
30.0	
14.0	
23.0	
25.0	
17.0	
8.0	
16.0	
30.0	
20.0	
13.0	
13.0	
18.0	
28.0	
21.0	
11.0	
8.0	
11.0	
11.0	
19.0	
27.0	
3.0	
8.0	
3.0	
5.0	
23.0	
22.0	
11.0	
8.0	
8.0	
-6.0	
14.0	
25.0	
12.0	
3.0	
11.0	
23.0	
5.0	
9.0	
-9.0	
15.0	
