63.0	
62.0	
41.0	
16.0	
16.0	
13.0	
3.0	
3.0	
2.0	
-20.0	
-41.0	
-42.0	
-55.0	
-63.0	
-65.0	
-73.0	
-81.0	
-86.0	
-100.0	
-108.0	
-132.0	
-150.0	
-146.0	
-146.0	
-158.0	
-168.0	
-172.0	
-182.0	
-206.0	
-210.0	
-214.0	
-216.0	
-228.0	
-242.0	
-248.0	
-245.0	
-260.0	
-276.0	
-282.0	
-278.0	
-285.0	
-307.0	
-321.0	
-323.0	
-326.0	
-317.0	
-335.0	
-347.0	
-353.0	
-364.0	
-366.0	
-368.0	
-369.0	
-381.0	
-397.0	
-403.0	
-398.0	
-416.0	
-418.0	
-423.0	
-424.0	
-428.0	
-441.0	
-449.0	
-448.0	
-455.0	
-455.0	
-454.0	
-442.0	
-454.0	
-473.0	
-484.0	
-483.0	
-475.0	
-481.0	
-476.0	
-479.0	
-481.0	
-491.0	
-501.0	
-496.0	
-493.0	
-481.0	
-480.0	
-472.0	
-475.0	
-486.0	
-487.0	
-486.0	
-487.0	
-482.0	
-482.0	
-481.0	
-458.0	
-458.0	
-457.0	
-469.0	
-459.0	
-453.0	
-456.0	
-454.0	
-459.0	
-446.0	
-431.0	
-419.0	
-427.0	
-419.0	
-405.0	
-402.0	
-407.0	
-403.0	
-394.0	
-404.0	
-404.0	
-383.0	
-394.0	
-363.0	
-365.0	
-353.0	
-337.0	
-345.0	
-342.0	
-332.0	
-327.0	
-316.0	
-318.0	
-294.0	
-299.0	
-291.0	
-286.0	
-291.0	
-274.0	
-264.0	
-262.0	
-250.0	
-259.0	
-239.0	
-222.0	
-230.0	
-212.0	
-193.0	
-191.0	
-193.0	
-176.0	
-179.0	
-174.0	
-171.0	
-149.0	
-158.0	
-151.0	
-131.0	
-134.0	
-123.0	
-99.0	
-86.0	
-80.0	
-81.0	
-81.0	
-76.0	
-62.0	
-41.0	
-32.0	
-39.0	
-14.0	
-4.0	
10.0	
16.0	
19.0	
23.0	
27.0	
24.0	
32.0	
42.0	
45.0	
54.0	
71.0	
95.0	
81.0	
79.0	
86.0	
101.0	
115.0	
126.0	
128.0	
142.0	
147.0	
157.0	
157.0	
159.0	
170.0	
182.0	
199.0	
206.0	
207.0	
208.0	
212.0	
227.0	
231.0	
242.0	
234.0	
225.0	
238.0	
241.0	
256.0	
254.0	
262.0	
285.0	
292.0	
271.0	
281.0	
289.0	
288.0	
289.0	
290.0	
306.0	
311.0	
311.0	
316.0	
305.0	
317.0	
323.0	
329.0	
334.0	
337.0	
351.0	
349.0	
343.0	
348.0	
358.0	
359.0	
361.0	
354.0	
366.0	
361.0	
372.0	
380.0	
377.0	
362.0	
364.0	
380.0	
390.0	
379.0	
382.0	
377.0	
376.0	
383.0	
396.0	
367.0	
378.0	
377.0	
379.0	
376.0	
358.0	
352.0	
379.0	
402.0	
394.0	
384.0	
383.0	
385.0	
368.0	
376.0	
365.0	
357.0	
359.0	
363.0	
371.0	
371.0	
355.0	
371.0	
365.0	
350.0	
350.0	
351.0	
330.0	
333.0	
339.0	
333.0	
331.0	
336.0	
332.0	
336.0	
329.0	
334.0	
319.0	
313.0	
313.0	
306.0	
303.0	
305.0	
302.0	
291.0	
285.0	
289.0	
284.0	
296.0	
276.0	
282.0	
281.0	
269.0	
250.0	
242.0	
252.0	
244.0	
234.0	
228.0	
225.0	
222.0	
220.0	
201.0	
194.0	
207.0	
195.0	
171.0	
169.0	
178.0	
177.0	
157.0	
158.0	
146.0	
138.0	
127.0	
137.0	
130.0	
118.0	
104.0	
103.0	
106.0	
105.0	
89.0	
83.0	
60.0	
69.0	
71.0	
61.0	
45.0	
37.0	
29.0	
33.0	
31.0	
11.0	
8.0	
2.0	
4.0	
9.0	
-9.0	
-23.0	
-12.0	
-27.0	
-37.0	
-39.0	
-53.0	
-64.0	
-59.0	
-65.0	
-68.0	
-82.0	
-88.0	
-90.0	
-100.0	
-103.0	
-103.0	
-105.0	
-113.0	
-119.0	
-111.0	
-116.0	
-128.0	
-125.0	
-123.0	
-137.0	
-145.0	
-165.0	
-180.0	
-162.0	
-163.0	
-189.0	
-193.0	
-175.0	
-181.0	
-183.0	
-175.0	
-190.0	
-210.0	
-200.0	
-207.0	
-206.0	
-220.0	
-223.0	
-221.0	
-217.0	
-215.0	
-223.0	
-225.0	
-237.0	
-233.0	
-230.0	
-229.0	
-233.0	
-245.0	
-244.0	
-236.0	
-250.0	
-260.0	
-249.0	
-249.0	
-254.0	
-251.0	
-238.0	
-244.0	
-261.0	
-245.0	
-240.0	
-253.0	
-256.0	
-257.0	
-245.0	
-249.0	
-265.0	
-265.0	
-246.0	
-248.0	
-252.0	
-253.0	
-251.0	
-256.0	
-243.0	
-257.0	
-245.0	
-228.0	
-242.0	
-254.0	
-246.0	
-241.0	
-243.0	
-233.0	
-224.0	
-219.0	
-223.0	
-223.0	
-226.0	
-220.0	
-227.0	
-226.0	
-213.0	
-220.0	
-233.0	
-220.0	
-217.0	
-208.0	
-203.0	
-202.0	
-204.0	
-206.0	
-191.0	
-183.0	
-189.0	
-173.0	
-186.0	
-174.0	
-167.0	
-179.0	
-166.0	
-174.0	
-173.0	
-163.0	
-167.0	
-149.0	
-150.0	
-144.0	
-135.0	
-125.0	
-126.0	
-117.0	
-118.0	
-115.0	
-119.0	
-101.0	
-95.0	
-98.0	
-96.0	
-100.0	
-109.0	
-107.0	
-95.0	
-85.0	
-73.0	
-78.0	
-78.0	
-70.0	
-60.0	
-70.0	
-65.0	
-60.0	
-57.0	
-47.0	
-39.0	
-44.0	
-33.0	
-47.0	
-40.0	
-29.0	
-17.0	
-29.0	
-18.0	
-5.0	
-5.0	
-6.0	
2.0	
-4.0	
0.0	
0.0	
11.0	
21.0	
27.0	
18.0	
13.0	
15.0	
19.0	
24.0	
25.0	
36.0	
36.0	
39.0	
43.0	
50.0	
44.0	
52.0	
63.0	
62.0	
49.0	
57.0	
55.0	
67.0	
60.0	
57.0	
69.0	
72.0	
72.0	
67.0	
75.0	
83.0	
77.0	
72.0	
81.0	
93.0	
86.0	
89.0	
91.0	
87.0	
97.0	
89.0	
94.0	
95.0	
86.0	
91.0	
88.0	
82.0	
82.0	
90.0	
84.0	
79.0	
86.0	
80.0	
80.0	
79.0	
88.0	
90.0	
76.0	
78.0	
88.0	
92.0	
85.0	
71.0	
81.0	
75.0	
76.0	
78.0	
79.0	
73.0	
65.0	
55.0	
57.0	
55.0	
51.0	
59.0	
56.0	
54.0	
47.0	
57.0	
50.0	
49.0	
50.0	
37.0	
47.0	
35.0	
48.0	
51.0	
38.0	
45.0	
39.0	
35.0	
39.0	
46.0	
32.0	
39.0	
47.0	
32.0	
23.0	
36.0	
26.0	
20.0	
24.0	
16.0	
16.0	
19.0	
21.0	
11.0	
23.0	
23.0	
0.0	
-1.0	
5.0	
6.0	
11.0	
-11.0	
-20.0	
-15.0	
3.0	
3.0	
-7.0	
-5.0	
-10.0	
-21.0	
-27.0	
-15.0	
-23.0	
-25.0	
-24.0	
-20.0	
-18.0	
-21.0	
-30.0	
-31.0	
-20.0	
-32.0	
-41.0	
-41.0	
-37.0	
-31.0	
-39.0	
-50.0	
-47.0	
-52.0	
-56.0	
-59.0	
-50.0	
-47.0	
-41.0	
-42.0	
-42.0	
-46.0	
-53.0	
-52.0	
-49.0	
-44.0	
-57.0	
-59.0	
-57.0	
-55.0	
-62.0	
-48.0	
-63.0	
-60.0	
-57.0	
-72.0	
-74.0	
-62.0	
-66.0	
-59.0	
-59.0	
-55.0	
-72.0	
-78.0	
-59.0	
-61.0	
-67.0	
-43.0	
-47.0	
-61.0	
-65.0	
-64.0	
-60.0	
-67.0	
-65.0	
-71.0	
-64.0	
-70.0	
-66.0	
-62.0	
-78.0	
-59.0	
-66.0	
-69.0	
-58.0	
-68.0	
-63.0	
-62.0	
-55.0	
-65.0	
-68.0	
-62.0	
-54.0	
-46.0	
-56.0	
-59.0	
-48.0	
-55.0	
-35.0	
-44.0	
-46.0	
-42.0	
-50.0	
-50.0	
-55.0	
-43.0	
-45.0	
-43.0	
-41.0	
-36.0	
-50.0	
-50.0	
-40.0	
-33.0	
-29.0	
-35.0	
-48.0	
-36.0	
-37.0	
-27.0	
-19.0	
-16.0	
-22.0	
-31.0	
-16.0	
-24.0	
-19.0	
0.0	
