208.0	
177.0	
156.0	
142.0	
129.0	
124.0	
105.0	
100.0	
91.0	
85.0	
79.0	
59.0	
57.0	
49.0	
31.0	
15.0	
23.0	
9.0	
6.0	
8.0	
19.0	
3.0	
2.0	
0.0	
4.0	
3.0	
-13.0	
13.0	
13.0	
11.0	
17.0	
11.0	
11.0	
29.0	
29.0	
33.0	
51.0	
57.0	
64.0	
89.0	
86.0	
94.0	
101.0	
115.0	
132.0	
154.0	
166.0	
169.0	
178.0	
195.0	
226.0	
241.0	
250.0	
268.0	
285.0	
286.0	
303.0	
327.0	
338.0	
342.0	
355.0	
367.0	
388.0	
408.0	
416.0	
430.0	
449.0	
452.0	
465.0	
470.0	
482.0	
502.0	
503.0	
514.0	
521.0	
519.0	
539.0	
553.0	
557.0	
557.0	
564.0	
583.0	
589.0	
585.0	
594.0	
593.0	
602.0	
607.0	
595.0	
608.0	
609.0	
602.0	
595.0	
603.0	
587.0	
580.0	
581.0	
589.0	
579.0	
573.0	
575.0	
568.0	
562.0	
542.0	
535.0	
520.0	
514.0	
507.0	
490.0	
483.0	
479.0	
469.0	
451.0	
452.0	
452.0	
440.0	
412.0	
398.0	
398.0	
385.0	
358.0	
341.0	
349.0	
328.0	
323.0	
327.0	
304.0	
285.0	
273.0	
274.0	
252.0	
240.0	
256.0	
253.0	
225.0	
222.0	
223.0	
204.0	
207.0	
192.0	
182.0	
196.0	
186.0	
184.0	
185.0	
186.0	
165.0	
177.0	
159.0	
150.0	
155.0	
163.0	
165.0	
163.0	
173.0	
163.0	
165.0	
190.0	
186.0	
175.0	
183.0	
179.0	
186.0	
188.0	
192.0	
180.0	
181.0	
206.0	
216.0	
224.0	
232.0	
238.0	
248.0	
250.0	
264.0	
269.0	
275.0	
295.0	
299.0	
293.0	
299.0	
306.0	
320.0	
375.0	
