147.0	
157.0	
150.0	
163.0	
171.0	
169.0	
182.0	
180.0	
190.0	
206.0	
203.0	
216.0	
210.0	
213.0	
215.0	
230.0	
235.0	
233.0	
243.0	
242.0	
243.0	
254.0	
263.0	
261.0	
274.0	
282.0	
281.0	
290.0	
306.0	
298.0	
299.0	
303.0	
301.0	
308.0	
324.0	
326.0	
326.0	
342.0	
352.0	
347.0	
361.0	
364.0	
372.0	
377.0	
369.0	
363.0	
391.0	
396.0	
383.0	
385.0	
395.0	
402.0	
407.0	
409.0	
407.0	
405.0	
404.0	
414.0	
407.0	
403.0	
417.0	
439.0	
436.0	
431.0	
419.0	
424.0	
422.0	
417.0	
420.0	
421.0	
423.0	
420.0	
426.0	
426.0	
431.0	
427.0	
432.0	
427.0	
423.0	
425.0	
415.0	
410.0	
409.0	
410.0	
402.0	
406.0	
398.0	
403.0	
402.0	
383.0	
387.0	
383.0	
385.0	
382.0	
388.0	
382.0	
387.0	
377.0	
358.0	
352.0	
356.0	
358.0	
357.0	
362.0	
367.0	
350.0	
342.0	
338.0	
351.0	
337.0	
324.0	
319.0	
304.0	
306.0	
312.0	
295.0	
297.0	
296.0	
289.0	
286.0	
274.0	
275.0	
281.0	
253.0	
276.0	
269.0	
258.0	
248.0	
241.0	
238.0	
229.0	
228.0	
216.0	
211.0	
217.0	
206.0	
209.0	
219.0	
199.0	
189.0	
180.0	
179.0	
188.0	
165.0	
156.0	
176.0	
161.0	
140.0	
133.0	
138.0	
140.0	
135.0	
139.0	
125.0	
124.0	
114.0	
107.0	
104.0	
106.0	
102.0	
99.0	
93.0	
79.0	
77.0	
71.0	
80.0	
64.0	
63.0	
61.0	
53.0	
70.0	
60.0	
44.0	
55.0	
58.0	
46.0	
44.0	
26.0	
27.0	
28.0	
17.0	
26.0	
22.0	
27.0	
32.0	
22.0	
9.0	
7.0	
11.0	
5.0	
17.0	
0.0	
5.0	
11.0	
11.0	
18.0	
-2.0	
-13.0	
-17.0	
-9.0	
-3.0	
-13.0	
-16.0	
-5.0	
-13.0	
-16.0	
-7.0	
-5.0	
-8.0	
-5.0	
-8.0	
-19.0	
-30.0	
-19.0	
-8.0	
-21.0	
-13.0	
-12.0	
-15.0	
-8.0	
-3.0	
-6.0	
-4.0	
-7.0	
-16.0	
6.0	
-2.0	
-13.0	
-1.0	
-7.0	
4.0	
4.0	
0.0	
5.0	
14.0	
12.0	
7.0	
21.0	
11.0	
24.0	
30.0	
21.0	
23.0	
39.0	
24.0	
30.0	
47.0	
45.0	
53.0	
43.0	
54.0	
64.0	
61.0	
55.0	
61.0	
63.0	
56.0	
57.0	
61.0	
66.0	
71.0	
69.0	
73.0	
85.0	
72.0	
93.0	
95.0	
90.0	
92.0	
100.0	
97.0	
106.0	
107.0	
107.0	
120.0	
128.0	
137.0	
136.0	
130.0	
128.0	
146.0	
146.0	
144.0	
140.0	
138.0	
141.0	
157.0	
164.0	
153.0	
149.0	
154.0	
161.0	
160.0	
183.0	
170.0	
173.0	
177.0	
165.0	
176.0	
172.0	
174.0	
194.0	
194.0	
192.0	
186.0	
190.0	
205.0	
204.0	
199.0	
207.0	
199.0	
205.0	
202.0	
200.0	
211.0	
209.0	
211.0	
220.0	
219.0	
211.0	
210.0	
212.0	
217.0	
205.0	
212.0	
220.0	
213.0	
218.0	
205.0	
205.0	
215.0	
206.0	
192.0	
207.0	
207.0	
204.0	
208.0	
199.0	
203.0	
205.0	
198.0	
207.0	
193.0	
194.0	
210.0	
194.0	
186.0	
192.0	
194.0	
199.0	
191.0	
193.0	
181.0	
174.0	
175.0	
175.0	
173.0	
171.0	
168.0	
166.0	
156.0	
158.0	
156.0	
163.0	
148.0	
157.0	
156.0	
145.0	
139.0	
140.0	
131.0	
128.0	
136.0	
132.0	
121.0	
112.0	
111.0	
118.0	
120.0	
100.0	
97.0	
97.0	
85.0	
80.0	
84.0	
83.0	
81.0	
77.0	
58.0	
58.0	
60.0	
68.0	
57.0	
55.0	
52.0	
50.0	
29.0	
42.0	
48.0	
42.0	
32.0	
27.0	
34.0	
38.0	
30.0	
24.0	
19.0	
12.0	
-8.0	
14.0	
23.0	
20.0	
20.0	
11.0	
8.0	
2.0	
1.0	
9.0	
5.0	
3.0	
-3.0	
-4.0	
-8.0	
-8.0	
-8.0	
-16.0	
-8.0	
-18.0	
-29.0	
-28.0	
-20.0	
-24.0	
-20.0	
-19.0	
-23.0	
-20.0	
-19.0	
-32.0	
-28.0	
-17.0	
-35.0	
-28.0	
