-294.0	
-287.0	
-277.0	
-246.0	
-231.0	
-208.0	
-207.0	
-204.0	
-184.0	
-172.0	
-150.0	
-133.0	
-124.0	
-113.0	
-80.0	
-73.0	
-59.0	
-34.0	
-8.0	
3.0	
7.0	
42.0	
59.0	
61.0	
91.0	
106.0	
130.0	
139.0	
147.0	
158.0	
176.0	
187.0	
206.0	
212.0	
233.0	
263.0	
278.0	
290.0	
308.0	
328.0	
351.0	
378.0	
378.0	
387.0	
405.0	
425.0	
447.0	
460.0	
465.0	
491.0	
500.0	
524.0	
534.0	
554.0	
566.0	
586.0	
600.0	
609.0	
627.0	
633.0	
645.0	
666.0	
677.0	
709.0	
718.0	
722.0	
736.0	
746.0	
759.0	
783.0	
780.0	
800.0	
815.0	
816.0	
831.0	
830.0	
853.0	
877.0	
887.0	
886.0	
891.0	
909.0	
905.0	
923.0	
935.0	
944.0	
947.0	
957.0	
979.0	
978.0	
972.0	
979.0	
993.0	
1012.0	
1006.0	
1008.0	
1016.0	
1023.0	
1033.0	
1028.0	
1021.0	
1054.0	
1031.0	
1037.0	
1056.0	
1058.0	
1066.0	
1075.0	
1066.0	
1070.0	
1079.0	
1074.0	
1086.0	
1084.0	
1082.0	
1078.0	
1075.0	
1078.0	
1082.0	
1081.0	
1074.0	
1083.0	
1063.0	
1070.0	
1087.0	
1082.0	
1066.0	
1072.0	
1073.0	
1059.0	
1058.0	
1072.0	
1062.0	
1069.0	
1055.0	
1052.0	
1053.0	
1043.0	
1044.0	
1041.0	
1028.0	
1028.0	
1021.0	
1009.0	
1026.0	
1004.0	
986.0	
969.0	
980.0	
976.0	
974.0	
950.0	
934.0	
938.0	
921.0	
919.0	
902.0	
892.0	
891.0	
888.0	
871.0	
867.0	
851.0	
846.0	
832.0	
818.0	
815.0	
817.0	
813.0	
787.0	
778.0	
764.0	
755.0	
737.0	
728.0	
720.0	
709.0	
687.0	
689.0	
685.0	
662.0	
649.0	
633.0	
614.0	
601.0	
590.0	
578.0	
569.0	
548.0	
534.0	
522.0	
502.0	
489.0	
484.0	
483.0	
474.0	
455.0	
439.0	
417.0	
399.0	
392.0	
385.0	
377.0	
347.0	
332.0	
327.0	
313.0	
303.0	
289.0	
254.0	
253.0	
253.0	
235.0	
208.0	
199.0	
193.0	
169.0	
158.0	
134.0	
123.0	
112.0	
105.0	
92.0	
83.0	
64.0	
47.0	
37.0	
36.0	
17.0	
-6.0	
-10.0	
-24.0	
-41.0	
-49.0	
-66.0	
-83.0	
-86.0	
-113.0	
-121.0	
-140.0	
-162.0	
-160.0	
-168.0	
-180.0	
-204.0	
-208.0	
-218.0	
-241.0	
-242.0	
-253.0	
-269.0	
-264.0	
-289.0	
-304.0	
-300.0	
-316.0	
-346.0	
-358.0	
-368.0	
-360.0	
-370.0	
-392.0	
-413.0	
-408.0	
-422.0	
-429.0	
-435.0	
-447.0	
-461.0	
-483.0	
-481.0	
-472.0	
-500.0	
-515.0	
-533.0	
-543.0	
-539.0	
-530.0	
-552.0	
-562.0	
-566.0	
-582.0	
-591.0	
-593.0	
-604.0	
-613.0	
-629.0	
-616.0	
-633.0	
-652.0	
-665.0	
-656.0	
-665.0	
-664.0	
-679.0	
-677.0	
-682.0	
-697.0	
-708.0	
-711.0	
-706.0	
-720.0	
-717.0	
-714.0	
-730.0	
-740.0	
-752.0	
-762.0	
-747.0	
-757.0	
-773.0	
-761.0	
-766.0	
-779.0	
-781.0	
-792.0	
-789.0	
-802.0	
-806.0	
-817.0	
-810.0	
-815.0	
-810.0	
-817.0	
-813.0	
-822.0	
-820.0	
-824.0	
-836.0	
-843.0	
-855.0	
-854.0	
-830.0	
-830.0	
-833.0	
-842.0	
-860.0	
-860.0	
-856.0	
-849.0	
-847.0	
-859.0	
-862.0	
-865.0	
-868.0	
-864.0	
-869.0	
-869.0	
-878.0	
-873.0	
-866.0	
-867.0	
-865.0	
-880.0	
-874.0	
-866.0	
-864.0	
-874.0	
-863.0	
-855.0	
-877.0	
-871.0	
-873.0	
-867.0	
-866.0	
-860.0	
-851.0	
-848.0	
-855.0	
-843.0	
-850.0	
-845.0	
-829.0	
-828.0	
-834.0	
-842.0	
-834.0	
-828.0	
-819.0	
-816.0	
-809.0	
-811.0	
-811.0	
-802.0	
-798.0	
-795.0	
-785.0	
-776.0	
-785.0	
-782.0	
-770.0	
-770.0	
-755.0	
-751.0	
-765.0	
-755.0	
-748.0	
-741.0	
-729.0	
-719.0	
-715.0	
-708.0	
-693.0	
-693.0	
-692.0	
-683.0	
-679.0	
-670.0	
-663.0	
-654.0	
-656.0	
-648.0	
-637.0	
-628.0	
-609.0	
-606.0	
-611.0	
-592.0	
-584.0	
-578.0	
-562.0	
-564.0	
-557.0	
-545.0	
-534.0	
-523.0	
-503.0	
-492.0	
-482.0	
-481.0	
-482.0	
-470.0	
-458.0	
-435.0	
-424.0	
-420.0	
-409.0	
-394.0	
-377.0	
-380.0	
-369.0	
-363.0	
-350.0	
-334.0	
-335.0	
-322.0	
-299.0	
-280.0	
-287.0	
-275.0	
-246.0	
-245.0	
-239.0	
-239.0	
-223.0	
-193.0	
-173.0	
-179.0	
-173.0	
-165.0	
-159.0	
-144.0	
-120.0	
-112.0	
-100.0	
-90.0	
-72.0	
-54.0	
-24.0	
-25.0	
-12.0	
8.0	
6.0	
28.0	
34.0	
52.0	
69.0	
73.0	
98.0	
108.0	
116.0	
115.0	
134.0	
150.0	
163.0	
173.0	
189.0	
197.0	
201.0	
214.0	
227.0	
240.0	
254.0	
278.0	
284.0	
292.0	
314.0	
326.0	
338.0	
349.0	
354.0	
364.0	
385.0	
396.0	
395.0	
413.0	
426.0	
436.0	
445.0	
467.0	
471.0	
468.0	
501.0	
496.0	
511.0	
512.0	
520.0	
536.0	
547.0	
550.0	
559.0	
563.0	
574.0	
590.0	
607.0	
627.0	
627.0	
626.0	
622.0	
620.0	
633.0	
645.0	
663.0	
675.0	
675.0	
685.0	
698.0	
692.0	
695.0	
715.0	
731.0	
734.0	
747.0	
759.0	
749.0	
758.0	
763.0	
764.0	
779.0	
785.0	
790.0	
783.0	
790.0	
792.0	
803.0	
809.0	
814.0	
814.0	
818.0	
822.0	
833.0	
819.0	
804.0	
817.0	
835.0	
836.0	
835.0	
830.0	
835.0	
845.0	
834.0	
828.0	
825.0	
816.0	
834.0	
845.0	
840.0	
843.0	
844.0	
832.0	
821.0	
826.0	
828.0	
818.0	
838.0	
840.0	
818.0	
836.0	
824.0	
833.0	
834.0	
812.0	
802.0	
812.0	
801.0	
790.0	
799.0	
804.0	
796.0	
783.0	
774.0	
771.0	
772.0	
770.0	
760.0	
751.0	
740.0	
744.0	
736.0	
744.0	
736.0	
732.0	
725.0	
717.0	
717.0	
709.0	
709.0	
696.0	
689.0	
673.0	
661.0	
661.0	
664.0	
645.0	
623.0	
618.0	
622.0	
608.0	
621.0	
614.0	
595.0	
584.0	
568.0	
570.0	
570.0	
551.0	
536.0	
535.0	
527.0	
520.0	
507.0	
501.0	
500.0	
484.0	
478.0	
461.0	
463.0	
445.0	
435.0	
424.0	
411.0	
411.0	
413.0	
394.0	
392.0	
385.0	
371.0	
368.0	
361.0	
361.0	
356.0	
332.0	
326.0	
317.0	
310.0	
302.0	
292.0	
290.0	
275.0	
266.0	
265.0	
249.0	
240.0	
241.0	
226.0	
215.0	
213.0	
182.0	
190.0	
177.0	
169.0	
157.0	
144.0	
135.0	
132.0	
120.0	
116.0	
99.0	
78.0	
97.0	
94.0	
87.0	
75.0	
75.0	
61.0	
51.0	
48.0	
45.0	
22.0	
19.0	
21.0	
16.0	
3.0	
2.0	
-1.0	
-14.0	
-14.0	
-11.0	
