-190.0	
-218.0	
-260.0	
-289.0	
-337.0	
-368.0	
-410.0	
-459.0	
-493.0	
-537.0	
-563.0	
-610.0	
-640.0	
-679.0	
-713.0	
-748.0	
-769.0	
-815.0	
-851.0	
-869.0	
-909.0	
-932.0	
-969.0	
-1006.0	
-1033.0	
-1057.0	
-1086.0	
-1111.0	
-1133.0	
-1152.0	
-1189.0	
-1205.0	
-1204.0	
-1225.0	
-1238.0	
-1260.0	
-1281.0	
-1279.0	
-1300.0	
-1312.0	
-1318.0	
-1317.0	
-1327.0	
-1326.0	
-1324.0	
-1339.0	
-1333.0	
-1321.0	
-1324.0	
-1326.0	
-1313.0	
-1314.0	
-1305.0	
-1285.0	
-1267.0	
-1260.0	
-1238.0	
-1242.0	
-1229.0	
-1198.0	
-1184.0	
-1162.0	
-1138.0	
-1113.0	
-1085.0	
-1048.0	
-1028.0	
-1013.0	
-988.0	
-958.0	
-938.0	
-909.0	
-870.0	
-845.0	
-822.0	
-789.0	
-763.0	
-739.0	
-703.0	
-682.0	
-655.0	
-617.0	
-577.0	
-551.0	
-525.0	
-479.0	
-434.0	
-405.0	
-393.0	
-359.0	
-324.0	
-290.0	
-254.0	
-218.0	
-197.0	
-174.0	
-134.0	
-99.0	
-63.0	
-39.0	
-9.0	
31.0	
45.0	
84.0	
120.0	
150.0	
183.0	
219.0	
231.0	
270.0	
300.0	
336.0	
357.0	
374.0	
403.0	
445.0	
473.0	
488.0	
520.0	
558.0	
569.0	
585.0	
622.0	
627.0	
656.0	
686.0	
708.0	
733.0	
746.0	
749.0	
776.0	
801.0	
820.0	
839.0	
856.0	
877.0	
909.0	
912.0	
930.0	
943.0	
947.0	
958.0	
974.0	
986.0	
1002.0	
994.0	
1002.0	
1031.0	
1014.0	
1039.0	
1049.0	
1040.0	
1040.0	
1046.0	
1064.0	
1053.0	
1043.0	
1040.0	
1047.0	
1060.0	
1065.0	
1056.0	
1062.0	
1051.0	
1061.0	
1054.0	
1056.0	
1045.0	
1026.0	
1026.0	
1018.0	
1009.0	
1005.0	
1005.0	
986.0	
976.0	
973.0	
963.0	
970.0	
940.0	
948.0	
938.0	
925.0	
907.0	
901.0	
893.0	
888.0	
879.0	
878.0	
852.0	
839.0	
843.0	
834.0	
801.0	
793.0	
794.0	
773.0	
747.0	
736.0	
725.0	
708.0	
690.0	
689.0	
670.0	
656.0	
636.0	
634.0	
620.0	
609.0	
608.0	
597.0	
572.0	
544.0	
531.0	
524.0	
510.0	
483.0	
480.0	
465.0	
443.0	
431.0	
418.0	
394.0	
377.0	
357.0	
327.0	
314.0	
304.0	
288.0	
266.0	
253.0	
243.0	
231.0	
214.0	
192.0	
168.0	
146.0	
131.0	
119.0	
102.0	
75.0	
70.0	
45.0	
19.0	
5.0	
-10.0	
-16.0	
-42.0	
-59.0	
-92.0	
-101.0	
-118.0	
-125.0	
-156.0	
-174.0	
-181.0	
-194.0	
-222.0	
-228.0	
-257.0	
-262.0	
-275.0	
-296.0	
-309.0	
-320.0	
-328.0	
-364.0	
-362.0	
-379.0	
-393.0	
-401.0	
-405.0	
-425.0	
-444.0	
-447.0	
-446.0	
-473.0	
-472.0	
-498.0	
-508.0	
-499.0	
-514.0	
-528.0	
-522.0	
-523.0	
-529.0	
-533.0	
-539.0	
-546.0	
-531.0	
-552.0	
-547.0	
-538.0	
-529.0	
-528.0	
-537.0	
-529.0	
-519.0	
-532.0	
-534.0	
-516.0	
-528.0	
-520.0	
-505.0	
-494.0	
-485.0	
-486.0	
-479.0	
-477.0	
-455.0	
-457.0	
-441.0	
-433.0	
-437.0	
-425.0	
-400.0	
-393.0	
-382.0	
-364.0	
-352.0	
-343.0	
-324.0	
-303.0	
-293.0	
-277.0	
-257.0	
-239.0	
-233.0	
-208.0	
-190.0	
-176.0	
-152.0	
-137.0	
-124.0	
-97.0	
-88.0	
-69.0	
-56.0	
-51.0	
-22.0	
-9.0	
9.0	
26.0	
34.0	
58.0	
88.0	
78.0	
98.0	
128.0	
156.0	
165.0	
197.0	
205.0	
215.0	
235.0	
244.0	
263.0	
294.0	
299.0	
299.0	
321.0	
334.0	
350.0	
373.0	
382.0	
390.0	
402.0	
426.0	
440.0	
441.0	
452.0	
474.0	
487.0	
493.0	
512.0	
515.0	
521.0	
534.0	
538.0	
541.0	
545.0	
555.0	
577.0	
585.0	
589.0	
594.0	
603.0	
609.0	
601.0	
614.0	
622.0	
623.0	
639.0	
645.0	
633.0	
636.0	
642.0	
637.0	
644.0	
658.0	
641.0	
641.0	
648.0	
646.0	
643.0	
650.0	
651.0	
647.0	
648.0	
636.0	
651.0	
650.0	
638.0	
638.0	
628.0	
628.0	
622.0	
632.0	
613.0	
615.0	
611.0	
590.0	
596.0	
595.0	
596.0	
583.0	
572.0	
564.0	
574.0	
572.0	
559.0	
544.0	
540.0	
542.0	
530.0	
535.0	
523.0	
509.0	
507.0	
503.0	
502.0	
476.0	
475.0	
463.0	
458.0	
443.0	
445.0	
437.0	
429.0	
421.0	
405.0	
407.0	
388.0	
384.0	
390.0	
378.0	
357.0	
343.0	
339.0	
336.0	
329.0	
324.0	
303.0	
293.0	
286.0	
278.0	
268.0	
248.0	
252.0	
248.0	
228.0	
-77.0	
