-22.0	
-13.0	
-25.0	
-11.0	
-21.0	
-6.0	
-2.0	
-3.0	
-6.0	
5.0	
8.0	
5.0	
1.0	
-6.0	
8.0	
17.0	
9.0	
24.0	
32.0	
26.0	
31.0	
33.0	
29.0	
25.0	
26.0	
22.0	
38.0	
31.0	
47.0	
55.0	
57.0	
63.0	
60.0	
68.0	
77.0	
82.0	
79.0	
83.0	
89.0	
91.0	
108.0	
98.0	
105.0	
86.0	
91.0	
94.0	
101.0	
101.0	
93.0	
95.0	
104.0	
98.0	
107.0	
106.0	
125.0	
124.0	
114.0	
119.0	
119.0	
131.0	
128.0	
128.0	
122.0	
132.0	
131.0	
134.0	
141.0	
146.0	
152.0	
156.0	
144.0	
137.0	
140.0	
149.0	
155.0	
168.0	
140.0	
149.0	
144.0	
151.0	
154.0	
165.0	
151.0	
163.0	
154.0	
160.0	
158.0	
150.0	
149.0	
161.0	
155.0	
145.0	
146.0	
158.0	
138.0	
140.0	
158.0	
157.0	
148.0	
164.0	
154.0	
135.0	
137.0	
143.0	
141.0	
139.0	
153.0	
153.0	
155.0	
146.0	
143.0	
148.0	
130.0	
123.0	
123.0	
134.0	
130.0	
122.0	
118.0	
116.0	
123.0	
123.0	
124.0	
118.0	
115.0	
116.0	
109.0	
104.0	
91.0	
102.0	
92.0	
108.0	
111.0	
100.0	
95.0	
85.0	
93.0	
93.0	
84.0	
81.0	
71.0	
77.0	
76.0	
63.0	
54.0	
50.0	
65.0	
51.0	
36.0	
54.0	
42.0	
38.0	
34.0	
24.0	
16.0	
22.0	
22.0	
15.0	
-2.0	
11.0	
9.0	
-7.0	
-14.0	
-6.0	
4.0	
-7.0	
-23.0	
-14.0	
-17.0	
-23.0	
-27.0	
-32.0	
-31.0	
-28.0	
-35.0	
-58.0	
-55.0	
-63.0	
-64.0	
-65.0	
-73.0	
-71.0	
-84.0	
-75.0	
-82.0	
-87.0	
-86.0	
-106.0	
-95.0	
-100.0	
-117.0	
-113.0	
-112.0	
-123.0	
-128.0	
-119.0	
-137.0	
-141.0	
-137.0	
-150.0	
-144.0	
-148.0	
-152.0	
-158.0	
-159.0	
-153.0	
-156.0	
-164.0	
-165.0	
-162.0	
-168.0	
-183.0	
-195.0	
-194.0	
-190.0	
-202.0	
-202.0	
-189.0	
-196.0	
-202.0	
-201.0	
-208.0	
-212.0	
-208.0	
-216.0	
-220.0	
-227.0	
-220.0	
-220.0	
-226.0	
-224.0	
-234.0	
-238.0	
-232.0	
-226.0	
-238.0	
-244.0	
-255.0	
-260.0	
-245.0	
-254.0	
-257.0	
-260.0	
-275.0	
-260.0	
-262.0	
-270.0	
-278.0	
-262.0	
-256.0	
-265.0	
-279.0	
-267.0	
-251.0	
-263.0	
-280.0	
-273.0	
-276.0	
-269.0	
-275.0	
-276.0	
-290.0	
-298.0	
-292.0	
-277.0	
-276.0	
-281.0	
-285.0	
-276.0	
-275.0	
-285.0	
-279.0	
-267.0	
-282.0	
-282.0	
-274.0	
-289.0	
-300.0	
-278.0	
-282.0	
-286.0	
-279.0	
-276.0	
-268.0	
-279.0	
-298.0	
-288.0	
-273.0	
-281.0	
-279.0	
-269.0	
-272.0	
-273.0	
-280.0	
-280.0	
-277.0	
-274.0	
-272.0	
-274.0	
-280.0	
-273.0	
-280.0	
-279.0	
-272.0	
-269.0	
-275.0	
-261.0	
-249.0	
-255.0	
-272.0	
-258.0	
-257.0	
-257.0	
-264.0	
-255.0	
-262.0	
-269.0	
-265.0	
-249.0	
-255.0	
-259.0	
-250.0	
-252.0	
-252.0	
-259.0	
-243.0	
-245.0	
-237.0	
-246.0	
-244.0	
-239.0	
-235.0	
-249.0	
-242.0	
-227.0	
-233.0	
-223.0	
-235.0	
-242.0	
-219.0	
-228.0	
-221.0	
-213.0	
-225.0	
-228.0	
-214.0	
-210.0	
-221.0	
-218.0	
-207.0	
-204.0	
-196.0	
-178.0	
-189.0	
-195.0	
-191.0	
-195.0	
-187.0	
-184.0	
-186.0	
-181.0	
-189.0	
-187.0	
-176.0	
-170.0	
-173.0	
-177.0	
-170.0	
-173.0	
-163.0	
-159.0	
-146.0	
-145.0	
-147.0	
-151.0	
-167.0	
-150.0	
-132.0	
-136.0	
-137.0	
-135.0	
-149.0	
-132.0	
-132.0	
-139.0	
-133.0	
-128.0	
-139.0	
-129.0	
-120.0	
-112.0	
-118.0	
-107.0	
-109.0	
-108.0	
-97.0	
-101.0	
-93.0	
-95.0	
-102.0	
-103.0	
-93.0	
-82.0	
-84.0	
-104.0	
-99.0	
-98.0	
-87.0	
-72.0	
-75.0	
-81.0	
-75.0	
-89.0	
-74.0	
-64.0	
-70.0	
-81.0	
-67.0	
-67.0	
-68.0	
-59.0	
-57.0	
-56.0	
-67.0	
-55.0	
-54.0	
-53.0	
-61.0	
-49.0	
-59.0	
-50.0	
-52.0	
-41.0	
-37.0	
-41.0	
-37.0	
-33.0	
-40.0	
-24.0	
-28.0	
-25.0	
-30.0	
-16.0	
-23.0	
-22.0	
-19.0	
-22.0	
-14.0	
-12.0	
-15.0	
-19.0	
-10.0	
-5.0	
8.0	
-9.0	
-9.0	
-3.0	
-2.0	
3.0	
0.0	
0.0	
9.0	
14.0	
19.0	
18.0	
11.0	
-3.0	
13.0	
32.0	
12.0	
16.0	
18.0	
25.0	
27.0	
27.0	
27.0	
35.0	
39.0	
39.0	
33.0	
52.0	
37.0	
32.0	
47.0	
30.0	
28.0	
38.0	
39.0	
43.0	
36.0	
50.0	
36.0	
48.0	
60.0	
44.0	
40.0	
47.0	
56.0	
38.0	
46.0	
62.0	
42.0	
46.0	
51.0	
42.0	
43.0	
55.0	
47.0	
49.0	
37.0	
57.0	
51.0	
50.0	
56.0	
49.0	
32.0	
56.0	
55.0	
54.0	
50.0	
60.0	
67.0	
57.0	
60.0	
37.0	
31.0	
49.0	
50.0	
58.0	
53.0	
63.0	
57.0	
51.0	
58.0	
48.0	
35.0	
54.0	
62.0	
51.0	
65.0	
56.0	
35.0	
45.0	
52.0	
57.0	
53.0	
50.0	
57.0	
46.0	
48.0	
42.0	
36.0	
35.0	
54.0	
27.0	
24.0	
33.0	
20.0	
38.0	
40.0	
34.0	
43.0	
30.0	
21.0	
36.0	
36.0	
30.0	
25.0	
31.0	
31.0	
37.0	
36.0	
27.0	
28.0	
36.0	
24.0	
26.0	
23.0	
30.0	
17.0	
9.0	
24.0	
28.0	
35.0	
17.0	
29.0	
32.0	
22.0	
1.0	
19.0	
15.0	
10.0	
15.0	
6.0	
15.0	
7.0	
4.0	
0.0	
-1.0	
12.0	
9.0	
17.0	
7.0	
7.0	
0.0	
0.0	
1.0	
-6.0	
2.0	
0.0	
-6.0	
-18.0	
-12.0	
-18.0	
-12.0	
-1.0	
-8.0	
1.0	
4.0	
-29.0	
-16.0	
-11.0	
-15.0	
-23.0	
-17.0	
-15.0	
-28.0	
-19.0	
