41.0	
50.0	
54.0	
39.0	
53.0	
53.0	
52.0	
35.0	
51.0	
57.0	
50.0	
74.0	
70.0	
68.0	
71.0	
78.0	
78.0	
79.0	
84.0	
72.0	
71.0	
91.0	
99.0	
81.0	
91.0	
100.0	
94.0	
92.0	
112.0	
128.0	
117.0	
121.0	
99.0	
108.0	
125.0	
118.0	
129.0	
126.0	
109.0	
119.0	
125.0	
133.0	
157.0	
136.0	
140.0	
141.0	
144.0	
144.0	
148.0	
161.0	
154.0	
156.0	
159.0	
158.0	
152.0	
160.0	
157.0	
164.0	
172.0	
177.0	
185.0	
184.0	
184.0	
180.0	
174.0	
179.0	
194.0	
192.0	
189.0	
187.0	
197.0	
191.0	
181.0	
201.0	
199.0	
215.0	
218.0	
203.0	
204.0	
206.0	
207.0	
203.0	
201.0	
212.0	
219.0	
218.0	
225.0	
230.0	
220.0	
226.0	
237.0	
244.0	
221.0	
221.0	
224.0	
205.0	
223.0	
225.0	
219.0	
241.0	
245.0	
241.0	
239.0	
241.0	
245.0	
252.0	
250.0	
242.0	
240.0	
241.0	
247.0	
247.0	
250.0	
252.0	
257.0	
265.0	
257.0	
257.0	
255.0	
249.0	
246.0	
249.0	
260.0	
259.0	
258.0	
260.0	
249.0	
257.0	
257.0	
257.0	
258.0	
260.0	
251.0	
255.0	
272.0	
264.0	
255.0	
252.0	
244.0	
254.0	
253.0	
252.0	
267.0	
257.0	
255.0	
268.0	
259.0	
251.0	
247.0	
250.0	
243.0	
248.0	
252.0	
246.0	
247.0	
244.0	
240.0	
246.0	
241.0	
250.0	
251.0	
241.0	
244.0	
231.0	
243.0	
256.0	
245.0	
234.0	
250.0	
236.0	
237.0	
241.0	
231.0	
243.0	
240.0	
247.0	
239.0	
226.0	
234.0	
232.0	
213.0	
213.0	
213.0	
217.0	
218.0	
224.0	
215.0	
205.0	
213.0	
214.0	
198.0	
212.0	
215.0	
201.0	
208.0	
188.0	
179.0	
182.0	
172.0	
181.0	
199.0	
192.0	
177.0	
175.0	
171.0	
169.0	
182.0	
180.0	
180.0	
167.0	
168.0	
172.0	
163.0	
161.0	
160.0	
150.0	
147.0	
157.0	
151.0	
136.0	
140.0	
131.0	
134.0	
144.0	
125.0	
134.0	
127.0	
128.0	
112.0	
112.0	
113.0	
115.0	
105.0	
102.0	
96.0	
93.0	
104.0	
101.0	
89.0	
79.0	
86.0	
82.0	
66.0	
68.0	
87.0	
70.0	
74.0	
56.0	
37.0	
58.0	
57.0	
53.0	
47.0	
47.0	
40.0	
53.0	
39.0	
33.0	
23.0	
22.0	
27.0	
29.0	
12.0	
14.0	
17.0	
13.0	
19.0	
8.0	
6.0	
0.0	
1.0	
-6.0	
-29.0	
-11.0	
-19.0	
-28.0	
-34.0	
-29.0	
-26.0	
-27.0	
-26.0	
-37.0	
-26.0	
-31.0	
-37.0	
-36.0	
-44.0	
-65.0	
-64.0	
-57.0	
-70.0	
-64.0	
-62.0	
-68.0	
-67.0	
-75.0	
-73.0	
-78.0	
-84.0	
-88.0	
-81.0	
-88.0	
-108.0	
-93.0	
-91.0	
-98.0	
-104.0	
-109.0	
-102.0	
-110.0	
-114.0	
-116.0	
-116.0	
-117.0	
-113.0	
-115.0	
-118.0	
-118.0	
-124.0	
-123.0	
-119.0	
-139.0	
-136.0	
-133.0	
-144.0	
-151.0	
-156.0	
-149.0	
-146.0	
-143.0	
-137.0	
-129.0	
-142.0	
-146.0	
-154.0	
-159.0	
-160.0	
-149.0	
-148.0	
-157.0	
-162.0	
-173.0	
-160.0	
-175.0	
-163.0	
-162.0	
-162.0	
-170.0	
-177.0	
-177.0	
-165.0	
-157.0	
-171.0	
-183.0	
-181.0	
-180.0	
-178.0	
-190.0	
-183.0	
-186.0	
-193.0	
-180.0	
-188.0	
-202.0	
-197.0	
-187.0	
-199.0	
-194.0	
-192.0	
-192.0	
-201.0	
-200.0	
-201.0	
-193.0	
-204.0	
-209.0	
-203.0	
-196.0	
-207.0	
-208.0	
-196.0	
-201.0	
-213.0	
-208.0	
-198.0	
-204.0	
-207.0	
-204.0	
-195.0	
-196.0	
-198.0	
-200.0	
-190.0	
-192.0	
-197.0	
-190.0	
-199.0	
-194.0	
-204.0	
-207.0	
-204.0	
-201.0	
-204.0	
-201.0	
-208.0	
-197.0	
-202.0	
-210.0	
-190.0	
-205.0	
-205.0	
-187.0	
-192.0	
-198.0	
-201.0	
-200.0	
-197.0	
-190.0	
-199.0	
-190.0	
-189.0	
-197.0	
-193.0	
-183.0	
-188.0	
-187.0	
-184.0	
-187.0	
-200.0	
-195.0	
-194.0	
-193.0	
-202.0	
-177.0	
-193.0	
-196.0	
-194.0	
-182.0	
-183.0	
-184.0	
-176.0	
-171.0	
-170.0	
-186.0	
-191.0	
-172.0	
-158.0	
-140.0	
-143.0	
-144.0	
-155.0	
-141.0	
-137.0	
-148.0	
-143.0	
-133.0	
-151.0	
-154.0	
-143.0	
-145.0	
-150.0	
-135.0	
-137.0	
-133.0	
-137.0	
-134.0	
-137.0	
-110.0	
-116.0	
-132.0	
-122.0	
-122.0	
-121.0	
-111.0	
-109.0	
-109.0	
-108.0	
-101.0	
-99.0	
-106.0	
-96.0	
-92.0	
-104.0	
-92.0	
-77.0	
-88.0	
-98.0	
-86.0	
-83.0	
-85.0	
-82.0	
-96.0	
-79.0	
-83.0	
-87.0	
-72.0	
-71.0	
-68.0	
-73.0	
-75.0	
-68.0	
-73.0	
-62.0	
-50.0	
-55.0	
-58.0	
-60.0	
-45.0	
-55.0	
-48.0	
-45.0	
-34.0	
-36.0	
-45.0	
-26.0	
-31.0	
-47.0	
-48.0	
-44.0	
-36.0	
-34.0	
-28.0	
-35.0	
-21.0	
-21.0	
-26.0	
-30.0	
-22.0	
-25.0	
-26.0	
-26.0	
-14.0	
-17.0	
-15.0	
-8.0	
-4.0	
-6.0	
-11.0	
-16.0	
-20.0	
-1.0	
11.0	
-3.0	
-6.0	
11.0	
0.0	
1.0	
4.0	
3.0	
14.0	
18.0	
13.0	
13.0	
23.0	
9.0	
17.0	
16.0	
-1.0	
15.0	
21.0	
17.0	
24.0	
28.0	
19.0	
20.0	
37.0	
43.0	
33.0	
30.0	
20.0	
16.0	
29.0	
27.0	
25.0	
25.0	
34.0	
24.0	
27.0	
19.0	
30.0	
50.0	
43.0	
31.0	
39.0	
46.0	
54.0	
67.0	
64.0	
53.0	
56.0	
55.0	
47.0	
50.0	
52.0	
35.0	
45.0	
59.0	
52.0	
58.0	
56.0	
38.0	
48.0	
48.0	
49.0	
43.0	
35.0	
46.0	
53.0	
67.0	
55.0	
41.0	
45.0	
56.0	
63.0	
63.0	
64.0	
56.0	
58.0	
61.0	
58.0	
57.0	
54.0	
53.0	
59.0	
61.0	
46.0	
45.0	
60.0	
56.0	
60.0	
69.0	
70.0	
59.0	
56.0	
53.0	
46.0	
46.0	
58.0	
54.0	
46.0	
55.0	
64.0	
67.0	
67.0	
72.0	
59.0	
52.0	
61.0	
70.0	
60.0	
49.0	
53.0	
60.0	
64.0	
68.0	
60.0	
45.0	
47.0	
48.0	
57.0	
49.0	
58.0	
57.0	
53.0	
62.0	
60.0	
63.0	
57.0	
46.0	
56.0	
41.0	
47.0	
53.0	
64.0	
47.0	
58.0	
71.0	
58.0	
53.0	
54.0	
52.0	
56.0	
52.0	
41.0	
48.0	
52.0	
45.0	
32.0	
34.0	
54.0	
44.0	
53.0	
63.0	
50.0	
42.0	
45.0	
41.0	
40.0	
44.0	
48.0	
49.0	
45.0	
42.0	
40.0	
39.0	
45.0	
53.0	
57.0	
51.0	
50.0	
54.0	
53.0	
43.0	
33.0	
54.0	
46.0	
43.0	
48.0	
42.0	
53.0	
48.0	
41.0	
40.0	
38.0	
54.0	
55.0	
45.0	
50.0	
48.0	
46.0	
43.0	
41.0	
42.0	
41.0	
34.0	
46.0	
49.0	
44.0	
32.0	
30.0	
24.0	
38.0	
38.0	
40.0	
28.0	
21.0	
