272.0	
284.0	
280.0	
281.0	
289.0	
292.0	
306.0	
316.0	
307.0	
316.0	
317.0	
313.0	
329.0	
339.0	
339.0	
336.0	
350.0	
351.0	
347.0	
378.0	
375.0	
380.0	
376.0	
384.0	
386.0	
386.0	
387.0	
382.0	
385.0	
404.0	
398.0	
413.0	
404.0	
408.0	
409.0	
411.0	
418.0	
418.0	
434.0	
443.0	
441.0	
441.0	
442.0	
433.0	
427.0	
442.0	
443.0	
435.0	
449.0	
445.0	
445.0	
445.0	
447.0	
436.0	
442.0	
455.0	
458.0	
454.0	
456.0	
460.0	
461.0	
472.0	
461.0	
457.0	
458.0	
460.0	
470.0	
466.0	
466.0	
456.0	
473.0	
460.0	
463.0	
472.0	
467.0	
451.0	
452.0	
462.0	
465.0	
463.0	
458.0	
454.0	
454.0	
465.0	
449.0	
448.0	
455.0	
446.0	
435.0	
431.0	
439.0	
434.0	
434.0	
431.0	
433.0	
439.0	
427.0	
423.0	
419.0	
433.0	
432.0	
432.0	
434.0	
425.0	
413.0	
411.0	
425.0	
401.0	
396.0	
389.0	
402.0	
409.0	
393.0	
378.0	
389.0	
396.0	
377.0	
373.0	
366.0	
358.0	
347.0	
351.0	
364.0	
357.0	
337.0	
336.0	
334.0	
342.0	
336.0	
330.0	
323.0	
318.0	
319.0	
320.0	
306.0	
301.0	
300.0	
297.0	
299.0	
303.0	
286.0	
286.0	
277.0	
266.0	
255.0	
248.0	
242.0	
253.0	
245.0	
246.0	
245.0	
244.0	
235.0	
220.0	
207.0	
211.0	
212.0	
216.0	
204.0	
200.0	
208.0	
193.0	
176.0	
185.0	
186.0	
185.0	
176.0	
172.0	
163.0	
158.0	
150.0	
148.0	
143.0	
146.0	
156.0	
157.0	
138.0	
125.0	
129.0	
116.0	
110.0	
109.0	
110.0	
105.0	
97.0	
100.0	
85.0	
92.0	
93.0	
72.0	
78.0	
54.0	
57.0	
66.0	
59.0	
61.0	
52.0	
49.0	
58.0	
55.0	
40.0	
22.0	
22.0	
24.0	
25.0	
27.0	
24.0	
13.0	
29.0	
9.0	
-9.0	
0.0	
1.0	
-12.0	
-13.0	
-19.0	
-14.0	
-21.0	
-22.0	
-22.0	
-42.0	
-38.0	
-36.0	
-36.0	
-44.0	
-40.0	
-47.0	
-47.0	
-54.0	
-63.0	
-59.0	
-67.0	
-90.0	
-81.0	
-84.0	
-88.0	
-86.0	
-94.0	
-100.0	
-108.0	
-112.0	
-113.0	
-111.0	
-109.0	
-120.0	
-119.0	
-115.0	
-129.0	
-131.0	
-133.0	
-135.0	
-131.0	
-134.0	
-131.0	
-130.0	
-142.0	
-148.0	
-156.0	
-138.0	
-149.0	
-149.0	
-162.0	
-162.0	
-146.0	
-150.0	
-174.0	
-170.0	
-177.0	
-185.0	
-180.0	
-181.0	
-182.0	
-183.0	
-189.0	
-191.0	
-183.0	
-180.0	
-192.0	
-192.0	
-192.0	
-207.0	
-202.0	
-197.0	
-195.0	
-206.0	
-203.0	
-201.0	
-199.0	
-198.0	
-206.0	
-211.0	
-201.0	
-209.0	
-220.0	
-217.0	
-209.0	
-217.0	
-224.0	
-216.0	
-220.0	
-226.0	
-217.0	
-213.0	
-214.0	
-222.0	
-226.0	
-233.0	
-242.0	
-239.0	
-237.0	
-231.0	
-231.0	
-247.0	
-238.0	
-244.0	
-243.0	
-238.0	
-226.0	
-257.0	
-233.0	
-236.0	
-257.0	
-234.0	
-230.0	
-246.0	
-242.0	
-246.0	
-238.0	
-240.0	
-241.0	
-238.0	
-231.0	
-239.0	
-223.0	
-233.0	
-228.0	
-231.0	
-236.0	
-232.0	
-246.0	
-227.0	
-231.0	
-246.0	
-230.0	
-214.0	
-211.0	
-227.0	
-227.0	
-220.0	
-206.0	
-223.0	
-224.0	
-211.0	
-206.0	
-204.0	
-219.0	
-207.0	
-204.0	
-209.0	
-208.0	
-208.0	
-215.0	
-199.0	
-197.0	
-215.0	
-207.0	
-188.0	
-194.0	
-192.0	
-193.0	
-201.0	
-178.0	
-172.0	
-176.0	
-176.0	
-171.0	
-173.0	
-178.0	
-180.0	
-185.0	
-174.0	
-165.0	
-154.0	
-154.0	
-164.0	
-166.0	
-160.0	
-138.0	
-149.0	
-141.0	
-142.0	
-164.0	
-141.0	
-137.0	
-148.0	
-139.0	
-139.0	
-129.0	
-125.0	
-105.0	
-111.0	
-107.0	
-99.0	
-116.0	
-105.0	
-92.0	
-88.0	
-90.0	
-91.0	
-91.0	
-76.0	
-74.0	
-79.0	
-78.0	
-63.0	
-64.0	
-69.0	
-64.0	
-50.0	
-46.0	
-35.0	
-45.0	
-32.0	
-32.0	
-37.0	
-33.0	
-29.0	
-20.0	
-15.0	
-13.0	
-22.0	
-6.0	
-10.0	
-3.0	
1.0	
-1.0	
4.0	
6.0	
26.0	
32.0	
27.0	
30.0	
39.0	
43.0	
34.0	
41.0	
44.0	
57.0	
72.0	
67.0	
57.0	
52.0	
56.0	
77.0	
90.0	
89.0	
87.0	
97.0	
90.0	
99.0	
102.0	
108.0	
108.0	
109.0	
125.0	
127.0	
106.0	
126.0	
129.0	
132.0	
131.0	
132.0	
133.0	
140.0	
155.0	
133.0	
151.0	
149.0	
151.0	
170.0	
163.0	
169.0	
161.0	
171.0	
185.0	
200.0	
185.0	
190.0	
197.0	
194.0	
204.0	
193.0	
204.0	
197.0	
199.0	
215.0	
218.0	
217.0	
221.0	
223.0	
212.0	
212.0	
245.0	
239.0	
234.0	
234.0	
246.0	
245.0	
244.0	
253.0	
243.0	
245.0	
256.0	
256.0	
246.0	
261.0	
269.0	
259.0	
255.0	
265.0	
263.0	
267.0	
266.0	
266.0	
271.0	
273.0	
289.0	
287.0	
277.0	
279.0	
269.0	
268.0	
286.0	
277.0	
286.0	
289.0	
290.0	
280.0	
283.0	
281.0	
300.0	
308.0	
297.0	
299.0	
303.0	
294.0	
286.0	
284.0	
288.0	
301.0	
288.0	
288.0	
296.0	
299.0	
288.0	
289.0	
291.0	
289.0	
282.0	
290.0	
298.0	
303.0	
294.0	
306.0	
309.0	
291.0	
291.0	
297.0	
291.0	
294.0	
300.0	
299.0	
290.0	
291.0	
297.0	
300.0	
287.0	
298.0	
303.0	
286.0	
299.0	
311.0	
292.0	
285.0	
290.0	
276.0	
279.0	
284.0	
281.0	
277.0	
286.0	
275.0	
271.0	
283.0	
279.0	
271.0	
255.0	
269.0	
273.0	
277.0	
274.0	
273.0	
269.0	
259.0	
268.0	
271.0	
264.0	
256.0	
250.0	
255.0	
250.0	
249.0	
246.0	
248.0	
236.0	
240.0	
239.0	
226.0	
228.0	
235.0	
238.0	
223.0	
231.0	
234.0	
235.0	
242.0	
251.0	
245.0	
238.0	
238.0	
232.0	
225.0	
232.0	
224.0	
201.0	
204.0	
211.0	
211.0	
201.0	
195.0	
210.0	
215.0	
200.0	
201.0	
190.0	
201.0	
191.0	
192.0	
196.0	
192.0	
175.0	
183.0	
181.0	
181.0	
185.0	
180.0	
173.0	
168.0	
167.0	
166.0	
162.0	
162.0	
144.0	
152.0	
168.0	
150.0	
147.0	
153.0	
146.0	
142.0	
147.0	
142.0	
140.0	
150.0	
124.0	
120.0	
132.0	
134.0	
118.0	
110.0	
100.0	
109.0	
122.0	
118.0	
110.0	
115.0	
115.0	
110.0	
107.0	
111.0	
103.0	
107.0	
109.0	
93.0	
97.0	
101.0	
97.0	
85.0	
82.0	
82.0	
75.0	
86.0	
94.0	
89.0	
87.0	
78.0	
78.0	
73.0	
75.0	
72.0	
76.0	
73.0	
57.0	
64.0	
69.0	
55.0	
50.0	
67.0	
67.0	
58.0	
58.0	
53.0	
44.0	
48.0	
50.0	
41.0	
33.0	
48.0	
53.0	
56.0	
45.0	
30.0	
29.0	
32.0	
37.0	
27.0	
33.0	
29.0	
21.0	
24.0	
23.0	
20.0	
21.0	
13.0	
8.0	
11.0	
26.0	
16.0	
9.0	
17.0	
8.0	
17.0	
0.0	
-10.0	
11.0	
0.0	
1.0	
-8.0	
-4.0	
6.0	
-2.0	
-5.0	
-6.0	
-11.0	
-1.0	
-9.0	
-20.0	
-11.0	
-24.0	
-15.0	
-19.0	
-17.0	
-16.0	
-20.0	
-17.0	
-20.0	
-12.0	
-16.0	
-23.0	
-32.0	
-19.0	
-15.0	
-23.0	
-39.0	
-24.0	
-23.0	
-50.0	
-44.0	
-36.0	
-24.0	
-17.0	
-53.0	
-46.0	
-35.0	
-43.0	
-42.0	
-42.0	
-46.0	
-40.0	
-49.0	
-41.0	
-54.0	
-60.0	
-49.0	
-47.0	
-49.0	
-55.0	
-67.0	
-64.0	
-54.0	
-57.0	
-50.0	
-59.0	
-63.0	
-55.0	
-66.0	
-73.0	
-78.0	
-75.0	
-58.0	
-53.0	
-56.0	
-65.0	
-81.0	
-84.0	
-64.0	
-59.0	
-74.0	
-77.0	
-79.0	
-67.0	
-74.0	
-65.0	
-68.0	
-74.0	
-85.0	
-82.0	
-89.0	
-85.0	
-78.0	
-81.0	
-90.0	
-77.0	
-82.0	
-94.0	
-84.0	
-67.0	
-77.0	
-78.0	
-74.0	
-68.0	
-67.0	
-75.0	
-86.0	
-82.0	
-75.0	
-76.0	
-71.0	
-66.0	
-65.0	
-86.0	
-90.0	
-100.0	
-98.0	
-82.0	
-82.0	
-89.0	
-88.0	
-74.0	
-84.0	
-84.0	
-76.0	
-63.0	
-77.0	
-80.0	
-81.0	
-78.0	
-76.0	
-71.0	
-75.0	
-74.0	
-81.0	
-82.0	
-84.0	
-82.0	
-83.0	
-81.0	
-82.0	
-84.0	
-70.0	
-62.0	
-74.0	
-73.0	
-64.0	
-70.0	
-64.0	
-63.0	
-45.0	
-51.0	
-76.0	
-75.0	
-60.0	
-44.0	
-42.0	
-55.0	
-64.0	
-56.0	
-54.0	
-66.0	
-57.0	
-61.0	
-73.0	
-63.0	
-68.0	
-66.0	
-58.0	
-62.0	
-46.0	
-43.0	
-47.0	
-45.0	
-35.0	
-46.0	
-45.0	
-42.0	
-45.0	
-46.0	
-57.0	
-49.0	
-38.0	
-46.0	
-35.0	
-46.0	
-45.0	
-45.0	
-47.0	
-47.0	
-47.0	
-53.0	
-37.0	
-26.0	
-20.0	
-18.0	
-34.0	
-36.0	
-24.0	
-27.0	
-32.0	
-34.0	
-38.0	
-26.0	
-32.0	
-25.0	
-12.0	
-5.0	
-14.0	
-23.0	
-16.0	
-15.0	
-18.0	
-19.0	
-20.0	
-20.0	
-10.0	
-4.0	
-7.0	
-9.0	
0.0	
0.0	
2.0	
7.0	
2.0	
2.0	
6.0	
10.0	
16.0	
16.0	
13.0	
12.0	
13.0	
13.0	
19.0	
33.0	
38.0	
32.0	
34.0	
30.0	
21.0	
36.0	
43.0	
20.0	
36.0	
43.0	
35.0	
26.0	
40.0	
50.0	
38.0	
38.0	
44.0	
54.0	
55.0	
47.0	
42.0	
44.0	
43.0	
47.0	
44.0	
69.0	
67.0	
50.0	
53.0	
62.0	
54.0	
55.0	
55.0	
67.0	
67.0	
72.0	
62.0	
63.0	
68.0	
69.0	
74.0	
79.0	
84.0	
91.0	
85.0	
86.0	
83.0	
86.0	
87.0	
86.0	
89.0	
100.0	
86.0	
78.0	
80.0	
98.0	
92.0	
90.0	
98.0	
100.0	
83.0	
93.0	
90.0	
91.0	
109.0	
107.0	
99.0	
115.0	
103.0	
99.0	
107.0	
101.0	
102.0	
112.0	
111.0	
118.0	
114.0	
119.0	
109.0	
120.0	
114.0	
121.0	
126.0	
110.0	
122.0	
121.0	
123.0	
130.0	
121.0	
129.0	
126.0	
123.0	
130.0	
131.0	
130.0	
115.0	
123.0	
121.0	
127.0	
131.0	
134.0	
125.0	
137.0	
157.0	
135.0	
130.0	
133.0	
125.0	
122.0	
145.0	
140.0	
135.0	
122.0	
136.0	
134.0	
135.0	
138.0	
125.0	
117.0	
122.0	
124.0	
139.0	
144.0	
134.0	
115.0	
124.0	
128.0	
137.0	
144.0	
138.0	
138.0	
128.0	
127.0	
131.0	
131.0	
138.0	
142.0	
144.0	
132.0	
143.0	
132.0	
122.0	
122.0	
126.0	
135.0	
136.0	
127.0	
117.0	
111.0	
129.0	
126.0	
130.0	
127.0	
126.0	
118.0	
117.0	
130.0	
123.0	
134.0	
129.0	
122.0	
128.0	
128.0	
125.0	
133.0	
124.0	
125.0	
143.0	
132.0	
125.0	
111.0	
97.0	
111.0	
110.0	
112.0	
109.0	
110.0	
115.0	
110.0	
110.0	
102.0	
113.0	
116.0	
119.0	
111.0	
99.0	
108.0	
102.0	
94.0	
108.0	
107.0	
111.0	
111.0	
108.0	
99.0	
95.0	
103.0	
99.0	
105.0	
92.0	
94.0	
109.0	
105.0	
103.0	
93.0	
85.0	
88.0	
96.0	
91.0	
89.0	
93.0	
89.0	
86.0	
101.0	
114.0	
86.0	
72.0	
83.0	
91.0	
89.0	
91.0	
80.0	
69.0	
74.0	
74.0	
61.0	
70.0	
82.0	
72.0	
77.0	
70.0	
60.0	
57.0	
63.0	
77.0	
55.0	
59.0	
71.0	
68.0	
64.0	
61.0	
67.0	
