-207.0	
-180.0	
-166.0	
-168.0	
-163.0	
-154.0	
-138.0	
-131.0	
-122.0	
-119.0	
-99.0	
-85.0	
-74.0	
-67.0	
-57.0	
-55.0	
-45.0	
-24.0	
-13.0	
1.0	
9.0	
13.0	
32.0	
52.0	
54.0	
59.0	
80.0	
97.0	
112.0	
112.0	
123.0	
126.0	
130.0	
141.0	
168.0	
175.0	
194.0	
200.0	
205.0	
223.0	
238.0	
247.0	
252.0	
260.0	
275.0	
287.0	
300.0	
313.0	
309.0	
317.0	
323.0	
327.0	
333.0	
341.0	
363.0	
378.0	
367.0	
375.0	
399.0	
406.0	
411.0	
402.0	
415.0	
432.0	
444.0	
441.0	
437.0	
467.0	
462.0	
457.0	
464.0	
470.0	
483.0	
482.0	
478.0	
479.0	
489.0	
502.0	
501.0	
480.0	
487.0	
492.0	
511.0	
511.0	
523.0	
520.0	
508.0	
507.0	
508.0	
510.0	
501.0	
502.0	
508.0	
513.0	
517.0	
509.0	
513.0	
514.0	
500.0	
494.0	
495.0	
503.0	
489.0	
476.0	
478.0	
475.0	
473.0	
475.0	
475.0	
452.0	
449.0	
439.0	
441.0	
425.0	
434.0	
430.0	
430.0	
414.0	
412.0	
399.0	
378.0	
389.0	
375.0	
364.0	
348.0	
338.0	
339.0	
326.0	
313.0	
298.0	
288.0	
280.0	
268.0	
260.0	
243.0	
233.0	
226.0	
223.0	
216.0	
197.0	
189.0	
175.0	
159.0	
165.0	
164.0	
150.0	
143.0	
130.0	
110.0	
100.0	
94.0	
86.0	
70.0	
51.0	
46.0	
39.0	
19.0	
33.0	
8.0	
0.0	
-7.0	
-15.0	
-31.0	
-41.0	
-48.0	
-58.0	
-84.0	
-85.0	
-82.0	
-91.0	
-110.0	
-119.0	
-125.0	
-128.0	
-132.0	
-152.0	
-149.0	
-163.0	
-173.0	
-185.0	
-186.0	
-198.0	
-211.0	
-212.0	
-228.0	
-236.0	
-242.0	
-247.0	
-260.0	
-259.0	
-260.0	
-284.0	
-289.0	
-295.0	
-306.0	
-314.0	
-325.0	
-334.0	
-346.0	
-354.0	
-367.0	
-364.0	
-369.0	
-400.0	
-401.0	
-400.0	
-401.0	
-411.0	
-417.0	
-429.0	
-434.0	
-441.0	
-440.0	
-453.0	
-448.0	
-451.0	
-464.0	
-462.0	
-470.0	
-478.0	
-473.0	
-471.0	
-476.0	
-479.0	
-473.0	
-464.0	
-472.0	
-472.0	
-466.0	
-463.0	
-470.0	
-479.0	
-469.0	
-462.0	
-470.0	
-470.0	
-467.0	
-470.0	
-477.0	
-469.0	
-466.0	
-470.0	
-471.0	
-462.0	
-450.0	
-453.0	
-466.0	
-461.0	
-448.0	
-448.0	
-448.0	
-443.0	
-428.0	
-417.0	
-424.0	
-435.0	
-434.0	
-426.0	
-436.0	
-433.0	
-415.0	
-416.0	
-422.0	
-405.0	
-409.0	
-404.0	
-390.0	
-397.0	
-399.0	
-383.0	
-387.0	
-385.0	
-373.0	
-364.0	
-365.0	
-363.0	
-359.0	
-361.0	
-346.0	
-345.0	
-346.0	
-344.0	
-332.0	
-319.0	
-325.0	
-319.0	
-311.0	
-305.0	
-317.0	
-319.0	
-319.0	
-316.0	
-314.0	
-312.0	
-315.0	
-297.0	
-295.0	
-294.0	
-292.0	
-285.0	
-299.0	
-312.0	
-308.0	
-314.0	
-298.0	
-294.0	
-308.0	
-300.0	
-299.0	
-285.0	
-290.0	
-298.0	
-312.0	
-322.0	
-318.0	
-307.0	
-306.0	
-294.0	
-287.0	
-284.0	
-263.0	
-254.0	
-261.0	
-248.0	
-241.0	
-234.0	
-234.0	
-229.0	
-224.0	
-217.0	
-225.0	
-217.0	
-218.0	
-215.0	
-212.0	
-211.0	
-198.0	
-193.0	
-181.0	
-166.0	
-169.0	
-151.0	
-134.0	
-114.0	
-107.0	
-94.0	
-53.0	
-30.0	
-1.0	
32.0	
57.0	
68.0	
80.0	
97.0	
114.0	
128.0	
140.0	
149.0	
174.0	
182.0	
194.0	
191.0	
200.0	
201.0	
208.0	
193.0	
197.0	
205.0	
199.0	
205.0	
203.0	
192.0	
207.0	
192.0	
186.0	
201.0	
211.0	
207.0	
214.0	
207.0	
224.0	
215.0	
218.0	
220.0	
217.0	
224.0	
209.0	
222.0	
214.0	
215.0	
207.0	
223.0	
232.0	
222.0	
227.0	
236.0	
230.0	
228.0	
232.0	
229.0	
233.0	
247.0	
244.0	
229.0	
232.0	
241.0	
229.0	
242.0	
240.0	
230.0	
231.0	
231.0	
244.0	
242.0	
237.0	
229.0	
236.0	
244.0	
248.0	
238.0	
240.0	
241.0	
227.0	
238.0	
247.0	
225.0	
235.0	
232.0	
233.0	
242.0	
247.0	
256.0	
240.0	
240.0	
234.0	
220.0	
223.0	
237.0	
244.0	
235.0	
233.0	
229.0	
234.0	
230.0	
217.0	
221.0	
230.0	
216.0	
219.0	
226.0	
216.0	
221.0	
221.0	
210.0	
204.0	
207.0	
204.0	
197.0	
198.0	
196.0	
188.0	
181.0	
171.0	
163.0	
173.0	
161.0	
163.0	
160.0	
140.0	
131.0	
144.0	
145.0	
138.0	
147.0	
151.0	
138.0	
135.0	
126.0	
122.0	
126.0	
112.0	
126.0	
112.0	
108.0	
108.0	
100.0	
99.0	
93.0	
98.0	
92.0	
82.0	
80.0	
89.0	
95.0	
76.0	
63.0	
65.0	
55.0	
61.0	
67.0	
66.0	
57.0	
57.0	
52.0	
47.0	
42.0	
39.0	
33.0	
36.0	
26.0	
3.0	
12.0	
24.0	
-3.0	
0.0	
-2.0	
-18.0	
-26.0	
-33.0	
-32.0	
-43.0	
-53.0	
-58.0	
-50.0	
-59.0	
-75.0	
-78.0	
-87.0	
-96.0	
-105.0	
-101.0	
-105.0	
-116.0	
-134.0	
-139.0	
-152.0	
-159.0	
-148.0	
-155.0	
-164.0	
-173.0	
-173.0	
-165.0	
-158.0	
-168.0	
-184.0	
-185.0	
-197.0	
-208.0	
-218.0	
-202.0	
-206.0	
-217.0	
-236.0	
-237.0	
-227.0	
-235.0	
-232.0	
-240.0	
-233.0	
-236.0	
-241.0	
-243.0	
-254.0	
-248.0	
-248.0	
-257.0	
-265.0	
-268.0	
-279.0	
-286.0	
-275.0	
-296.0	
-302.0	
-293.0	
-287.0	
-282.0	
-287.0	
-289.0	
-283.0	
-272.0	
-287.0	
-294.0	
-298.0	
-311.0	
-307.0	
-309.0	
-310.0	
-308.0	
-310.0	
-310.0	
-316.0	
-320.0	
-323.0	
-324.0	
-310.0	
-318.0	
-322.0	
-328.0	
-318.0	
-323.0	
-331.0	
-325.0	
-321.0	
-323.0	
-322.0	
-323.0	
-325.0	
-325.0	
-328.0	
-325.0	
-310.0	
-318.0	
-316.0	
-316.0	
-299.0	
-304.0	
-303.0	
-285.0	
-301.0	
-302.0	
-310.0	
-302.0	
-304.0	
-298.0	
-296.0	
-296.0	
-292.0	
-296.0	
-282.0	
-283.0	
-282.0	
-271.0	
-266.0	
-257.0	
-272.0	
-268.0	
-261.0	
-245.0	
-244.0	
-250.0	
-236.0	
-219.0	
-217.0	
-231.0	
-222.0	
-209.0	
-194.0	
-189.0	
-187.0	
-192.0	
-189.0	
-172.0	
-176.0	
-196.0	
-171.0	
-154.0	
-155.0	
-166.0	
-169.0	
-154.0	
-146.0	
-132.0	
-137.0	
-151.0	
-133.0	
-120.0	
-119.0	
-116.0	
-112.0	
-100.0	
-96.0	
-98.0	
-86.0	
-89.0	
-98.0	
-85.0	
-69.0	
-51.0	
-66.0	
-65.0	
-55.0	
-42.0	
-43.0	
-37.0	
-30.0	
-33.0	
-22.0	
-18.0	
-10.0	
-11.0	
-11.0	
1.0	
5.0	
11.0	
2.0	
4.0	
18.0	
18.0	
22.0	
29.0	
19.0	
22.0	
26.0	
31.0	
32.0	
51.0	
54.0	
45.0	
51.0	
72.0	
66.0	
82.0	
77.0	
71.0	
82.0	
90.0	
92.0	
79.0	
78.0	
90.0	
94.0	
99.0	
103.0	
115.0	
104.0	
100.0	
98.0	
98.0	
106.0	
124.0	
124.0	
124.0	
114.0	
117.0	
120.0	
122.0	
117.0	
118.0	
120.0	
125.0	
125.0	
116.0	
122.0	
112.0	
101.0	
102.0	
111.0	
124.0	
129.0	
134.0	
121.0	
121.0	
113.0	
122.0	
132.0	
140.0	
128.0	
119.0	
134.0	
132.0	
133.0	
140.0	
130.0	
126.0	
141.0	
139.0	
133.0	
141.0	
132.0	
126.0	
128.0	
125.0	
138.0	
125.0	
115.0	
111.0	
120.0	
116.0	
113.0	
120.0	
123.0	
123.0	
117.0	
113.0	
116.0	
104.0	
105.0	
109.0	
101.0	
92.0	
92.0	
92.0	
95.0	
90.0	
89.0	
88.0	
84.0	
71.0	
69.0	
78.0	
88.0	
83.0	
73.0	
78.0	
72.0	
69.0	
60.0	
71.0	
77.0	
66.0	
63.0	
51.0	
52.0	
54.0	
51.0	
60.0	
58.0	
50.0	
