59.0	
49.0	
59.0	
56.0	
44.0	
37.0	
64.0	
56.0	
64.0	
56.0	
61.0	
62.0	
61.0	
76.0	
92.0	
85.0	
72.0	
72.0	
70.0	
63.0	
73.0	
77.0	
74.0	
82.0	
92.0	
83.0	
89.0	
94.0	
89.0	
99.0	
93.0	
87.0	
110.0	
112.0	
94.0	
93.0	
100.0	
113.0	
122.0	
109.0	
100.0	
103.0	
101.0	
105.0	
115.0	
106.0	
104.0	
113.0	
126.0	
127.0	
126.0	
133.0	
127.0	
122.0	
125.0	
131.0	
123.0	
121.0	
122.0	
139.0	
128.0	
149.0	
138.0	
144.0	
141.0	
133.0	
145.0	
140.0	
137.0	
149.0	
143.0	
150.0	
146.0	
143.0	
143.0	
136.0	
147.0	
152.0	
153.0	
165.0	
163.0	
151.0	
161.0	
163.0	
162.0	
163.0	
152.0	
159.0	
167.0	
152.0	
159.0	
174.0	
176.0	
167.0	
168.0	
164.0	
183.0	
174.0	
167.0	
174.0	
175.0	
174.0	
185.0	
189.0	
183.0	
181.0	
188.0	
166.0	
164.0	
162.0	
185.0	
177.0	
165.0	
182.0	
172.0	
174.0	
170.0	
170.0	
160.0	
160.0	
166.0	
158.0	
159.0	
167.0	
150.0	
154.0	
163.0	
165.0	
160.0	
155.0	
158.0	
155.0	
154.0	
149.0	
146.0	
157.0	
156.0	
153.0	
151.0	
157.0	
139.0	
143.0	
136.0	
141.0	
144.0	
141.0	
126.0	
123.0	
134.0	
129.0	
129.0	
135.0	
133.0	
111.0	
113.0	
122.0	
121.0	
117.0	
112.0	
105.0	
93.0	
81.0	
87.0	
97.0	
90.0	
94.0	
82.0	
77.0	
64.0	
61.0	
65.0	
54.0	
50.0	
49.0	
46.0	
45.0	
37.0	
32.0	
41.0	
36.0	
33.0	
22.0	
11.0	
13.0	
8.0	
0.0	
5.0	
-6.0	
1.0	
-2.0	
-8.0	
-11.0	
-9.0	
-22.0	
-18.0	
-16.0	
-46.0	
-76.0	
-53.0	
-56.0	
-55.0	
-48.0	
-58.0	
-61.0	
-51.0	
-57.0	
-85.0	
-97.0	
-86.0	
-74.0	
-79.0	
-94.0	
-89.0	
-79.0	
-98.0	
-108.0	
-112.0	
-116.0	
-113.0	
-106.0	
-104.0	
-104.0	
-115.0	
-120.0	
-119.0	
-123.0	
-135.0	
-148.0	
-148.0	
-141.0	
-151.0	
-147.0	
-151.0	
-168.0	
-172.0	
-157.0	
-156.0	
-156.0	
-148.0	
-160.0	
-173.0	
-181.0	
-173.0	
-178.0	
-191.0	
-189.0	
-197.0	
-202.0	
-184.0	
-182.0	
-189.0	
-187.0	
-182.0	
-185.0	
-199.0	
-209.0	
-200.0	
-190.0	
-186.0	
-183.0	
-177.0	
-185.0	
-193.0	
-193.0	
-191.0	
-184.0	
-186.0	
-196.0	
-206.0	
-196.0	
-208.0	
-205.0	
-210.0	
-211.0	
-211.0	
-213.0	
-200.0	
-208.0	
-201.0	
-216.0	
-209.0	
-198.0	
-195.0	
-200.0	
-219.0	
-211.0	
-197.0	
-198.0	
-201.0	
-215.0	
-205.0	
-200.0	
-189.0	
-196.0	
-206.0	
-193.0	
-186.0	
-187.0	
-194.0	
-196.0	
-179.0	
-176.0	
-175.0	
-171.0	
-177.0	
-177.0	
-172.0	
-179.0	
-174.0	
-162.0	
-165.0	
-158.0	
-173.0	
-173.0	
-163.0	
-164.0	
-164.0	
-156.0	
-147.0	
-148.0	
-136.0	
-131.0	
-138.0	
-133.0	
-135.0	
-139.0	
-134.0	
-134.0	
-135.0	
-105.0	
-100.0	
-111.0	
-117.0	
-112.0	
-113.0	
-102.0	
-96.0	
-99.0	
-100.0	
-105.0	
-95.0	
-98.0	
-93.0	
-90.0	
-90.0	
-79.0	
-79.0	
-67.0	
-69.0	
-65.0	
-69.0	
-60.0	
-60.0	
-60.0	
-42.0	
-40.0	
-51.0	
-36.0	
-41.0	
-34.0	
-38.0	
-31.0	
-28.0	
-19.0	
-25.0	
-25.0	
-13.0	
-1.0	
-5.0	
-16.0	
-14.0	
-6.0	
-9.0	
9.0	
15.0	
13.0	
17.0	
22.0	
32.0	
17.0	
22.0	
22.0	
37.0	
45.0	
43.0	
50.0	
57.0	
50.0	
53.0	
60.0	
56.0	
54.0	
56.0	
62.0	
71.0	
69.0	
71.0	
82.0	
88.0	
82.0	
84.0	
97.0	
103.0	
98.0	
103.0	
96.0	
96.0	
87.0	
88.0	
106.0	
97.0	
108.0	
111.0	
109.0	
91.0	
104.0	
114.0	
131.0	
130.0	
125.0	
110.0	
120.0	
127.0	
128.0	
142.0	
141.0	
120.0	
109.0	
113.0	
117.0	
121.0	
126.0	
124.0	
136.0	
132.0	
121.0	
131.0	
128.0	
125.0	
127.0	
123.0	
124.0	
124.0	
131.0	
129.0	
123.0	
120.0	
123.0	
111.0	
116.0	
117.0	
120.0	
115.0	
107.0	
121.0	
116.0	
116.0	
122.0	
106.0	
105.0	
109.0	
109.0	
110.0	
108.0	
114.0	
114.0	
118.0	
100.0	
90.0	
94.0	
97.0	
96.0	
116.0	
94.0	
102.0	
99.0	
107.0	
103.0	
91.0	
93.0	
94.0	
84.0	
75.0	
92.0	
80.0	
72.0	
79.0	
83.0	
87.0	
84.0	
79.0	
78.0	
81.0	
74.0	
75.0	
70.0	
68.0	
55.0	
56.0	
63.0	
68.0	
62.0	
61.0	
67.0	
57.0	
49.0	
59.0	
63.0	
57.0	
58.0	
70.0	
69.0	
50.0	
47.0	
50.0	
42.0	
44.0	
47.0	
49.0	
40.0	
41.0	
38.0	
32.0	
46.0	
40.0	
36.0	
48.0	
51.0	
51.0	
47.0	
37.0	
43.0	
39.0	
38.0	
31.0	
42.0	
42.0	
47.0	
45.0	
27.0	
31.0	
20.0	
19.0	
32.0	
18.0	
28.0	
30.0	
15.0	
28.0	
27.0	
26.0	
24.0	
19.0	
14.0	
30.0	
0.0	
