-86.0	
-86.0	
-98.0	
-97.0	
-106.0	
-119.0	
-114.0	
-131.0	
-150.0	
-151.0	
-152.0	
-148.0	
-165.0	
-184.0	
-195.0	
-208.0	
-221.0	
-229.0	
-220.0	
-233.0	
-247.0	
-266.0	
-273.0	
-273.0	
-284.0	
-291.0	
-298.0	
-307.0	
-313.0	
-322.0	
-336.0	
-341.0	
-340.0	
-350.0	
-361.0	
-364.0	
-374.0	
-389.0	
-399.0	
-397.0	
-397.0	
-402.0	
-399.0	
-416.0	
-427.0	
-431.0	
-446.0	
-451.0	
-449.0	
-457.0	
-484.0	
-485.0	
-480.0	
-484.0	
-478.0	
-507.0	
-520.0	
-510.0	
-505.0	
-505.0	
-530.0	
-522.0	
-518.0	
-538.0	
-532.0	
-535.0	
-534.0	
-533.0	
-546.0	
-549.0	
-542.0	
-550.0	
-559.0	
-558.0	
-551.0	
-551.0	
-549.0	
-550.0	
-550.0	
-561.0	
-569.0	
-555.0	
-549.0	
-547.0	
-549.0	
-559.0	
-553.0	
-550.0	
-554.0	
-550.0	
-547.0	
-547.0	
-539.0	
-534.0	
-525.0	
-526.0	
-529.0	
-526.0	
-523.0	
-522.0	
-515.0	
-506.0	
-507.0	
-515.0	
-510.0	
-495.0	
-481.0	
-489.0	
-485.0	
-464.0	
-446.0	
-445.0	
-448.0	
-437.0	
-431.0	
-433.0	
-427.0	
-412.0	
-399.0	
-394.0	
-394.0	
-384.0	
-375.0	
-363.0	
-361.0	
-348.0	
-334.0	
-330.0	
-315.0	
-313.0	
-302.0	
-283.0	
-277.0	
-272.0	
-256.0	
-259.0	
-241.0	
-233.0	
-222.0	
-203.0	
-204.0	
-196.0	
-165.0	
-162.0	
-160.0	
-155.0	
-142.0	
-116.0	
-112.0	
-114.0	
-102.0	
-84.0	
-86.0	
-76.0	
-62.0	
-57.0	
-45.0	
-34.0	
-29.0	
-15.0	
0.0	
6.0	
20.0	
32.0	
34.0	
51.0	
71.0	
65.0	
71.0	
92.0	
104.0	
100.0	
98.0	
104.0	
137.0	
142.0	
143.0	
148.0	
160.0	
163.0	
172.0	
185.0	
198.0	
207.0	
220.0	
211.0	
215.0	
226.0	
218.0	
230.0	
238.0	
251.0	
254.0	
257.0	
274.0	
282.0	
278.0	
286.0	
295.0	
285.0	
303.0	
303.0	
291.0	
296.0	
315.0	
327.0	
325.0	
331.0	
345.0	
349.0	
338.0	
347.0	
368.0	
351.0	
350.0	
365.0	
363.0	
362.0	
361.0	
359.0	
370.0	
374.0	
372.0	
372.0	
379.0	
380.0	
381.0	
377.0	
379.0	
368.0	
383.0	
387.0	
389.0	
398.0	
381.0	
382.0	
387.0	
382.0	
395.0	
387.0	
382.0	
377.0	
378.0	
385.0	
379.0	
367.0	
369.0	
368.0	
371.0	
371.0	
370.0	
368.0	
363.0	
370.0	
369.0	
354.0	
349.0	
350.0	
349.0	
348.0	
336.0	
339.0	
333.0	
335.0	
341.0	
326.0	
314.0	
320.0	
314.0	
300.0	
290.0	
302.0	
296.0	
284.0	
283.0	
276.0	
277.0	
282.0	
265.0	
266.0	
266.0	
255.0	
248.0	
249.0	
236.0	
231.0	
236.0	
227.0	
235.0	
228.0	
208.0	
207.0	
195.0	
191.0	
187.0	
189.0	
186.0	
178.0	
188.0	
175.0	
169.0	
161.0	
149.0	
136.0	
136.0	
119.0	
124.0	
124.0	
114.0	
119.0	
106.0	
103.0	
107.0	
89.0	
70.0	
65.0	
64.0	
69.0	
64.0	
56.0	
49.0	
30.0	
24.0	
15.0	
18.0	
4.0	
-17.0	
-18.0	
-15.0	
-26.0	
-37.0	
-37.0	
-44.0	
-51.0	
-68.0	
-68.0	
-83.0	
-81.0	
-85.0	
-89.0	
-100.0	
-111.0	
-116.0	
-110.0	
-123.0	
-143.0	
-143.0	
-147.0	
-151.0	
-159.0	
-167.0	
-174.0	
-175.0	
-194.0	
-191.0	
-192.0	
-195.0	
-200.0	
-198.0	
-223.0	
-232.0	
-236.0	
-245.0	
-240.0	
-235.0	
-263.0	
-264.0	
-279.0	
-296.0	
-300.0	
-301.0	
-292.0	
-291.0	
-303.0	
-305.0	
-317.0	
-321.0	
-310.0	
-308.0	
-317.0	
-332.0	
-328.0	
-351.0	
-339.0	
-341.0	
-340.0	
-345.0	
-354.0	
-375.0	
-361.0	
-369.0	
-371.0	
-368.0	
-369.0	
-387.0	
-398.0	
-403.0	
-399.0	
-391.0	
-397.0	
-403.0	
-398.0	
-406.0	
-400.0	
-397.0	
-401.0	
-406.0	
-409.0	
-425.0	
-427.0	
-426.0	
-425.0	
-421.0	
-429.0	
-420.0	
-425.0	
-426.0	
-431.0	
-429.0	
-433.0	
-433.0	
-432.0	
-441.0	
-433.0	
-438.0	
-432.0	
-421.0	
-420.0	
-421.0	
-424.0	
-415.0	
-420.0	
-416.0	
-409.0	
-414.0	
-425.0	
-430.0	
-426.0	
-424.0	
-419.0	
-414.0	
-409.0	
-422.0	
-420.0	
-409.0	
-413.0	
-407.0	
-397.0	
-393.0	
-405.0	
-399.0	
-400.0	
-399.0	
-393.0	
-400.0	
-390.0	
-384.0	
-394.0	
-393.0	
-390.0	
-368.0	
-378.0	
-384.0	
-369.0	
-369.0	
-371.0	
-364.0	
-357.0	
-349.0	
-349.0	
-340.0	
-330.0	
-334.0	
-323.0	
-300.0	
-306.0	
-314.0	
-295.0	
-297.0	
-281.0	
-279.0	
-281.0	
-267.0	
-267.0	
-267.0	
-247.0	
-250.0	
-252.0	
-230.0	
-217.0	
-218.0	
-213.0	
-208.0	
-207.0	
-193.0	
-186.0	
-181.0	
-174.0	
-186.0	
-163.0	
-152.0	
-144.0	
-145.0	
-131.0	
-134.0	
-128.0	
-112.0	
-103.0	
-76.0	
-86.0	
-87.0	
-71.0	
-60.0	
-66.0	
-48.0	
-45.0	
-43.0	
-33.0	
-28.0	
-15.0	
-2.0	
14.0	
0.0	
-1.0	
19.0	
24.0	
26.0	
25.0	
55.0	
47.0	
50.0	
59.0	
68.0	
70.0	
75.0	
81.0	
90.0	
97.0	
101.0	
113.0	
101.0	
103.0	
121.0	
136.0	
153.0	
144.0	
153.0	
160.0	
176.0	
168.0	
170.0	
178.0	
179.0	
188.0	
191.0	
193.0	
202.0	
219.0	
229.0	
223.0	
219.0	
229.0	
241.0	
241.0	
242.0	
235.0	
250.0	
254.0	
248.0	
254.0	
259.0	
265.0	
260.0	
274.0	
280.0	
266.0	
276.0	
289.0	
281.0	
283.0	
302.0	
281.0	
285.0	
288.0	
278.0	
292.0	
291.0	
289.0	
304.0	
298.0	
304.0	
303.0	
302.0	
308.0	
306.0	
295.0	
282.0	
285.0	
285.0	
297.0	
286.0	
299.0	
291.0	
289.0	
280.0	
285.0	
278.0	
280.0	
272.0	
261.0	
269.0	
271.0	
277.0	
274.0	
260.0	
256.0	
250.0	
248.0	
256.0	
256.0	
247.0	
244.0	
243.0	
233.0	
234.0	
218.0	
219.0	
212.0	
214.0	
204.0	
210.0	
214.0	
198.0	
200.0	
195.0	
193.0	
184.0	
163.0	
171.0	
169.0	
156.0	
147.0	
140.0	
151.0	
145.0	
147.0	
131.0	
133.0	
135.0	
123.0	
122.0	
110.0	
99.0	
94.0	
93.0	
86.0	
74.0	
63.0	
67.0	
54.0	
51.0	
47.0	
36.0	
42.0	
19.0	
15.0	
14.0	
13.0	
16.0	
2.0	
-1.0	
-2.0	
-9.0	
-11.0	
-31.0	
-41.0	
-31.0	
-48.0	
-55.0	
-46.0	
-56.0	
-63.0	
-72.0	
-78.0	
-71.0	
-75.0	
-85.0	
-96.0	
-93.0	
-93.0	
-115.0	
-109.0	
-118.0	
-137.0	
-130.0	
-133.0	
-142.0	
-142.0	
-154.0	
-158.0	
-167.0	
-175.0	
-175.0	
-184.0	
-186.0	
-176.0	
-175.0	
-192.0	
-190.0	
-201.0	
-203.0	
-219.0	
-216.0	
-204.0	
-223.0	
-226.0	
-225.0	
-222.0	
-221.0	
-236.0	
-240.0	
-239.0	
-242.0	
-254.0	
-263.0	
-269.0	
-266.0	
-259.0	
-266.0	
-272.0	
-280.0	
-280.0	
-273.0	
-265.0	
-272.0	
-266.0	
-286.0	
-289.0	
-284.0	
-287.0	
-291.0	
-291.0	
-291.0	
-288.0	
-298.0	
-276.0	
-272.0	
-290.0	
-286.0	
-279.0	
-286.0	
-286.0	
-283.0	
-285.0	
-293.0	
-291.0	
-288.0	
-277.0	
-270.0	
-286.0	
-274.0	
-279.0	
-278.0	
-282.0	
-267.0	
-270.0	
-277.0	
-283.0	
-283.0	
-273.0	
-268.0	
-268.0	
-268.0	
-259.0	
-264.0	
-271.0	
-263.0	
-262.0	
-256.0	
-247.0	
-254.0	
-259.0	
-250.0	
-248.0	
-247.0	
-246.0	
-229.0	
-234.0	
-240.0	
-243.0	
-230.0	
-228.0	
-230.0	
-223.0	
-227.0	
-221.0	
-218.0	
-198.0	
-199.0	
-188.0	
-193.0	
-196.0	
-202.0	
-173.0	
-169.0	
-186.0	
-180.0	
-177.0	
-160.0	
-161.0	
-155.0	
-161.0	
-138.0	
-143.0	
-132.0	
-131.0	
-139.0	
-126.0	
-125.0	
-120.0	
-118.0	
-112.0	
-117.0	
-109.0	
-96.0	
-91.0	
-94.0	
-83.0	
-66.0	
-66.0	
-71.0	
-66.0	
-64.0	
-61.0	
-61.0	
-49.0	
-48.0	
-50.0	
-48.0	
-40.0	
-43.0	
-33.0	
-27.0	
-25.0	
-14.0	
-24.0	
-17.0	
-6.0	
-7.0	
-8.0	
-3.0	
1.0	
11.0	
2.0	
0.0	
8.0	
5.0	
8.0	
15.0	
10.0	
10.0	
19.0	
25.0	
42.0	
34.0	
26.0	
19.0	
36.0	
50.0	
51.0	
53.0	
56.0	
52.0	
51.0	
53.0	
71.0	
71.0	
77.0	
65.0	
63.0	
69.0	
79.0	
70.0	
68.0	
83.0	
86.0	
104.0	
89.0	
90.0	
86.0	
85.0	
96.0	
85.0	
89.0	
98.0	
95.0	
100.0	
99.0	
98.0	
101.0	
110.0	
95.0	
103.0	
114.0	
102.0	
100.0	
112.0	
110.0	
119.0	
117.0	
95.0	
92.0	
109.0	
97.0	
93.0	
101.0	
111.0	
112.0	
106.0	
112.0	
99.0	
101.0	
106.0	
93.0	
94.0	
110.0	
91.0	
90.0	
102.0	
95.0	
83.0	
89.0	
73.0	
80.0	
89.0	
99.0	
98.0	
85.0	
80.0	
87.0	
68.0	
75.0	
78.0	
70.0	
65.0	
66.0	
66.0	
78.0	
74.0	
57.0	
54.0	
56.0	
60.0	
72.0	
50.0	
46.0	
55.0	
58.0	
63.0	
54.0	
49.0	
46.0	
38.0	
46.0	
39.0	
34.0	
23.0	
24.0	
30.0	
35.0	
29.0	
28.0	
21.0	
20.0	
23.0	
13.0	
13.0	
13.0	
6.0	
-1.0	
-4.0	
-5.0	
1.0	
-15.0	
-8.0	
-6.0	
-20.0	
-16.0	
-15.0	
-18.0	
-23.0	
-34.0	
-18.0	
-14.0	
-31.0	
-30.0	
-35.0	
-38.0	
-45.0	
-55.0	
-36.0	
-60.0	
-61.0	
-50.0	
-36.0	
-40.0	
-45.0	
-51.0	
-49.0	
-48.0	
-62.0	
-76.0	
-67.0	
-64.0	
-77.0	
-52.0	
-54.0	
-65.0	
-67.0	
-69.0	
-70.0	
-76.0	
-80.0	
-76.0	
-68.0	
-76.0	
-84.0	
-88.0	
-84.0	
-82.0	
-90.0	
-83.0	
-97.0	
-100.0	
-95.0	
-102.0	
-90.0	
-100.0	
-100.0	
-97.0	
-97.0	
-101.0	
-110.0	
-102.0	
-101.0	
-101.0	
-92.0	
-108.0	
-105.0	
-119.0	
-116.0	
-98.0	
-121.0	
-123.0	
-102.0	
-102.0	
-101.0	
-112.0	
-107.0	
-116.0	
-121.0	
-122.0	
-125.0	
-112.0	
-108.0	
-107.0	
-118.0	
-102.0	
-104.0	
-112.0	
-110.0	
-119.0	
-120.0	
-102.0	
-106.0	
-105.0	
-112.0	
-118.0	
-113.0	
-103.0	
-102.0	
-109.0	
-119.0	
-119.0	
-105.0	
-116.0	
-123.0	
-113.0	
-116.0	
-111.0	
-111.0	
-103.0	
-116.0	
-106.0	
-106.0	
-101.0	
-112.0	
-121.0	
-115.0	
-119.0	
-113.0	
-108.0	
-111.0	
-87.0	
-79.0	
-91.0	
-89.0	
-95.0	
-92.0	
-98.0	
-101.0	
-97.0	
-85.0	
-91.0	
