31.0	
25.0	
23.0	
33.0	
21.0	
9.0	
9.0	
-2.0	
1.0	
0.0	
-16.0	
-15.0	
-3.0	
-18.0	
-30.0	
-27.0	
-24.0	
-30.0	
-38.0	
-48.0	
-44.0	
-62.0	
-58.0	
-48.0	
-54.0	
-67.0	
-77.0	
-73.0	
-72.0	
-78.0	
-85.0	
-99.0	
-117.0	
-125.0	
-116.0	
-116.0	
-119.0	
-129.0	
-119.0	
-125.0	
-135.0	
-137.0	
-140.0	
-146.0	
-144.0	
-147.0	
-158.0	
-155.0	
-152.0	
-165.0	
-196.0	
-185.0	
-190.0	
-200.0	
-186.0	
-185.0	
-198.0	
-199.0	
-204.0	
-204.0	
-205.0	
-195.0	
-212.0	
-210.0	
-216.0	
-221.0	
-224.0	
-215.0	
-225.0	
-242.0	
-222.0	
-211.0	
-223.0	
-225.0	
-227.0	
-225.0	
-223.0	
-218.0	
-227.0	
-225.0	
-226.0	
-214.0	
-210.0	
-221.0	
-219.0	
-216.0	
-199.0	
-213.0	
-218.0	
-212.0	
-212.0	
-211.0	
-209.0	
-196.0	
-185.0	
-188.0	
-202.0	
-181.0	
-190.0	
-178.0	
-177.0	
-169.0	
-165.0	
-169.0	
-158.0	
-144.0	
-140.0	
-145.0	
-146.0	
-116.0	
-118.0	
-118.0	
-127.0	
-130.0	
-105.0	
-112.0	
-109.0	
-99.0	
-103.0	
-85.0	
-84.0	
-80.0	
-79.0	
-56.0	
-59.0	
-60.0	
-47.0	
-40.0	
-31.0	
-24.0	
-9.0	
-7.0	
-11.0	
-3.0	
8.0	
18.0	
26.0	
27.0	
42.0	
54.0	
52.0	
57.0	
73.0	
80.0	
86.0	
90.0	
91.0	
90.0	
99.0	
106.0	
108.0	
113.0	
126.0	
131.0	
126.0	
130.0	
138.0	
143.0	
145.0	
166.0	
172.0	
167.0	
165.0	
184.0	
193.0	
183.0	
195.0	
187.0	
195.0	
205.0	
200.0	
204.0	
207.0	
209.0	
210.0	
208.0	
202.0	
209.0	
219.0	
225.0	
222.0	
226.0	
228.0	
228.0	
211.0	
218.0	
223.0	
219.0	
210.0	
225.0	
215.0	
212.0	
209.0	
208.0	
194.0	
185.0	
184.0	
179.0	
176.0	
180.0	
174.0	
165.0	
164.0	
153.0	
144.0	
145.0	
137.0	
138.0	
136.0	
125.0	
127.0	
125.0	
122.0	
112.0	
105.0	
114.0	
95.0	
94.0	
96.0	
78.0	
72.0	
70.0	
58.0	
73.0	
58.0	
53.0	
64.0	
51.0	
38.0	
24.0	
33.0	
42.0	
27.0	
21.0	
20.0	
11.0	
9.0	
3.0	
-2.0	
-8.0	
-6.0	
-1.0	
-24.0	
-26.0	
-23.0	
-37.0	
-25.0	
-28.0	
-37.0	
-41.0	
-43.0	
-50.0	
-47.0	
-54.0	
-70.0	
-62.0	
-63.0	
-62.0	
-67.0	
-77.0	
-77.0	
-69.0	
-73.0	
-84.0	
-76.0	
-75.0	
-97.0	
-105.0	
-101.0	
-95.0	
-99.0	
-102.0	
-101.0	
-93.0	
-101.0	
-102.0	
-114.0	
-129.0	
-122.0	
-125.0	
-119.0	
-128.0	
-115.0	
-114.0	
-108.0	
-102.0	
-115.0	
-125.0	
-113.0	
-114.0	
-128.0	
-123.0	
-116.0	
-121.0	
-111.0	
-119.0	
-112.0	
-115.0	
-109.0	
-105.0	
-115.0	
-100.0	
-106.0	
-108.0	
-90.0	
-98.0	
-114.0	
-110.0	
-118.0	
-94.0	
-99.0	
-100.0	
-95.0	
-90.0	
-94.0	
-90.0	
-98.0	
-90.0	
-92.0	
-94.0	
-90.0	
-89.0	
-86.0	
-87.0	
-90.0	
-102.0	
-109.0	
-100.0	
-85.0	
-102.0	
-105.0	
-92.0	
-83.0	
-82.0	
-92.0	
-84.0	
-69.0	
-83.0	
-86.0	
-82.0	
-81.0	
-76.0	
-67.0	
-56.0	
-83.0	
-79.0	
-73.0	
-80.0	
-60.0	
-69.0	
-70.0	
-76.0	
-77.0	
-74.0	
-59.0	
-58.0	
-64.0	
-62.0	
-60.0	
-63.0	
-61.0	
-52.0	
-42.0	
-39.0	
-43.0	
-45.0	
-45.0	
-36.0	
-38.0	
-20.0	
-11.0	
-26.0	
-36.0	
-9.0	
-13.0	
-21.0	
-6.0	
-7.0	
-15.0	
-3.0	
-8.0	
5.0	
5.0	
-3.0	
-1.0	
18.0	
16.0	
15.0	
18.0	
25.0	
25.0	
25.0	
20.0	
37.0	
34.0	
32.0	
26.0	
16.0	
39.0	
47.0	
41.0	
46.0	
44.0	
49.0	
61.0	
57.0	
73.0	
64.0	
58.0	
73.0	
67.0	
56.0	
72.0	
84.0	
78.0	
69.0	
63.0	
77.0	
74.0	
62.0	
66.0	
75.0	
76.0	
87.0	
91.0	
92.0	
89.0	
88.0	
96.0	
97.0	
94.0	
104.0	
89.0	
89.0	
91.0	
85.0	
101.0	
86.0	
76.0	
86.0	
83.0	
84.0	
81.0	
84.0	
77.0	
84.0	
83.0	
95.0	
92.0	
81.0	
75.0	
81.0	
79.0	
76.0	
82.0	
67.0	
66.0	
81.0	
74.0	
62.0	
63.0	
57.0	
57.0	
57.0	
51.0	
52.0	
53.0	
56.0	
44.0	
23.0	
26.0	
11.0	
-4.0	
-3.0	
6.0	
24.0	
39.0	
28.0	
10.0	
-9.0	
-10.0	
-17.0	
