-185.0	
-178.0	
-170.0	
-169.0	
-157.0	
-161.0	
-145.0	
-118.0	
-115.0	
-125.0	
-105.0	
-113.0	
-110.0	
-101.0	
-92.0	
-96.0	
-86.0	
-74.0	
-67.0	
-51.0	
-37.0	
-44.0	
-43.0	
-42.0	
-23.0	
-11.0	
-11.0	
-10.0	
6.0	
-4.0	
10.0	
29.0	
40.0	
32.0	
24.0	
38.0	
34.0	
43.0	
46.0	
44.0	
56.0	
57.0	
58.0	
71.0	
67.0	
73.0	
69.0	
87.0	
99.0	
100.0	
84.0	
84.0	
96.0	
109.0	
95.0	
106.0	
108.0	
119.0	
107.0	
115.0	
121.0	
134.0	
124.0	
119.0	
130.0	
134.0	
135.0	
157.0	
143.0	
145.0	
150.0	
160.0	
154.0	
160.0	
168.0	
174.0	
173.0	
172.0	
166.0	
163.0	
172.0	
174.0	
174.0	
186.0	
187.0	
181.0	
184.0	
178.0	
170.0	
190.0	
187.0	
189.0	
187.0	
184.0	
195.0	
205.0	
195.0	
191.0	
209.0	
208.0	
208.0	
221.0	
201.0	
199.0	
216.0	
220.0	
219.0	
215.0	
226.0	
223.0	
216.0	
220.0	
233.0	
241.0	
241.0	
249.0	
256.0	
255.0	
243.0	
246.0	
259.0	
274.0	
276.0	
274.0	
275.0	
276.0	
276.0	
277.0	
283.0	
296.0	
298.0	
296.0	
280.0	
290.0	
289.0	
289.0	
300.0	
299.0	
297.0	
296.0	
303.0	
306.0	
304.0	
315.0	
308.0	
309.0	
314.0	
310.0	
317.0	
328.0	
333.0	
321.0	
325.0	
318.0	
318.0	
328.0	
331.0	
344.0	
338.0	
332.0	
334.0	
328.0	
326.0	
339.0	
338.0	
339.0	
343.0	
336.0	
350.0	
356.0	
359.0	
356.0	
348.0	
351.0	
336.0	
333.0	
353.0	
354.0	
346.0	
345.0	
348.0	
362.0	
359.0	
352.0	
364.0	
346.0	
346.0	
350.0	
347.0	
356.0	
353.0	
347.0	
344.0	
339.0	
332.0	
336.0	
343.0	
333.0	
340.0	
345.0	
330.0	
338.0	
327.0	
334.0	
342.0	
337.0	
322.0	
315.0	
320.0	
326.0	
329.0	
323.0	
325.0	
328.0	
320.0	
331.0	
330.0	
328.0	
322.0	
328.0	
319.0	
314.0	
329.0	
302.0	
314.0	
316.0	
308.0	
309.0	
300.0	
290.0	
286.0	
286.0	
283.0	
277.0	
270.0	
284.0	
273.0	
270.0	
264.0	
245.0	
251.0	
245.0	
235.0	
235.0	
222.0	
221.0	
218.0	
214.0	
211.0	
202.0	
201.0	
192.0	
186.0	
179.0	
168.0	
175.0	
175.0	
161.0	
153.0	
144.0	
138.0	
143.0	
136.0	
132.0	
129.0	
113.0	
112.0	
109.0	
105.0	
102.0	
96.0	
90.0	
84.0	
76.0	
72.0	
64.0	
55.0	
60.0	
58.0	
65.0	
60.0	
64.0	
53.0	
55.0	
57.0	
49.0	
47.0	
44.0	
46.0	
49.0	
46.0	
42.0	
32.0	
28.0	
33.0	
28.0	
32.0	
37.0	
34.0	
29.0	
32.0	
36.0	
26.0	
23.0	
27.0	
25.0	
21.0	
20.0	
20.0	
14.0	
7.0	
7.0	
5.0	
8.0	
4.0	
-2.0	
-3.0	
-1.0	
-13.0	
-9.0	
-6.0	
-2.0	
-5.0	
-5.0	
-3.0	
-2.0	
4.0	
0.0	
5.0	
15.0	
3.0	
-4.0	
2.0	
-2.0	
0.0	
2.0	
13.0	
24.0	
25.0	
29.0	
33.0	
41.0	
36.0	
19.0	
29.0	
32.0	
30.0	
39.0	
34.0	
35.0	
33.0	
39.0	
46.0	
54.0	
47.0	
35.0	
54.0	
66.0	
73.0	
63.0	
77.0	
81.0	
79.0	
73.0	
62.0	
65.0	
74.0	
81.0	
79.0	
57.0	
79.0	
74.0	
71.0	
95.0	
70.0	
78.0	
73.0	
87.0	
91.0	
94.0	
91.0	
91.0	
101.0	
99.0	
103.0	
94.0	
105.0	
101.0	
114.0	
119.0	
117.0	
117.0	
111.0	
102.0	
107.0	
110.0	
119.0	
127.0	
125.0	
124.0	
109.0	
124.0	
136.0	
132.0	
132.0	
138.0	
133.0	
131.0	
125.0	
120.0	
136.0	
135.0	
136.0	
131.0	
132.0	
148.0	
144.0	
148.0	
149.0	
134.0	
139.0	
129.0	
136.0	
130.0	
136.0	
139.0	
137.0	
137.0	
133.0	
147.0	
146.0	
145.0	
158.0	
159.0	
150.0	
155.0	
166.0	
150.0	
149.0	
146.0	
150.0	
139.0	
152.0	
148.0	
135.0	
128.0	
140.0	
136.0	
131.0	
147.0	
142.0	
130.0	
135.0	
151.0	
142.0	
144.0	
155.0	
153.0	
150.0	
143.0	
137.0	
138.0	
150.0	
139.0	
131.0	
128.0	
131.0	
128.0	
129.0	
132.0	
131.0	
124.0	
120.0	
124.0	
123.0	
114.0	
127.0	
124.0	
111.0	
119.0	
121.0	
112.0	
120.0	
121.0	
99.0	
99.0	
108.0	
107.0	
100.0	
100.0	
97.0	
85.0	
82.0	
94.0	
92.0	
89.0	
85.0	
65.0	
69.0	
75.0	
81.0	
76.0	
77.0	
89.0	
80.0	
72.0	
74.0	
75.0	
65.0	
53.0	
58.0	
48.0	
54.0	
54.0	
55.0	
51.0	
42.0	
34.0	
41.0	
42.0	
46.0	
35.0	
25.0	
30.0	
30.0	
36.0	
24.0	
17.0	
9.0	
10.0	
9.0	
8.0	
6.0	
-8.0	
-11.0	
-10.0	
-11.0	
-15.0	
-17.0	
-24.0	
-15.0	
-20.0	
-34.0	
-33.0	
-44.0	
-44.0	
-42.0	
-38.0	
-40.0	
