-339.0	
-366.0	
-394.0	
-423.0	
-458.0	
-483.0	
-522.0	
-558.0	
-574.0	
-601.0	
-629.0	
-669.0	
-698.0	
-718.0	
-734.0	
-775.0	
-803.0	
-829.0	
-850.0	
-867.0	
-890.0	
-922.0	
-939.0	
-969.0	
-1002.0	
-1005.0	
-1009.0	
-1031.0	
-1050.0	
-1064.0	
-1082.0	
-1098.0	
-1107.0	
-1115.0	
-1128.0	
-1117.0	
-1122.0	
-1125.0	
-1125.0	
-1140.0	
-1136.0	
-1128.0	
-1131.0	
-1134.0	
-1116.0	
-1105.0	
-1120.0	
-1104.0	
-1093.0	
-1087.0	
-1071.0	
-1073.0	
-1048.0	
-1020.0	
-1010.0	
-997.0	
-974.0	
-954.0	
-935.0	
-922.0	
-904.0	
-877.0	
-871.0	
-843.0	
-815.0	
-789.0	
-758.0	
-744.0	
-712.0	
-694.0	
-675.0	
-657.0	
-629.0	
-606.0	
-585.0	
-550.0	
-520.0	
-509.0	
-483.0	
-440.0	
-405.0	
-395.0	
-376.0	
-352.0	
-318.0	
-296.0	
-261.0	
-231.0	
-197.0	
-175.0	
-156.0	
-120.0	
-89.0	
-53.0	
-23.0	
4.0	
28.0	
57.0	
88.0	
101.0	
137.0	
171.0	
201.0	
219.0	
245.0	
269.0	
302.0	
329.0	
347.0	
370.0	
418.0	
428.0	
432.0	
477.0	
501.0	
508.0	
537.0	
573.0	
573.0	
600.0	
629.0	
642.0	
674.0	
698.0	
711.0	
737.0	
746.0	
751.0	
778.0	
804.0	
815.0	
827.0	
840.0	
863.0	
874.0	
888.0	
892.0	
900.0	
915.0	
922.0	
931.0	
944.0	
950.0	
949.0	
955.0	
951.0	
957.0	
960.0	
944.0	
954.0	
966.0	
979.0	
972.0	
993.0	
981.0	
965.0	
955.0	
965.0	
954.0	
953.0	
951.0	
948.0	
939.0	
914.0	
921.0	
908.0	
883.0	
882.0	
873.0	
871.0	
873.0	
860.0	
848.0	
836.0	
822.0	
826.0	
801.0	
801.0	
785.0	
763.0	
757.0	
738.0	
721.0	
723.0	
707.0	
702.0	
681.0	
676.0	
671.0	
653.0	
634.0	
622.0	
609.0	
600.0	
586.0	
574.0	
551.0	
550.0	
514.0	
511.0	
516.0	
495.0	
472.0	
463.0	
454.0	
438.0	
432.0	
390.0	
389.0	
390.0	
355.0	
354.0	
349.0	
330.0	
314.0	
305.0	
289.0	
256.0	
247.0	
240.0	
210.0	
198.0	
195.0	
184.0	
149.0	
129.0	
137.0	
120.0	
85.0	
79.0	
61.0	
35.0	
33.0	
8.0	
-4.0	
-26.0	
-35.0	
-49.0	
-59.0	
-67.0	
-84.0	
-105.0	
-110.0	
-142.0	
-155.0	
-172.0	
-187.0	
-198.0	
-218.0	
-228.0	
-236.0	
-255.0	
-277.0	
-288.0	
-308.0	
-327.0	
-323.0	
-340.0	
-337.0	
-354.0	
-383.0	
-388.0	
-400.0	
-394.0	
-408.0	
-424.0	
-429.0	
-426.0	
-435.0	
-464.0	
-464.0	
-471.0	
-470.0	
-484.0	
-489.0	
-497.0	
-495.0	
-510.0	
-509.0	
-509.0	
-502.0	
-514.0	
-519.0	
-519.0	
-513.0	
-499.0	
-523.0	
-513.0	
-502.0	
-518.0	
-520.0	
-500.0	
-500.0	
-511.0	
-510.0	
-507.0	
-485.0	
-493.0	
-485.0	
-467.0	
-450.0	
-465.0	
-456.0	
-436.0	
-437.0	
-434.0	
-410.0	
-403.0	
-397.0	
-382.0	
-373.0	
-364.0	
-342.0	
-338.0	
-326.0	
-311.0	
-299.0	
-286.0	
-273.0	
-264.0	
-245.0	
-223.0	
-206.0	
-199.0	
-186.0	
-174.0	
-156.0	
-131.0	
-122.0	
-100.0	
-95.0	
-82.0	
-64.0	
-64.0	
-31.0	
-23.0	
6.0	
8.0	
21.0	
38.0	
58.0	
78.0	
91.0	
106.0	
125.0	
134.0	
139.0	
153.0	
170.0	
189.0	
201.0	
219.0	
240.0	
248.0	
256.0	
263.0	
280.0	
303.0	
310.0	
342.0	
342.0	
345.0	
349.0	
371.0	
396.0	
383.0	
395.0	
416.0	
423.0	
441.0	
443.0	
438.0	
452.0	
456.0	
461.0	
472.0	
458.0	
470.0	
491.0	
501.0	
508.0	
508.0	
522.0	
517.0	
518.0	
527.0	
532.0	
539.0	
555.0	
559.0	
557.0	
557.0	
554.0	
569.0	
569.0	
572.0	
570.0	
568.0	
574.0	
573.0	
574.0	
579.0	
576.0	
579.0	
584.0	
582.0	
573.0	
586.0	
592.0	
585.0	
587.0	
589.0	
572.0	
579.0	
592.0	
588.0	
580.0	
573.0	
568.0	
587.0	
580.0	
575.0	
577.0	
561.0	
555.0	
559.0	
545.0	
559.0	
554.0	
540.0	
535.0	
538.0	
524.0	
525.0	
514.0	
500.0	
500.0	
501.0	
497.0	
502.0	
485.0	
473.0	
476.0	
461.0	
455.0	
445.0	
443.0	
445.0	
430.0	
421.0	
418.0	
412.0	
407.0	
395.0	
386.0	
379.0	
375.0	
370.0	
352.0	
345.0	
339.0	
322.0	
320.0	
324.0	
308.0	
296.0	
278.0	
274.0	
283.0	
280.0	
266.0	
262.0	
249.0	
236.0	
231.0	
230.0	
207.0	
211.0	
216.0	
186.0	
179.0	
181.0	
166.0	
157.0	
156.0	
146.0	
137.0	
129.0	
132.0	
114.0	
102.0	
101.0	
91.0	
86.0	
83.0	
70.0	
63.0	
66.0	
51.0	
33.0	
22.0	
28.0	
14.0	
0.0	
-1.0	
-16.0	
-9.0	
-17.0	
-13.0	
-33.0	
-33.0	
-40.0	
-48.0	
-46.0	
-48.0	
-59.0	
-42.0	
-52.0	
-75.0	
-75.0	
-81.0	
-88.0	
-85.0	
-94.0	
-106.0	
-115.0	
-100.0	
-91.0	
-103.0	
-124.0	
-127.0	
-120.0	
-126.0	
-137.0	
-135.0	
-134.0	
-132.0	
-134.0	
-134.0	
-141.0	
-138.0	
-140.0	
-137.0	
-135.0	
-133.0	
-147.0	
-133.0	
-140.0	
-139.0	
-119.0	
-126.0	
-126.0	
-111.0	
-107.0	
-127.0	
-125.0	
-113.0	
-111.0	
-100.0	
-95.0	
-98.0	
-98.0	
-104.0	
-89.0	
-91.0	
-95.0	
-77.0	
-67.0	
-58.0	
-58.0	
-58.0	
-52.0	
-35.0	
-41.0	
-36.0	
-25.0	
-14.0	
-24.0	
-8.0	
