28.0	
29.0	
40.0	
31.0	
34.0	
33.0	
29.0	
31.0	
53.0	
60.0	
56.0	
46.0	
51.0	
43.0	
62.0	
49.0	
53.0	
53.0	
59.0	
73.0	
73.0	
74.0	
79.0	
76.0	
78.0	
81.0	
77.0	
87.0	
93.0	
94.0	
100.0	
93.0	
94.0	
92.0	
95.0	
114.0	
125.0	
121.0	
111.0	
117.0	
116.0	
119.0	
139.0	
137.0	
138.0	
130.0	
131.0	
136.0	
144.0	
133.0	
138.0	
153.0	
150.0	
167.0	
164.0	
168.0	
160.0	
152.0	
165.0	
164.0	
167.0	
167.0	
169.0	
179.0	
179.0	
168.0	
174.0	
183.0	
177.0	
196.0	
203.0	
192.0	
194.0	
175.0	
183.0	
186.0	
176.0	
186.0	
190.0	
184.0	
185.0	
191.0	
190.0	
191.0	
196.0	
183.0	
182.0	
196.0	
197.0	
201.0	
180.0	
172.0	
185.0	
180.0	
168.0	
184.0	
173.0	
187.0	
195.0	
182.0	
192.0	
181.0	
186.0	
190.0	
189.0	
183.0	
165.0	
158.0	
177.0	
178.0	
170.0	
167.0	
170.0	
167.0	
171.0	
165.0	
168.0	
158.0	
155.0	
145.0	
137.0	
141.0	
144.0	
154.0	
134.0	
145.0	
144.0	
128.0	
134.0	
129.0	
135.0	
123.0	
112.0	
120.0	
113.0	
120.0	
129.0	
114.0	
103.0	
109.0	
114.0	
102.0	
96.0	
111.0	
108.0	
101.0	
94.0	
90.0	
88.0	
88.0	
78.0	
81.0	
88.0	
96.0	
86.0	
81.0	
77.0	
88.0	
75.0	
76.0	
70.0	
74.0	
72.0	
67.0	
58.0	
57.0	
62.0	
58.0	
44.0	
42.0	
46.0	
40.0	
31.0	
35.0	
31.0	
28.0	
36.0	
28.0	
31.0	
34.0	
29.0	
29.0	
8.0	
8.0	
14.0	
22.0	
14.0	
12.0	
11.0	
2.0	
0.0	
11.0	
1.0	
9.0	
8.0	
8.0	
-4.0	
-10.0	
-9.0	
-13.0	
-21.0	
-22.0	
-15.0	
-25.0	
-27.0	
-27.0	
-32.0	
-35.0	
-38.0	
-38.0	
-39.0	
-41.0	
-50.0	
-48.0	
-46.0	
-45.0	
-55.0	
-47.0	
-70.0	
-85.0	
-82.0	
-74.0	
-88.0	
-81.0	
-84.0	
-83.0	
-75.0	
-91.0	
-80.0	
-94.0	
-100.0	
-104.0	
-94.0	
-100.0	
-110.0	
-114.0	
-127.0	
-111.0	
-125.0	
-130.0	
-138.0	
-137.0	
-131.0	
-133.0	
-136.0	
-141.0	
-154.0	
-146.0	
-154.0	
-154.0	
-166.0	
-160.0	
-165.0	
-160.0	
-170.0	
-172.0	
-163.0	
-175.0	
-170.0	
-190.0	
-186.0	
-179.0	
-189.0	
-191.0	
-184.0	
-179.0	
-191.0	
-187.0	
-189.0	
-185.0	
-183.0	
-207.0	
-213.0	
-206.0	
-207.0	
-197.0	
-205.0	
-207.0	
-205.0	
-216.0	
-222.0	
-206.0	
-208.0	
-208.0	
-204.0	
-216.0	
-213.0	
-218.0	
-218.0	
-217.0	
-205.0	
-209.0	
-206.0	
-224.0	
-218.0	
-204.0	
-210.0	
-225.0	
-218.0	
-210.0	
-214.0	
-225.0	
-224.0	
-218.0	
-212.0	
-205.0	
-201.0	
-195.0	
-196.0	
-203.0	
-202.0	
-192.0	
-184.0	
-191.0	
-193.0	
-186.0	
-193.0	
-181.0	
-171.0	
-178.0	
-175.0	
-178.0	
-176.0	
-168.0	
-166.0	
-168.0	
-154.0	
-135.0	
-137.0	
-139.0	
-122.0	
-130.0	
-132.0	
-128.0	
-116.0	
-132.0	
-121.0	
-103.0	
-104.0	
-120.0	
-92.0	
-88.0	
-100.0	
-90.0	
-85.0	
-90.0	
-83.0	
-70.0	
-62.0	
-62.0	
-60.0	
-51.0	
-46.0	
-47.0	
-52.0	
-34.0	
-37.0	
-22.0	
-19.0	
-16.0	
-3.0	
-1.0	
9.0	
-4.0	
0.0	
7.0	
15.0	
24.0	
26.0	
14.0	
20.0	
35.0	
36.0	
43.0	
67.0	
51.0	
55.0	
52.0	
66.0	
72.0	
74.0	
91.0	
82.0	
78.0	
92.0	
104.0	
84.0	
97.0	
106.0	
93.0	
112.0	
116.0	
100.0	
108.0	
101.0	
99.0	
115.0	
125.0	
116.0	
126.0	
117.0	
116.0	
116.0	
122.0	
126.0	
127.0	
134.0	
148.0	
128.0	
128.0	
128.0	
134.0	
122.0	
145.0	
154.0	
135.0	
140.0	
132.0	
142.0	
147.0	
135.0	
131.0	
142.0	
145.0	
132.0	
139.0	
138.0	
144.0	
140.0	
137.0	
139.0	
144.0	
140.0	
122.0	
124.0	
134.0	
136.0	
125.0	
137.0	
141.0	
136.0	
143.0	
133.0	
136.0	
132.0	
138.0	
134.0	
129.0	
135.0	
132.0	
125.0	
121.0	
120.0	
120.0	
133.0	
117.0	
108.0	
126.0	
110.0	
106.0	
109.0	
113.0	
118.0	
113.0	
109.0	
100.0	
107.0	
108.0	
102.0	
105.0	
106.0	
109.0	
115.0	
103.0	
110.0	
113.0	
92.0	
92.0	
95.0	
82.0	
74.0	
70.0	
83.0	
90.0	
76.0	
82.0	
77.0	
80.0	
76.0	
79.0	
65.0	
69.0	
74.0	
73.0	
68.0	
72.0	
65.0	
59.0	
51.0	
50.0	
49.0	
51.0	
46.0	
36.0	
33.0	
28.0	
