153.0	
152.0	
147.0	
142.0	
142.0	
150.0	
163.0	
170.0	
171.0	
169.0	
167.0	
174.0	
181.0	
179.0	
183.0	
200.0	
202.0	
191.0	
197.0	
195.0	
207.0	
211.0	
215.0	
208.0	
215.0	
227.0	
229.0	
221.0	
224.0	
227.0	
223.0	
232.0	
239.0	
229.0	
235.0	
250.0	
255.0	
256.0	
250.0	
250.0	
247.0	
253.0	
255.0	
275.0	
274.0	
273.0	
270.0	
276.0	
275.0	
271.0	
280.0	
281.0	
266.0	
267.0	
284.0	
287.0	
292.0	
274.0	
271.0	
272.0	
280.0	
282.0	
277.0	
283.0	
274.0	
260.0	
274.0	
275.0	
255.0	
248.0	
252.0	
268.0	
260.0	
255.0	
257.0	
242.0	
238.0	
251.0	
246.0	
242.0	
243.0	
246.0	
239.0	
236.0	
219.0	
225.0	
219.0	
209.0	
211.0	
209.0	
198.0	
205.0	
197.0	
189.0	
193.0	
189.0	
180.0	
185.0	
176.0	
158.0	
162.0	
165.0	
153.0	
148.0	
132.0	
127.0	
127.0	
128.0	
120.0	
118.0	
119.0	
114.0	
109.0	
102.0	
105.0	
94.0	
83.0	
88.0	
73.0	
60.0	
66.0	
80.0	
63.0	
63.0	
61.0	
62.0	
65.0	
61.0	
49.0	
44.0	
45.0	
49.0	
36.0	
23.0	
24.0	
25.0	
27.0	
24.0	
32.0	
24.0	
8.0	
18.0	
24.0	
13.0	
-2.0	
-5.0	
-9.0	
0.0	
14.0	
10.0	
12.0	
12.0	
5.0	
2.0	
-2.0	
4.0	
15.0	
8.0	
5.0	
-1.0	
4.0	
8.0	
8.0	
15.0	
23.0	
7.0	
6.0	
21.0	
19.0	
6.0	
-2.0	
19.0	
24.0	
14.0	
22.0	
20.0	
22.0	
22.0	
19.0	
28.0	
13.0	
14.0	
23.0	
22.0	
22.0	
42.0	
30.0	
34.0	
33.0	
24.0	
21.0	
31.0	
50.0	
45.0	
37.0	
43.0	
35.0	
52.0	
52.0	
49.0	
58.0	
71.0	
68.0	
60.0	
65.0	
59.0	
63.0	
56.0	
66.0	
63.0	
67.0	
80.0	
90.0	
94.0	
78.0	
79.0	
93.0	
88.0	
92.0	
83.0	
93.0	
105.0	
89.0	
90.0	
116.0	
123.0	
132.0	
121.0	
115.0	
134.0	
129.0	
135.0	
148.0	
133.0	
137.0	
153.0	
155.0	
154.0	
155.0	
159.0	
167.0	
168.0	
163.0	
173.0	
168.0	
163.0	
165.0	
180.0	
180.0	
180.0	
182.0	
184.0	
192.0	
201.0	
205.0	
197.0	
205.0	
208.0	
204.0	
191.0	
194.0	
206.0	
198.0	
214.0	
230.0	
224.0	
226.0	
222.0	
221.0	
231.0	
236.0	
224.0	
222.0	
222.0	
239.0	
252.0	
234.0	
242.0	
238.0	
237.0	
242.0	
248.0	
253.0	
243.0	
244.0	
249.0	
249.0	
255.0	
255.0	
252.0	
239.0	
241.0	
248.0	
261.0	
260.0	
264.0	
248.0	
238.0	
245.0	
253.0	
252.0	
250.0	
244.0	
239.0	
248.0	
242.0	
252.0	
252.0	
247.0	
249.0	
235.0	
240.0	
244.0	
243.0	
244.0	
259.0	
250.0	
227.0	
225.0	
222.0	
222.0	
227.0	
218.0	
226.0	
219.0	
199.0	
206.0	
211.0	
195.0	
200.0	
196.0	
201.0	
196.0	
186.0	
188.0	
178.0	
187.0	
174.0	
160.0	
162.0	
157.0	
162.0	
153.0	
158.0	
146.0	
157.0	
139.0	
133.0	
139.0	
134.0	
122.0	
128.0	
133.0	
129.0	
122.0	
121.0	
115.0	
124.0	
109.0	
93.0	
93.0	
91.0	
82.0	
91.0	
95.0	
73.0	
78.0	
70.0	
64.0	
64.0	
55.0	
54.0	
53.0	
46.0	
41.0	
45.0	
40.0	
34.0	
13.0	
36.0	
31.0	
1.0	
16.0	
5.0	
0.0	
-1.0	
7.0	
-13.0	
-9.0	
-6.0	
-3.0	
1.0	
-14.0	
-26.0	
-30.0	
-25.0	
-28.0	
-33.0	
-28.0	
-25.0	
-27.0	
-23.0	
-25.0	
-34.0	
-26.0	
-34.0	
-42.0	
-42.0	
-47.0	
-44.0	
-46.0	
-41.0	
-41.0	
-48.0	
-52.0	
-60.0	
-53.0	
-53.0	
-67.0	
-66.0	
-55.0	
-61.0	
-54.0	
-47.0	
-59.0	
-62.0	
-60.0	
-62.0	
-58.0	
-55.0	
-57.0	
-53.0	
-70.0	
-66.0	
-71.0	
-77.0	
-68.0	
-61.0	
-59.0	
-60.0	
-60.0	
-51.0	
-47.0	
-60.0	
-53.0	
-24.0	
-35.0	
-35.0	
-31.0	
-17.0	
-23.0	
-33.0	
-20.0	
-31.0	
-19.0	
-26.0	
-24.0	
-27.0	
-14.0	
-13.0	
-3.0	
0.0	
0.0	
0.0	
0.0	
16.0	
21.0	
13.0	
11.0	
17.0	
14.0	
10.0	
19.0	
27.0	
27.0	
36.0	
37.0	
35.0	
33.0	
45.0	
47.0	
53.0	
51.0	
64.0	
64.0	
82.0	
80.0	
64.0	
73.0	
84.0	
81.0	
94.0	
97.0	
105.0	
109.0	
118.0	
124.0	
124.0	
123.0	
120.0	
120.0	
129.0	
131.0	
137.0	
146.0	
146.0	
128.0	
138.0	
149.0	
142.0	
132.0	
132.0	
135.0	
140.0	
141.0	
165.0	
158.0	
164.0	
167.0	
158.0	
160.0	
174.0	
169.0	
173.0	
182.0	
184.0	
195.0	
197.0	
189.0	
194.0	
179.0	
186.0	
194.0	
197.0	
201.0	
203.0	
211.0	
217.0	
204.0	
199.0	
202.0	
210.0	
210.0	
209.0	
216.0	
218.0	
216.0	
222.0	
223.0	
221.0	
214.0	
219.0	
227.0	
230.0	
228.0	
225.0	
222.0	
218.0	
229.0	
221.0	
221.0	
227.0	
238.0	
234.0	
231.0	
230.0	
230.0	
215.0	
225.0	
229.0	
216.0	
222.0	
235.0	
241.0	
228.0	
221.0	
225.0	
225.0	
213.0	
215.0	
212.0	
228.0	
217.0	
215.0	
220.0	
227.0	
221.0	
219.0	
219.0	
206.0	
204.0	
199.0	
199.0	
205.0	
194.0	
199.0	
203.0	
207.0	
206.0	
188.0	
192.0	
197.0	
201.0	
188.0	
198.0	
197.0	
192.0	
192.0	
184.0	
166.0	
177.0	
188.0	
180.0	
172.0	
167.0	
167.0	
159.0	
162.0	
159.0	
152.0	
147.0	
146.0	
143.0	
133.0	
139.0	
145.0	
141.0	
132.0	
134.0	
126.0	
130.0	
138.0	
143.0	
131.0	
136.0	
141.0	
133.0	
109.0	
116.0	
110.0	
120.0	
109.0	
115.0	
112.0	
99.0	
105.0	
113.0	
123.0	
108.0	
99.0	
108.0	
