-104.0	
-119.0	
-117.0	
-113.0	
-105.0	
-112.0	
-124.0	
-127.0	
-129.0	
-139.0	
-143.0	
-144.0	
-129.0	
-151.0	
-161.0	
-158.0	
-156.0	
-160.0	
-156.0	
-165.0	
-166.0	
-158.0	
-172.0	
-191.0	
-179.0	
-186.0	
-184.0	
-176.0	
-189.0	
-198.0	
-199.0	
-195.0	
-197.0	
-196.0	
-196.0	
-201.0	
-203.0	
-210.0	
-224.0	
-227.0	
-219.0	
-212.0	
-215.0	
-232.0	
-230.0	
-224.0	
-224.0	
-246.0	
-241.0	
-245.0	
-245.0	
-226.0	
-232.0	
-244.0	
-254.0	
-244.0	
-251.0	
-245.0	
-242.0	
-251.0	
-259.0	
-259.0	
-253.0	
-254.0	
-249.0	
-267.0	
-274.0	
-278.0	
-277.0	
-278.0	
-270.0	
-266.0	
-279.0	
-276.0	
-278.0	
-288.0	
-295.0	
-288.0	
-282.0	
-295.0	
-292.0	
-288.0	
-298.0	
-295.0	
-297.0	
-300.0	
-306.0	
-309.0	
-296.0	
-302.0	
-295.0	
-303.0	
-310.0	
-309.0	
-315.0	
-306.0	
-303.0	
-299.0	
-317.0	
-301.0	
-304.0	
-317.0	
-314.0	
-307.0	
-307.0	
-324.0	
-320.0	
-318.0	
-318.0	
-325.0	
-320.0	
-317.0	
-329.0	
-330.0	
-330.0	
-345.0	
-334.0	
-327.0	
-338.0	
-334.0	
-323.0	
-326.0	
-326.0	
-327.0	
-333.0	
-326.0	
-320.0	
-324.0	
-319.0	
-323.0	
-331.0	
-321.0	
-312.0	
-314.0	
-334.0	
-316.0	
-303.0	
-311.0	
-311.0	
-304.0	
-300.0	
-296.0	
-306.0	
-305.0	
-308.0	
-308.0	
-307.0	
-306.0	
-302.0	
-300.0	
-306.0	
-305.0	
-292.0	
-298.0	
-311.0	
-286.0	
-279.0	
-281.0	
-265.0	
-281.0	
-287.0	
-286.0	
-285.0	
-271.0	
-280.0	
-275.0	
-259.0	
-246.0	
-257.0	
-272.0	
-260.0	
-252.0	
-250.0	
-254.0	
-250.0	
-248.0	
-255.0	
-247.0	
-224.0	
-234.0	
-248.0	
-240.0	
-243.0	
-229.0	
-223.0	
-225.0	
-231.0	
-224.0	
-217.0	
-217.0	
-214.0	
-220.0	
-220.0	
-210.0	
-212.0	
-220.0	
-205.0	
-195.0	
-195.0	
-190.0	
-179.0	
-179.0	
-197.0	
-174.0	
-172.0	
-179.0	
-183.0	
-173.0	
-171.0	
-167.0	
-158.0	
-147.0	
-163.0	
-137.0	
-132.0	
-131.0	
-131.0	
-136.0	
-133.0	
-132.0	
-123.0	
-129.0	
-114.0	
-130.0	
-110.0	
-102.0	
-101.0	
-105.0	
-106.0	
-107.0	
-87.0	
-86.0	
-95.0	
-93.0	
-75.0	
-77.0	
-77.0	
-81.0	
-67.0	
-51.0	
-56.0	
-55.0	
-61.0	
-50.0	
-52.0	
-39.0	
-46.0	
-47.0	
-42.0	
-26.0	
-29.0	
-19.0	
-19.0	
-9.0	
3.0	
3.0	
-9.0	
-15.0	
-5.0	
-5.0	
-4.0	
-2.0	
0.0	
1.0	
11.0	
25.0	
29.0	
12.0	
15.0	
29.0	
39.0	
33.0	
33.0	
42.0	
34.0	
42.0	
52.0	
59.0	
65.0	
66.0	
59.0	
71.0	
93.0	
70.0	
67.0	
66.0	
84.0	
69.0	
70.0	
86.0	
90.0	
91.0	
93.0	
99.0	
99.0	
100.0	
101.0	
105.0	
105.0	
113.0	
120.0	
126.0	
122.0	
125.0	
123.0	
118.0	
127.0	
128.0	
117.0	
126.0	
138.0	
145.0	
145.0	
143.0	
142.0	
148.0	
131.0	
132.0	
158.0	
168.0	
166.0	
161.0	
160.0	
157.0	
170.0	
151.0	
161.0	
171.0	
180.0	
181.0	
170.0	
181.0	
184.0	
193.0	
181.0	
194.0	
218.0	
195.0	
187.0	
181.0	
185.0	
199.0	
195.0	
199.0	
191.0	
192.0	
198.0	
195.0	
207.0	
202.0	
206.0	
202.0	
202.0	
205.0	
205.0	
210.0	
209.0	
221.0	
208.0	
214.0	
219.0	
221.0	
233.0	
246.0	
228.0	
231.0	
228.0	
215.0	
230.0	
235.0	
234.0	
240.0	
239.0	
243.0	
234.0	
218.0	
235.0	
229.0	
224.0	
233.0	
242.0	
231.0	
234.0	
236.0	
241.0	
226.0	
224.0	
230.0	
243.0	
240.0	
235.0	
235.0	
218.0	
224.0	
233.0	
244.0	
234.0	
238.0	
232.0	
225.0	
235.0	
239.0	
232.0	
222.0	
222.0	
241.0	
224.0	
221.0	
222.0	
227.0	
220.0	
218.0	
221.0	
220.0	
224.0	
222.0	
235.0	
223.0	
223.0	
221.0	
229.0	
230.0	
215.0	
212.0	
192.0	
197.0	
198.0	
207.0	
215.0	
216.0	
221.0	
202.0	
194.0	
198.0	
203.0	
202.0	
196.0	
205.0	
203.0	
199.0	
198.0	
205.0	
199.0	
203.0	
189.0	
194.0	
198.0	
186.0	
187.0	
189.0	
185.0	
192.0	
192.0	
180.0	
186.0	
183.0	
180.0	
189.0	
169.0	
181.0	
175.0	
160.0	
172.0	
157.0	
157.0	
166.0	
167.0	
159.0	
159.0	
171.0	
157.0	
160.0	
163.0	
161.0	
159.0	
144.0	
148.0	
150.0	
144.0	
148.0	
161.0	
165.0	
149.0	
145.0	
148.0	
146.0	
152.0	
145.0	
138.0	
132.0	
131.0	
134.0	
127.0	
128.0	
128.0	
122.0	
128.0	
114.0	
120.0	
128.0	
122.0	
133.0	
130.0	
125.0	
126.0	
122.0	
122.0	
113.0	
105.0	
102.0	
103.0	
102.0	
103.0	
118.0	
106.0	
88.0	
94.0	
106.0	
95.0	
89.0	
91.0	
94.0	
84.0	
79.0	
82.0	
76.0	
71.0	
78.0	
73.0	
60.0	
67.0	
73.0	
78.0	
60.0	
49.0	
56.0	
61.0	
59.0	
52.0	
45.0	
58.0	
36.0	
31.0	
38.0	
45.0	
43.0	
41.0	
33.0	
34.0	
31.0	
35.0	
22.0	
12.0	
25.0	
23.0	
22.0	
27.0	
17.0	
16.0	
24.0	
13.0	
10.0	
10.0	
9.0	
-6.0	
-8.0	
3.0	
10.0	
-4.0	
-8.0	
-13.0	
1.0	
-8.0	
-11.0	
-17.0	
-28.0	
-31.0	
-39.0	
-39.0	
-28.0	
-32.0	
-35.0	
-20.0	
-36.0	
-44.0	
-46.0	
-59.0	
-48.0	
-46.0	
-48.0	
-54.0	
-58.0	
-58.0	
-49.0	
-60.0	
-60.0	
-54.0	
-59.0	
-62.0	
-62.0	
-62.0	
-69.0	
-75.0	
-68.0	
-61.0	
-71.0	
-77.0	
-82.0	
-87.0	
-92.0	
-88.0	
-82.0	
-92.0	
-94.0	
-92.0	
-89.0	
-92.0	
-97.0	
-98.0	
-114.0	
-96.0	
-90.0	
-96.0	
-91.0	
-90.0	
-109.0	
-102.0	
-107.0	
-106.0	
-99.0	
-86.0	
-98.0	
-120.0	
-123.0	
-112.0	
-120.0	
-118.0	
-120.0	
-126.0	
-120.0	
-131.0	
-125.0	
-120.0	
-121.0	
-134.0	
-131.0	
-121.0	
-126.0	
-128.0	
-122.0	
-141.0	
-142.0	
-138.0	
-144.0	
-136.0	
-137.0	
-141.0	
-133.0	
-142.0	
-142.0	
-136.0	
-142.0	
-149.0	
-138.0	
-139.0	
-148.0	
-143.0	
-144.0	
-144.0	
-147.0	
-158.0	
-147.0	
-148.0	
-147.0	
-142.0	
-150.0	
-166.0	
-159.0	
-153.0	
-141.0	
-137.0	
-148.0	
-148.0	
-148.0	
-147.0	
-154.0	
-145.0	
-150.0	
-145.0	
-149.0	
-144.0	
-148.0	
-132.0	
-149.0	
-160.0	
-153.0	
-151.0	
-153.0	
-153.0	
-144.0	
-149.0	
-148.0	
-156.0	
-163.0	
-157.0	
-162.0	
-161.0	
-153.0	
-138.0	
-154.0	
-157.0	
-159.0	
-168.0	
-169.0	
-162.0	
-158.0	
-153.0	
-151.0	
-163.0	
-172.0	
-154.0	
-141.0	
-149.0	
-152.0	
-146.0	
-159.0	
-160.0	
-147.0	
-149.0	
-156.0	
-147.0	
-148.0	
-157.0	
-153.0	
-166.0	
-154.0	
-142.0	
-151.0	
-152.0	
-146.0	
-135.0	
-138.0	
-135.0	
-136.0	
-131.0	
-131.0	
-120.0	
-116.0	
-120.0	
-132.0	
-122.0	
-126.0	
-127.0	
-118.0	
-128.0	
-131.0	
-125.0	
-131.0	
-127.0	
-132.0	
-141.0	
-132.0	
-117.0	
-110.0	
-112.0	
-113.0	
-104.0	
-101.0	
-106.0	
-97.0	
-90.0	
-101.0	
-99.0	
-105.0	
-112.0	
-101.0	
-99.0	
-96.0	
-95.0	
-93.0	
-99.0	
-99.0	
-100.0	
-100.0	
-78.0	
-87.0	
-91.0	
-108.0	
-107.0	
-97.0	
-83.0	
-85.0	
-77.0	
-68.0	
-67.0	
-70.0	
-76.0	
-64.0	
-71.0	
-68.0	
-72.0	
-68.0	
-65.0	
-68.0	
-70.0	
-73.0	
-57.0	
-46.0	
-69.0	
-60.0	
-48.0	
-62.0	
-70.0	
-60.0	
-43.0	
-37.0	
-35.0	
-36.0	
-39.0	
-40.0	
-45.0	
-50.0	
-46.0	
-51.0	
-47.0	
-35.0	
-23.0	
-38.0	
-53.0	
-43.0	
-15.0	
-16.0	
-22.0	
-22.0	
-28.0	
-30.0	
-18.0	
-16.0	
2.0	
-17.0	
-10.0	
-1.0	
-6.0	
-14.0	
-6.0	
-18.0	
-9.0	
9.0	
-13.0	
-21.0	
2.0	
14.0	
14.0	
1.0	
-7.0	
-1.0	
-4.0	
1.0	
7.0	
7.0	
-3.0	
2.0	
12.0	
11.0	
10.0	
6.0	
12.0	
29.0	
26.0	
10.0	
13.0	
22.0	
9.0	
27.0	
30.0	
25.0	
18.0	
18.0	
17.0	
21.0	
20.0	
18.0	
39.0	
38.0	
30.0	
38.0	
43.0	
41.0	
43.0	
34.0	
43.0	
40.0	
32.0	
46.0	
52.0	
47.0	
42.0	
46.0	
52.0	
52.0	
45.0	
52.0	
65.0	
67.0	
56.0	
64.0	
67.0	
63.0	
65.0	
83.0	
89.0	
73.0	
58.0	
55.0	
60.0	
79.0	
68.0	
61.0	
74.0	
74.0	
71.0	
80.0	
80.0	
65.0	
73.0	
65.0	
67.0	
76.0	
75.0	
82.0	
90.0	
84.0	
92.0	
89.0	
80.0	
68.0	
92.0	
109.0	
93.0	
97.0	
113.0	
98.0	
96.0	
104.0	
95.0	
100.0	
94.0	
94.0	
93.0	
93.0	
91.0	
89.0	
102.0	
104.0	
99.0	
98.0	
94.0	
100.0	
90.0	
81.0	
113.0	
108.0	
112.0	
108.0	
112.0	
110.0	
103.0	
98.0	
107.0	
103.0	
106.0	
104.0	
99.0	
107.0	
100.0	
100.0	
107.0	
109.0	
110.0	
105.0	
124.0	
114.0	
104.0	
106.0	
99.0	
108.0	
108.0	
117.0	
108.0	
107.0	
119.0	
111.0	
104.0	
115.0	
109.0	
103.0	
104.0	
105.0	
124.0	
107.0	
117.0	
103.0	
103.0	
114.0	
128.0	
119.0	
102.0	
109.0	
107.0	
102.0	
107.0	
105.0	
93.0	
115.0	
116.0	
111.0	
90.0	
95.0	
92.0	
108.0	
106.0	
95.0	
104.0	
93.0	
89.0	
97.0	
108.0	
98.0	
95.0	
111.0	
110.0	
107.0	
105.0	
102.0	
108.0	
113.0	
111.0	
104.0	
91.0	
101.0	
95.0	
95.0	
95.0	
92.0	
111.0	
107.0	
104.0	
101.0	
103.0	
101.0	
90.0	
93.0	
93.0	
91.0	
94.0	
95.0	
79.0	
91.0	
102.0	
89.0	
90.0	
87.0	
84.0	
82.0	
74.0	
71.0	
73.0	
76.0	
97.0	
88.0	
69.0	
80.0	
72.0	
73.0	
62.0	
69.0	
72.0	
65.0	
76.0	
75.0	
78.0	
72.0	
78.0	
81.0	
84.0	
71.0	
61.0	
56.0	
61.0	
75.0	
78.0	
63.0	
79.0	
57.0	
61.0	
73.0	
54.0	
66.0	
63.0	
56.0	
54.0	
46.0	
43.0	
48.0	
57.0	
49.0	
44.0	
42.0	
46.0	
45.0	
40.0	
57.0	
48.0	
37.0	
23.0	
27.0	
38.0	
32.0	
21.0	
30.0	
26.0	
31.0	
33.0	
25.0	
23.0	
25.0	
33.0	
35.0	
32.0	
29.0	
22.0	
26.0	
18.0	
8.0	
9.0	
15.0	
15.0	
11.0	
7.0	
5.0	
13.0	
9.0	
3.0	
10.0	
-1.0	
9.0	
0.0	
2.0	
1.0	
0.0	
-9.0	
-7.0	
-2.0	
-3.0	
-1.0	
-6.0	
-8.0	
-19.0	
-12.0	
-27.0	
-21.0	
-11.0	
-20.0	
-8.0	
-15.0	
-23.0	
-22.0	
-29.0	
-21.0	
-23.0	
-28.0	
-5.0	
-9.0	
-16.0	
-9.0	
-19.0	
-23.0	
-32.0	
-33.0	
-33.0	
-24.0	
-37.0	
-39.0	
-46.0	
-40.0	
-15.0	
-28.0	
-38.0	
-37.0	
-52.0	
-48.0	
-50.0	
-53.0	
-52.0	
-52.0	
-48.0	
-61.0	
-64.0	
-56.0	
-49.0	
-55.0	
-62.0	
-51.0	
-42.0	
-39.0	
-48.0	
-55.0	
-57.0	
-63.0	
-57.0	
-68.0	
-79.0	
-65.0	
-56.0	
-72.0	
-70.0	
-69.0	
-76.0	
-75.0	
-69.0	
-62.0	
-65.0	
-66.0	
-76.0	
-78.0	
-81.0	
-83.0	
-72.0	
-67.0	
-74.0	
-92.0	
-87.0	
-84.0	
-68.0	
-73.0	
-77.0	
-71.0	
-76.0	
-75.0	
-82.0	
-86.0	
-80.0	
-81.0	
-82.0	
-87.0	
-93.0	
-83.0	
-81.0	
-85.0	
-89.0	
-86.0	
-81.0	
-94.0	
-86.0	
-90.0	
-107.0	
-91.0	
-95.0	
-102.0	
-94.0	
-100.0	
-89.0	
-85.0	
-89.0	
-94.0	
-89.0	
-104.0	
-99.0	
-91.0	
-105.0	
-101.0	
-105.0	
-107.0	
-115.0	
-98.0	
-94.0	
-89.0	
-78.0	
-94.0	
-97.0	
-101.0	
-106.0	
-106.0	
-96.0	
-97.0	
-110.0	
-100.0	
-89.0	
-96.0	
-104.0	
-107.0	
-108.0	
-110.0	
-91.0	
-101.0	
-98.0	
-106.0	
-100.0	
-88.0	
-94.0	
-91.0	
-91.0	
-101.0	
-90.0	
-97.0	
-96.0	
-91.0	
-78.0	
-85.0	
-95.0	
-89.0	
-93.0	
-95.0	
-94.0	
-93.0	
-94.0	
-93.0	
-95.0	
-91.0	
-92.0	
-85.0	
-83.0	
-97.0	
-103.0	
-99.0	
-94.0	
-69.0	
-84.0	
-87.0	
-88.0	
-91.0	
-93.0	
-96.0	
-97.0	
-86.0	
-74.0	
-67.0	
-87.0	
-88.0	
-61.0	
-81.0	
-85.0	
-74.0	
-50.0	
-56.0	
-74.0	
-71.0	
-55.0	
-51.0	
-63.0	
-72.0	
-75.0	
-62.0	
-68.0	
-73.0	
-76.0	
-72.0	
-70.0	
-76.0	
-62.0	
-64.0	
-63.0	
-67.0	
-76.0	
-69.0	
-66.0	
-67.0	
-59.0	
-55.0	
-56.0	
-54.0	
-53.0	
-67.0	
-63.0	
-55.0	
-66.0	
-62.0	
-66.0	
-62.0	
-52.0	
-41.0	
-55.0	
-59.0	
-51.0	
-46.0	
-49.0	
-57.0	
-57.0	
-50.0	
-53.0	
-44.0	
-50.0	
-47.0	
-46.0	
-57.0	
-59.0	
-53.0	
-48.0	
-43.0	
-51.0	
-34.0	
-25.0	
-26.0	
-39.0	
-37.0	
-20.0	
-37.0	
-29.0	
-26.0	
-40.0	
-35.0	
-27.0	
-42.0	
-34.0	
-26.0	
-28.0	
-23.0	
-28.0	
-30.0	
-35.0	
-36.0	
-37.0	
-24.0	
-15.0	
-25.0	
-20.0	
-16.0	
-16.0	
-15.0	
-11.0	
-21.0	
-17.0	
-8.0	
-9.0	
-11.0	
-11.0	
-11.0	
-2.0	
-9.0	
-1.0	
11.0	
1.0	
-6.0	
-2.0	
5.0	
6.0	
-5.0	
3.0	
13.0	
3.0	
3.0	
9.0	
16.0	
10.0	
14.0	
15.0	
13.0	
11.0	
20.0	
20.0	
15.0	
2.0	
11.0	
12.0	
12.0	
4.0	
8.0	
17.0	
22.0	
23.0	
16.0	
29.0	
24.0	
18.0	
38.0	
38.0	
26.0	
29.0	
33.0	
27.0	
28.0	
26.0	
21.0	
16.0	
13.0	
22.0	
20.0	
21.0	
24.0	
31.0	
26.0	
26.0	
33.0	
38.0	
53.0	
53.0	
38.0	
31.0	
38.0	
37.0	
34.0	
34.0	
42.0	
46.0	
34.0	
28.0	
36.0	
41.0	
47.0	
47.0	
42.0	
37.0	
48.0	
54.0	
60.0	
62.0	
53.0	
71.0	
69.0	
51.0	
66.0	
67.0	
79.0	
79.0	
69.0	
57.0	
48.0	
53.0	
61.0	
65.0	
77.0	
77.0	
69.0	
71.0	
69.0	
71.0	
65.0	
64.0	
75.0	
72.0	
70.0	
79.0	
76.0	
68.0	
62.0	
56.0	
62.0	
67.0	
58.0	
62.0	
86.0	
80.0	
60.0	
68.0	
73.0	
70.0	
74.0	
83.0	
77.0	
68.0	
68.0	
78.0	
79.0	
73.0	
78.0	
81.0	
85.0	
81.0	
84.0	
83.0	
76.0	
83.0	
85.0	
88.0	
77.0	
69.0	
65.0	
68.0	
74.0	
78.0	
66.0	
81.0	
74.0	
60.0	
64.0	
80.0	
75.0	
67.0	
74.0	
55.0	
62.0	
74.0	
59.0	
67.0	
63.0	
68.0	
65.0	
85.0	
87.0	
79.0	
74.0	
78.0	
83.0	
85.0	
78.0	
60.0	
54.0	
81.0	
80.0	
81.0	
82.0	
80.0	
72.0	
77.0	
71.0	
80.0	
79.0	
77.0	
72.0	
74.0	
86.0	
75.0	
85.0	
93.0	
83.0	
74.0	
58.0	
69.0	
68.0	
71.0	
73.0	
65.0	
69.0	
78.0	
74.0	
69.0	
62.0	
70.0	
70.0	
75.0	
82.0	
80.0	
87.0	
86.0	
81.0	
72.0	
67.0	
64.0	
75.0	
80.0	
71.0	
78.0	
73.0	
73.0	
75.0	
79.0	
78.0	
73.0	
70.0	
62.0	
56.0	
53.0	
58.0	
68.0	
69.0	
63.0	
61.0	
52.0	
31.0	
21.0	
39.0	
53.0	
51.0	
39.0	
56.0	
55.0	
53.0	
56.0	
47.0	
58.0	
66.0	
59.0	
48.0	
54.0	
43.0	
37.0	
39.0	
44.0	
41.0	
39.0	
48.0	
44.0	
36.0	
49.0	
55.0	
40.0	
27.0	
36.0	
41.0	
42.0	
27.0	
36.0	
33.0	
36.0	
58.0	
57.0	
40.0	
40.0	
46.0	
41.0	
36.0	
27.0	
17.0	
19.0	
25.0	
22.0	
22.0	
24.0	
7.0	
18.0	
16.0	
23.0	
15.0	
11.0	
24.0	
17.0	
17.0	
21.0	
4.0	
12.0	
19.0	
14.0	
18.0	
13.0	
3.0	
6.0	
24.0	
22.0	
19.0	
20.0	
13.0	
18.0	
10.0	
21.0	
15.0	
8.0	
-3.0	
3.0	
-4.0	
9.0	
12.0	
9.0	
2.0	
-3.0	
-16.0	
-5.0	
-10.0	
-11.0	
-12.0	
-2.0	
-24.0	
-14.0	
12.0	
8.0	
-1.0	
-1.0	
-10.0	
-4.0	
-14.0	
-7.0	
-2.0	
-7.0	
-24.0	
-20.0	
-9.0	
-12.0	
-20.0	
-20.0	
-11.0	
-7.0	
-19.0	
-13.0	
-10.0	
-16.0	
-25.0	
-19.0	
-27.0	
-7.0	
-6.0	
-17.0	
-26.0	
-38.0	
-33.0	
-26.0	
-29.0	
-31.0	
-27.0	
-28.0	
-29.0	
-44.0	
-31.0	
-43.0	
-40.0	
-35.0	
-32.0	
-34.0	
-33.0	
-42.0	
-49.0	
-42.0	
-34.0	
-42.0	
-41.0	
-39.0	
-39.0	
-47.0	
-48.0	
-37.0	
-41.0	
-42.0	
-50.0	
-36.0	
-37.0	
-41.0	
-50.0	
-48.0	
-33.0	
-29.0	
-36.0	
-33.0	
-45.0	
-52.0	
-50.0	
-53.0	
-42.0	
-37.0	
-42.0	
-42.0	
-51.0	
-44.0	
-40.0	
-35.0	
-51.0	
-55.0	
-44.0	
-53.0	
-53.0	
-47.0	
-53.0	
-53.0	
-54.0	
-46.0	
-58.0	
-55.0	
-63.0	
-52.0	
-55.0	
-44.0	
-49.0	
-51.0	
-38.0	
-48.0	
-53.0	
-51.0	
-54.0	
-59.0	
-57.0	
-57.0	
-51.0	
-53.0	
-45.0	
-56.0	
-65.0	
-63.0	
-66.0	
-58.0	
-59.0	
-64.0	
-61.0	
-65.0	
-59.0	
-68.0	
-48.0	
-57.0	
-63.0	
-85.0	
-75.0	
-59.0	
-58.0	
-70.0	
-78.0	
-64.0	
-70.0	
-70.0	
-77.0	
-79.0	
-78.0	
-73.0	
-72.0	
-67.0	
-61.0	
-57.0	
-73.0	
-68.0	
-70.0	
-75.0	
-66.0	
-70.0	
-66.0	
-63.0	
-49.0	
-62.0	
-59.0	
-50.0	
-67.0	
-65.0	
-63.0	
-68.0	
-53.0	
-60.0	
-62.0	
-53.0	
-58.0	
-65.0	
-62.0	
-58.0	
-58.0	
-72.0	
-73.0	
-54.0	
-66.0	
-56.0	
-64.0	
-59.0	
-58.0	
-54.0	
-55.0	
-62.0	
-68.0	
-65.0	
-59.0	
-52.0	
-64.0	
-58.0	
-46.0	
-59.0	
-54.0	
-67.0	
-50.0	
-44.0	
-49.0	
-41.0	
-48.0	
-42.0	
-45.0	
-38.0	
-35.0	
-36.0	
-49.0	
-44.0	
-36.0	
-31.0	
-43.0	
-49.0	
-35.0	
-39.0	
-39.0	
-39.0	
-49.0	
-25.0	
-25.0	
-28.0	
-35.0	
-41.0	
-43.0	
-43.0	
-36.0	
-42.0	
-41.0	
-45.0	
-47.0	
-39.0	
-38.0	
-34.0	
-10.0	
-21.0	
-16.0	
-32.0	
-28.0	
-25.0	
-42.0	
-30.0	
-34.0	
-34.0	
-30.0	
-29.0	
-31.0	
-40.0	
-41.0	
-38.0	
-31.0	
-25.0	
-34.0	
-29.0	
-26.0	
-14.0	
-11.0	
-26.0	
-29.0	
-31.0	
-27.0	
2.0	
-8.0	
-19.0	
-14.0	
-13.0	
-14.0	
-21.0	
-18.0	
-19.0	
-19.0	
-16.0	
-17.0	
-17.0	
-9.0	
-4.0	
-1.0	
-10.0	
-9.0	
-11.0	
-12.0	
9.0	
0.0	
-8.0	
13.0	
12.0	
29.0	
4.0	
8.0	
15.0	
0.0	
-1.0	
14.0	
20.0	
11.0	
12.0	
11.0	
4.0	
5.0	
3.0	
4.0	
-1.0	
12.0	
11.0	
6.0	
6.0	
12.0	
8.0	
-1.0	
0.0	
11.0	
26.0	
7.0	
5.0	
7.0	
17.0	
18.0	
6.0	
18.0	
25.0	
24.0	
21.0	
13.0	
20.0	
23.0	
19.0	
24.0	
35.0	
38.0	
29.0	
36.0	
32.0	
21.0	
22.0	
31.0	
37.0	
36.0	
34.0	
36.0	
38.0	
25.0	
35.0	
43.0	
36.0	
45.0	
40.0	
41.0	
35.0	
40.0	
29.0	
32.0	
32.0	
28.0	
31.0	
24.0	
29.0	
22.0	
36.0	
28.0	
27.0	
36.0	
38.0	
32.0	
42.0	
50.0	
49.0	
61.0	
57.0	
49.0	
37.0	
37.0	
42.0	
37.0	
47.0	
49.0	
50.0	
49.0	
36.0	
47.0	
51.0	
56.0	
49.0	
49.0	
45.0	
54.0	
37.0	
51.0	
53.0	
48.0	
56.0	
56.0	
58.0	
60.0	
72.0	
77.0	
64.0	
74.0	
71.0	
68.0	
66.0	
47.0	
57.0	
65.0	
49.0	
55.0	
63.0	
57.0	
59.0	
65.0	
70.0	
58.0	
61.0	
70.0	
50.0	
45.0	
69.0	
69.0	
48.0	
49.0	
45.0	
47.0	
56.0	
58.0	
66.0	
56.0	
50.0	
57.0	
48.0	
41.0	
43.0	
53.0	
49.0	
50.0	
62.0	
68.0	
63.0	
58.0	
64.0	
55.0	
58.0	
59.0	
65.0	
60.0	
69.0	
70.0	
60.0	
57.0	
58.0	
61.0	
52.0	
58.0	
63.0	
57.0	
55.0	
55.0	
56.0	
60.0	
55.0	
48.0	
56.0	
46.0	
51.0	
50.0	
43.0	
40.0	
53.0	
47.0	
37.0	
53.0	
51.0	
42.0	
48.0	
73.0	
62.0	
55.0	
55.0	
45.0	
60.0	
53.0	
42.0	
47.0	
38.0	
41.0	
50.0	
48.0	
36.0	
35.0	
39.0	
40.0	
46.0	
46.0	
42.0	
55.0	
58.0	
52.0	
41.0	
43.0	
54.0	
51.0	
39.0	
51.0	
43.0	
51.0	
49.0	
40.0	
51.0	
39.0	
28.0	
40.0	
30.0	
41.0	
46.0	
31.0	
36.0	
44.0	
39.0	
43.0	
27.0	
20.0	
22.0	
23.0	
26.0	
15.0	
24.0	
16.0	
17.0	
24.0	
28.0	
35.0	
15.0	
15.0	
21.0	
19.0	
10.0	
13.0	
27.0	
23.0	
19.0	
30.0	
32.0	
11.0	
20.0	
28.0	
17.0	
18.0	
16.0	
8.0	
16.0	
14.0	
17.0	
4.0	
4.0	
6.0	
7.0	
0.0	
5.0	
3.0	
11.0	
12.0	
17.0	
22.0	
11.0	
16.0	
17.0	
10.0	
17.0	
23.0	
15.0	
10.0	
9.0	
2.0	
9.0	
18.0	
9.0	
0.0	
6.0	
2.0	
3.0	
10.0	
-7.0	
-14.0	
-8.0	
-10.0	
-8.0	
-10.0	
-19.0	
-31.0	
-24.0	
-9.0	
-15.0	
-23.0	
-23.0	
-9.0	
-11.0	
0.0	
-8.0	
-10.0	
-8.0	
-7.0	
-9.0	
-12.0	
-9.0	
0.0	
-11.0	
-12.0	
-2.0	
-4.0	
-10.0	
-2.0	
-8.0	
-14.0	
-20.0	
-19.0	
-19.0	
-14.0	
-14.0	
-9.0	
-7.0	
-4.0	
-5.0	
-6.0	
-11.0	
-17.0	
-23.0	
-34.0	
-6.0	
-10.0	
-18.0	
-13.0	
-25.0	
-33.0	
-15.0	
-15.0	
-25.0	
-24.0	
-25.0	
-31.0	
-33.0	
-21.0	
-3.0	
-26.0	
-27.0	
-29.0	
-26.0	
-19.0	
-25.0	
-29.0	
-42.0	
-23.0	
-12.0	
-24.0	
-28.0	
-14.0	
-13.0	
-17.0	
-20.0	
-29.0	
-19.0	
-24.0	
-32.0	
-23.0	
-28.0	
-31.0	
-34.0	
-43.0	
-43.0	
-33.0	
-25.0	
-30.0	
-33.0	
-39.0	
-17.0	
-29.0	
-43.0	
-32.0	
-22.0	
-37.0	
-43.0	
-22.0	
-26.0	
-31.0	
-45.0	
-39.0	
-33.0	
-29.0	
-24.0	
-48.0	
-45.0	
-38.0	
-29.0	
-36.0	
-40.0	
-43.0	
-33.0	
-34.0	
-40.0	
-39.0	
-39.0	
-38.0	
-43.0	
-34.0	
-37.0	
-32.0	
-40.0	
-30.0	
-28.0	
-33.0	
-42.0	
-39.0	
-44.0	
-23.0	
-34.0	
-34.0	
-12.0	
-34.0	
-38.0	
-27.0	
-35.0	
-30.0	
-19.0	
-32.0	
-16.0	
-22.0	
-17.0	
-15.0	
-24.0	
-19.0	
-31.0	
-28.0	
-29.0	
-29.0	
-24.0	
-24.0	
-42.0	
-50.0	
-35.0	
-46.0	
-52.0	
-35.0	
-35.0	
-31.0	
-27.0	
-35.0	
-26.0	
-28.0	
-39.0	
-18.0	
-20.0	
-39.0	
-36.0	
-32.0	
-37.0	
-34.0	
-28.0	
-15.0	
-27.0	
-41.0	
-37.0	
-29.0	
-31.0	
-40.0	
-24.0	
-33.0	
-23.0	
-38.0	
-42.0	
-29.0	
-27.0	
-38.0	
-24.0	
-14.0	
-19.0	
-18.0	
-9.0	
-19.0	
-24.0	
-6.0	
-14.0	
-17.0	
-19.0	
-13.0	
-22.0	
-31.0	
-21.0	
-9.0	
-12.0	
-29.0	
-30.0	
-19.0	
-29.0	
-22.0	
-12.0	
-20.0	
-32.0	
-34.0	
-31.0	
-28.0	
-16.0	
-11.0	
-20.0	
-16.0	
-24.0	
-16.0	
-30.0	
-29.0	
-14.0	
-10.0	
-8.0	
-8.0	
-11.0	
-22.0	
-26.0	
-30.0	
-24.0	
-22.0	
-16.0	
-14.0	
-11.0	
-15.0	
-11.0	
-7.0	
-14.0	
-16.0	
-6.0	
-5.0	
0.0	
-7.0	
2.0	
-11.0	
-4.0	
-7.0	
-18.0	
-8.0	
-10.0	
-14.0	
-3.0	
-14.0	
-9.0	
-18.0	
-7.0	
-3.0	
-15.0	
-11.0	
-3.0	
2.0	
-4.0	
-10.0	
-24.0	
-19.0	
-5.0	
-14.0	
-12.0	
-5.0	
-7.0	
-20.0	
-22.0	
-18.0	
-19.0	
-10.0	
-1.0	
-14.0	
-2.0	
-8.0	
-7.0	
4.0	
-2.0	
-7.0	
-3.0	
-9.0	
-14.0	
-5.0	
-8.0	
0.0	
-5.0	
-3.0	
-8.0	
-4.0	
-1.0	
