13.0	
18.0	
13.0	
13.0	
25.0	
26.0	
31.0	
49.0	
34.0	
44.0	
38.0	
45.0	
46.0	
48.0	
48.0	
60.0	
48.0	
56.0	
62.0	
68.0	
64.0	
68.0	
77.0	
79.0	
84.0	
90.0	
81.0	
89.0	
93.0	
89.0	
105.0	
99.0	
99.0	
102.0	
107.0	
100.0	
105.0	
107.0	
121.0	
125.0	
116.0	
110.0	
114.0	
130.0	
126.0	
117.0	
127.0	
126.0	
117.0	
124.0	
136.0	
128.0	
129.0	
139.0	
148.0	
146.0	
150.0	
158.0	
150.0	
154.0	
155.0	
154.0	
157.0	
167.0	
169.0	
179.0	
175.0	
171.0	
179.0	
189.0	
191.0	
212.0	
187.0	
177.0	
196.0	
197.0	
207.0	
199.0	
197.0	
204.0	
196.0	
206.0	
210.0	
208.0	
204.0	
208.0	
222.0	
229.0	
222.0	
212.0	
221.0	
223.0	
207.0	
214.0	
221.0	
226.0	
211.0	
224.0	
243.0	
239.0	
235.0	
236.0	
240.0	
239.0	
239.0	
236.0	
221.0	
217.0	
239.0	
230.0	
227.0	
236.0	
226.0	
220.0	
227.0	
227.0	
236.0	
230.0	
229.0	
220.0	
234.0	
237.0	
238.0	
229.0	
218.0	
216.0	
215.0	
211.0	
224.0	
220.0	
214.0	
217.0	
204.0	
206.0	
209.0	
211.0	
199.0	
208.0	
185.0	
196.0	
207.0	
192.0	
187.0	
205.0	
191.0	
188.0	
190.0	
179.0	
178.0	
167.0	
180.0	
181.0	
167.0	
173.0	
169.0	
142.0	
150.0	
165.0	
161.0	
161.0	
146.0	
143.0	
146.0	
148.0	
146.0	
145.0	
143.0	
135.0	
140.0	
124.0	
119.0	
128.0	
126.0	
113.0	
117.0	
118.0	
118.0	
113.0	
104.0	
97.0	
99.0	
86.0	
80.0	
68.0	
60.0	
75.0	
73.0	
60.0	
65.0	
61.0	
51.0	
43.0	
52.0	
34.0	
27.0	
29.0	
34.0	
29.0	
24.0	
25.0	
21.0	
15.0	
6.0	
15.0	
11.0	
3.0	
-14.0	
-4.0	
4.0	
-5.0	
-6.0	
-12.0	
-9.0	
-29.0	
-26.0	
-29.0	
-28.0	
-28.0	
-39.0	
-34.0	
-45.0	
-54.0	
-44.0	
-50.0	
-51.0	
-51.0	
-62.0	
-58.0	
-80.0	
-90.0	
-83.0	
-82.0	
-96.0	
-92.0	
-100.0	
-98.0	
-101.0	
-103.0	
-100.0	
-102.0	
-102.0	
-104.0	
-119.0	
-125.0	
-125.0	
-126.0	
-122.0	
-135.0	
-134.0	
-133.0	
-133.0	
-137.0	
-140.0	
-131.0	
-131.0	
-135.0	
-138.0	
-134.0	
-133.0	
-133.0	
-141.0	
-151.0	
-147.0	
-142.0	
-139.0	
-146.0	
-148.0	
-134.0	
-144.0	
-154.0	
-154.0	
-149.0	
-144.0	
-145.0	
-142.0	
-142.0	
-151.0	
-151.0	
-143.0	
-158.0	
-160.0	
-158.0	
-152.0	
-153.0	
-167.0	
-164.0	
-152.0	
-148.0	
-152.0	
-152.0	
-147.0	
-147.0	
-147.0	
-140.0	
-142.0	
-144.0	
-147.0	
-147.0	
-152.0	
-148.0	
-144.0	
-149.0	
-142.0	
-144.0	
-153.0	
-150.0	
-141.0	
-151.0	
-136.0	
-145.0	
-143.0	
-126.0	
-122.0	
-133.0	
-152.0	
-135.0	
-155.0	
-143.0	
-141.0	
-131.0	
-123.0	
-141.0	
-140.0	
-131.0	
-136.0	
-145.0	
-132.0	
-117.0	
-115.0	
-115.0	
-109.0	
-120.0	
-119.0	
-118.0	
-120.0	
-126.0	
-133.0	
-138.0	
-127.0	
-119.0	
-113.0	
-109.0	
-112.0	
-128.0	
-112.0	
-115.0	
-124.0	
-119.0	
-120.0	
-122.0	
-124.0	
-125.0	
-115.0	
-115.0	
-115.0	
-126.0	
-119.0	
-117.0	
-108.0	
-125.0	
-117.0	
-103.0	
-109.0	
-125.0	
-110.0	
-106.0	
-114.0	
-124.0	
-109.0	
-114.0	
-124.0	
-119.0	
-109.0	
-107.0	
-111.0	
-125.0	
-130.0	
-129.0	
-114.0	
-124.0	
-116.0	
-122.0	
-118.0	
-122.0	
-111.0	
-115.0	
-127.0	
-104.0	
-102.0	
-104.0	
-111.0	
-98.0	
-112.0	
-106.0	
-87.0	
-97.0	
-98.0	
-92.0	
-86.0	
-81.0	
-91.0	
-88.0	
-77.0	
-75.0	
-87.0	
-86.0	
-75.0	
-75.0	
-70.0	
-64.0	
-64.0	
-82.0	
-63.0	
-79.0	
-75.0	
-66.0	
-58.0	
-55.0	
-54.0	
-44.0	
-52.0	
-61.0	
-56.0	
-35.0	
-38.0	
-40.0	
-42.0	
-38.0	
-45.0	
-37.0	
-29.0	
-41.0	
-35.0	
-32.0	
-31.0	
-36.0	
-26.0	
-35.0	
-24.0	
-18.0	
-9.0	
-27.0	
-21.0	
-1.0	
-4.0	
0.0	
-2.0	
-2.0	
6.0	
7.0	
13.0	
19.0	
9.0	
0.0	
-2.0	
13.0	
29.0	
23.0	
30.0	
33.0	
40.0	
38.0	
44.0	
45.0	
52.0	
46.0	
45.0	
45.0	
54.0	
51.0	
53.0	
49.0	
47.0	
38.0	
50.0	
66.0	
65.0	
58.0	
58.0	
52.0	
52.0	
57.0	
60.0	
71.0	
66.0	
74.0	
72.0	
63.0	
56.0	
63.0	
79.0	
72.0	
75.0	
65.0	
76.0	
80.0	
67.0	
58.0	
75.0	
79.0	
63.0	
60.0	
69.0	
81.0	
87.0	
81.0	
80.0	
71.0	
80.0	
83.0	
80.0	
73.0	
91.0	
89.0	
86.0	
80.0	
79.0	
86.0	
90.0	
83.0	
75.0	
75.0	
77.0	
64.0	
82.0	
90.0	
88.0	
92.0	
84.0	
81.0	
84.0	
78.0	
69.0	
69.0	
85.0	
85.0	
75.0	
69.0	
76.0	
61.0	
68.0	
71.0	
79.0	
68.0	
70.0	
62.0	
71.0	
76.0	
67.0	
65.0	
59.0	
61.0	
65.0	
69.0	
57.0	
71.0	
71.0	
62.0	
55.0	
63.0	
73.0	
56.0	
64.0	
59.0	
52.0	
56.0	
56.0	
51.0	
48.0	
49.0	
59.0	
67.0	
51.0	
45.0	
48.0	
42.0	
34.0	
37.0	
45.0	
53.0	
45.0	
44.0	
53.0	
58.0	
41.0	
38.0	
49.0	
43.0	
39.0	
38.0	
34.0	
26.0	
34.0	
42.0	
34.0	
35.0	
48.0	
35.0	
27.0	
36.0	
39.0	
45.0	
