0.0	
-7.0	
7.0	
9.0	
13.0	
13.0	
30.0	
26.0	
22.0	
20.0	
13.0	
18.0	
26.0	
35.0	
40.0	
42.0	
40.0	
44.0	
51.0	
54.0	
49.0	
62.0	
62.0	
68.0	
79.0	
89.0	
92.0	
83.0	
100.0	
88.0	
104.0	
111.0	
95.0	
116.0	
123.0	
118.0	
106.0	
117.0	
123.0	
138.0	
136.0	
133.0	
135.0	
134.0	
145.0	
142.0	
145.0	
142.0	
156.0	
167.0	
165.0	
153.0	
155.0	
164.0	
182.0	
161.0	
171.0	
180.0	
183.0	
180.0	
180.0	
175.0	
187.0	
186.0	
194.0	
194.0	
194.0	
185.0	
178.0	
187.0	
197.0	
209.0	
210.0	
206.0	
217.0	
213.0	
217.0	
210.0	
222.0	
227.0	
220.0	
229.0	
240.0	
244.0	
236.0	
226.0	
240.0	
247.0	
244.0	
240.0	
232.0	
251.0	
242.0	
239.0	
252.0	
259.0	
248.0	
255.0	
249.0	
251.0	
252.0	
249.0	
247.0	
249.0	
245.0	
251.0	
251.0	
248.0	
263.0	
255.0	
258.0	
261.0	
262.0	
253.0	
265.0	
262.0	
258.0	
263.0	
248.0	
249.0	
257.0	
254.0	
249.0	
251.0	
246.0	
252.0	
257.0	
255.0	
238.0	
244.0	
252.0	
254.0	
246.0	
242.0	
244.0	
260.0	
251.0	
238.0	
231.0	
224.0	
224.0	
216.0	
230.0	
228.0	
215.0	
225.0	
218.0	
225.0	
226.0	
224.0	
224.0	
227.0	
220.0	
218.0	
217.0	
216.0	
212.0	
204.0	
200.0	
194.0	
192.0	
204.0	
195.0	
181.0	
175.0	
191.0	
192.0	
178.0	
177.0	
170.0	
168.0	
175.0	
169.0	
151.0	
153.0	
160.0	
168.0	
169.0	
171.0	
162.0	
145.0	
151.0	
147.0	
141.0	
127.0	
141.0	
146.0	
133.0	
132.0	
133.0	
130.0	
130.0	
128.0	
112.0	
114.0	
111.0	
109.0	
99.0	
104.0	
94.0	
98.0	
93.0	
86.0	
85.0	
80.0	
77.0	
75.0	
86.0	
73.0	
71.0	
60.0	
47.0	
51.0	
50.0	
52.0	
50.0	
47.0	
44.0	
38.0	
37.0	
42.0	
46.0	
37.0	
29.0	
32.0	
35.0	
28.0	
17.0	
24.0	
10.0	
28.0	
17.0	
1.0	
6.0	
-4.0	
-10.0	
-22.0	
-19.0	
-20.0	
-9.0	
-6.0	
-16.0	
-14.0	
-26.0	
-25.0	
-15.0	
-38.0	
-40.0	
-30.0	
-29.0	
-34.0	
-47.0	
-41.0	
-55.0	
-61.0	
-51.0	
-57.0	
-55.0	
-61.0	
-70.0	
-71.0	
-57.0	
-70.0	
-68.0	
-70.0	
-73.0	
-73.0	
-78.0	
-75.0	
-84.0	
-89.0	
-81.0	
-100.0	
-91.0	
-95.0	
-98.0	
-105.0	
-103.0	
-96.0	
-101.0	
-99.0	
-102.0	
-95.0	
-99.0	
-107.0	
-107.0	
-100.0	
-94.0	
-118.0	
-120.0	
-124.0	
-107.0	
-117.0	
-122.0	
-121.0	
-118.0	
-139.0	
-141.0	
-128.0	
-132.0	
-141.0	
-137.0	
-136.0	
-136.0	
-146.0	
-149.0	
-140.0	
-142.0	
-150.0	
-149.0	
-152.0	
-150.0	
-142.0	
-154.0	
-156.0	
-157.0	
-147.0	
-141.0	
-149.0	
-153.0	
-150.0	
-152.0	
-140.0	
-146.0	
-158.0	
-150.0	
-156.0	
-157.0	
-161.0	
-142.0	
-164.0	
-167.0	
-170.0	
-169.0	
-164.0	
-173.0	
-174.0	
-159.0	
-159.0	
-162.0	
-172.0	
-176.0	
-163.0	
-163.0	
-177.0	
-180.0	
-175.0	
-164.0	
-173.0	
-163.0	
-155.0	
-161.0	
-172.0	
-164.0	
-157.0	
-165.0	
-169.0	
-165.0	
-168.0	
-173.0	
-162.0	
-164.0	
-160.0	
-164.0	
-161.0	
-154.0	
-153.0	
-166.0	
-170.0	
-161.0	
-168.0	
-170.0	
-181.0	
-167.0	
-165.0	
-170.0	
-171.0	
-176.0	
-171.0	
-162.0	
-155.0	
-153.0	
-165.0	
-169.0	
-164.0	
-173.0	
-162.0	
-153.0	
-161.0	
-160.0	
-171.0	
-163.0	
-161.0	
-160.0	
-165.0	
-165.0	
-170.0	
-159.0	
-164.0	
-156.0	
-167.0	
-155.0	
-140.0	
-149.0	
-155.0	
-155.0	
-149.0	
-142.0	
-140.0	
-138.0	
-149.0	
-148.0	
-143.0	
-136.0	
-129.0	
-139.0	
-153.0	
-146.0	
-124.0	
-131.0	
-129.0	
-120.0	
-123.0	
-119.0	
-118.0	
-122.0	
-122.0	
-105.0	
-109.0	
-108.0	
-107.0	
-107.0	
-102.0	
-115.0	
-118.0	
-112.0	
-111.0	
-102.0	
-90.0	
-108.0	
-113.0	
-103.0	
-104.0	
-108.0	
-110.0	
-103.0	
-89.0	
-104.0	
-115.0	
-108.0	
-108.0	
-96.0	
-86.0	
-91.0	
-72.0	
-65.0	
-77.0	
-73.0	
-80.0	
-80.0	
-65.0	
-57.0	
-66.0	
-64.0	
-59.0	
-61.0	
-62.0	
-62.0	
-61.0	
-52.0	
-70.0	
-59.0	
-49.0	
-58.0	
-59.0	
-45.0	
-38.0	
-25.0	
-25.0	
-28.0	
-40.0	
-40.0	
-25.0	
-26.0	
-7.0	
-11.0	
-16.0	
-13.0	
-8.0	
-12.0	
-14.0	
-9.0	
-13.0	
-27.0	
-23.0	
-8.0	
-2.0	
-8.0	
-19.0	
-11.0	
5.0	
5.0	
9.0	
4.0	
5.0	
10.0	
21.0	
35.0	
27.0	
27.0	
38.0	
47.0	
44.0	
38.0	
23.0	
37.0	
43.0	
35.0	
33.0	
37.0	
33.0	
42.0	
55.0	
46.0	
43.0	
53.0	
47.0	
53.0	
45.0	
51.0	
64.0	
64.0	
64.0	
71.0	
66.0	
68.0	
77.0	
84.0	
81.0	
86.0	
93.0	
96.0	
95.0	
82.0	
79.0	
100.0	
103.0	
109.0	
111.0	
98.0	
101.0	
111.0	
113.0	
115.0	
118.0	
124.0	
113.0	
103.0	
111.0	
117.0	
111.0	
117.0	
112.0	
122.0	
117.0	
120.0	
130.0	
126.0	
129.0	
128.0	
121.0	
131.0	
139.0	
138.0	
142.0	
131.0	
129.0	
139.0	
141.0	
150.0	
145.0	
147.0	
142.0	
143.0	
150.0	
139.0	
145.0	
153.0	
151.0	
143.0	
140.0	
140.0	
135.0	
150.0	
160.0	
150.0	
140.0	
138.0	
163.0	
157.0	
156.0	
150.0	
146.0	
136.0	
130.0	
140.0	
134.0	
145.0	
149.0	
147.0	
143.0	
141.0	
147.0	
144.0	
146.0	
145.0	
144.0	
154.0	
165.0	
141.0	
133.0	
145.0	
147.0	
149.0	
156.0	
148.0	
139.0	
150.0	
144.0	
140.0	
155.0	
151.0	
155.0	
147.0	
140.0	
137.0	
133.0	
136.0	
138.0	
141.0	
140.0	
131.0	
126.0	
138.0	
143.0	
143.0	
146.0	
137.0	
127.0	
121.0	
138.0	
140.0	
142.0	
131.0	
129.0	
119.0	
121.0	
104.0	
99.0	
116.0	
109.0	
103.0	
115.0	
121.0	
95.0	
95.0	
108.0	
115.0	
106.0	
100.0	
89.0	
95.0	
94.0	
108.0	
91.0	
93.0	
85.0	
74.0	
93.0	
72.0	
81.0	
85.0	
72.0	
87.0	
87.0	
79.0	
81.0	
71.0	
64.0	
55.0	
53.0	
65.0	
54.0	
58.0	
57.0	
53.0	
40.0	
48.0	
42.0	
50.0	
52.0	
43.0	
51.0	
48.0	
40.0	
45.0	
38.0	
32.0	
51.0	
57.0	
50.0	
32.0	
35.0	
29.0	
25.0	
17.0	
23.0	
12.0	
2.0	
18.0	
20.0	
9.0	
3.0	
8.0	
4.0	
-6.0	
5.0	
0.0	
5.0	
0.0	
9.0	
-2.0	
-14.0	
-8.0	
-3.0	
-14.0	
-8.0	
-19.0	
-10.0	
-11.0	
-9.0	
-4.0	
-10.0	
-18.0	
