-188.0	
-208.0	
-250.0	
-280.0	
-311.0	
-360.0	
-394.0	
-428.0	
-474.0	
-512.0	
-554.0	
-585.0	
-637.0	
-659.0	
-685.0	
-727.0	
-741.0	
-772.0	
-812.0	
-833.0	
-873.0	
-895.0	
-927.0	
-965.0	
-980.0	
-1026.0	
-1049.0	
-1069.0	
-1094.0	
-1116.0	
-1135.0	
-1157.0	
-1178.0	
-1180.0	
-1197.0	
-1235.0	
-1230.0	
-1243.0	
-1250.0	
-1258.0	
-1280.0	
-1288.0	
-1293.0	
-1292.0	
-1291.0	
-1293.0	
-1290.0	
-1287.0	
-1277.0	
-1285.0	
-1270.0	
-1260.0	
-1246.0	
-1229.0	
-1224.0	
-1204.0	
-1198.0	
-1185.0	
-1154.0	
-1142.0	
-1115.0	
-1076.0	
-1062.0	
-1048.0	
-1024.0	
-995.0	
-973.0	
-955.0	
-917.0	
-884.0	
-850.0	
-814.0	
-783.0	
-774.0	
-730.0	
-687.0	
-667.0	
-639.0	
-605.0	
-552.0	
-516.0	
-503.0	
-478.0	
-450.0	
-406.0	
-376.0	
-332.0	
-304.0	
-285.0	
-246.0	
-209.0	
-183.0	
-143.0	
-111.0	
-82.0	
-55.0	
-16.0	
19.0	
40.0	
78.0	
112.0	
135.0	
182.0	
216.0	
246.0	
265.0	
309.0	
345.0	
362.0	
390.0	
419.0	
457.0	
481.0	
503.0	
550.0	
579.0	
592.0	
633.0	
656.0	
684.0	
696.0	
723.0	
740.0	
761.0	
774.0	
793.0	
834.0	
837.0	
848.0	
876.0	
904.0	
918.0	
920.0	
936.0	
943.0	
966.0	
990.0	
989.0	
1011.0	
1021.0	
1019.0	
1052.0	
1060.0	
1054.0	
1078.0	
1068.0	
1061.0	
1072.0	
1088.0	
1082.0	
1079.0	
1093.0	
1094.0	
1091.0	
1096.0	
1105.0	
1102.0	
1106.0	
1093.0	
1086.0	
1087.0	
1085.0	
1062.0	
1064.0	
1063.0	
1046.0	
1042.0	
1037.0	
1020.0	
1023.0	
1002.0	
1019.0	
999.0	
981.0	
974.0	
963.0	
963.0	
950.0	
958.0	
940.0	
915.0	
900.0	
889.0	
868.0	
857.0	
842.0	
823.0	
814.0	
811.0	
796.0	
770.0	
760.0	
762.0	
741.0	
714.0	
704.0	
689.0	
668.0	
645.0	
630.0	
605.0	
598.0	
588.0	
568.0	
541.0	
532.0	
518.0	
495.0	
490.0	
492.0	
480.0	
442.0	
422.0	
415.0	
391.0	
365.0	
345.0	
337.0	
333.0	
314.0	
301.0	
279.0	
259.0	
255.0	
237.0	
228.0	
206.0	
186.0	
175.0	
134.0	
130.0	
123.0	
86.0	
82.0	
52.0	
50.0	
35.0	
19.0	
-1.0	
-15.0	
-28.0	
-55.0	
-74.0	
-84.0	
-97.0	
-123.0	
-142.0	
-159.0	
-180.0	
-190.0	
-203.0	
-215.0	
-240.0	
-258.0	
-269.0	
-276.0	
-286.0	
-301.0	
-323.0	
-339.0	
-344.0	
-362.0	
-381.0	
-393.0	
-395.0	
-422.0	
-430.0	
-438.0	
-439.0	
-444.0	
-459.0	
-469.0	
-494.0	
-502.0	
-504.0	
-521.0	
-515.0	
-522.0	
-531.0	
-532.0	
-546.0	
-552.0	
-545.0	
-551.0	
-567.0	
-571.0	
-563.0	
-551.0	
-564.0	
-561.0	
-570.0	
-569.0	
-566.0	
-564.0	
-560.0	
-560.0	
-558.0	
-552.0	
-547.0	
-544.0	
-541.0	
-535.0	
-513.0	
-512.0	
-505.0	
-500.0	
-490.0	
-477.0	
-472.0	
-468.0	
-452.0	
-438.0	
-416.0	
-419.0	
-410.0	
-393.0	
-386.0	
-371.0	
-354.0	
-337.0	
-323.0	
-316.0	
-298.0	
-275.0	
-262.0	
-226.0	
-228.0	
-223.0	
-204.0	
-169.0	
-158.0	
-154.0	
-142.0	
-116.0	
-93.0	
-63.0	
-58.0	
-45.0	
-34.0	
-15.0	
7.0	
25.0	
36.0	
50.0	
76.0	
96.0	
121.0	
130.0	
139.0	
165.0	
184.0	
211.0	
223.0	
246.0	
